1305031910.7695 -0.8683 0.6026 1.5627 0.8219 -0.3912 0.1615 -0.3811
1305031910.7995 -0.8674 0.61 1.5631 0.8246 -0.3835 0.1609 -0.3836
1305031910.8395 -0.8662 0.6201 1.5629 0.8281 -0.3743 0.1574 -0.3865
1305031910.8695 -0.8655 0.628 1.5626 0.8323 -0.3645 0.1537 -0.3883
1305031910.8995 -0.8649 0.636 1.5621 0.8362 -0.3558 0.1496 -0.3896
1305031910.9395 -0.8643 0.6464 1.5617 0.8369 -0.3484 0.1505 -0.3945
1305031910.9695 -0.8646 0.6551 1.5613 0.8377 -0.3402 0.1484 -0.4007
1305031910.9996 -0.8655 0.6638 1.5602 0.8423 -0.3304 0.1429 -0.4011
1305031911.0395 -0.8683 0.675 1.5597 0.8489 -0.3146 0.1336 -0.4032
1305031911.0695 -0.871 0.6837 1.5593 0.8541 -0.2993 0.1222 -0.4075
1305031911.0996 -0.8739 0.6915 1.5594 0.8588 -0.2846 0.113 -0.4108
1305031911.1395 -0.878 0.7009 1.5608 0.8619 -0.2679 0.1064 -0.4171
1305031911.1695 -0.8802 0.7079 1.5613 0.8622 -0.2577 0.1011 -0.4243
1305031911.1995 -0.8828 0.7145 1.562 0.8648 -0.2483 0.0946 -0.4261
1305031911.2395 -0.8858 0.7238 1.5628 0.866 -0.2343 0.0878 -0.4329
1305031911.2696 -0.8877 0.7305 1.5631 0.8688 -0.2245 0.0828 -0.4335
1305031911.2995 -0.8896 0.7375 1.5633 0.8705 -0.2156 0.0786 -0.4354
1305031911.3296 -0.8911 0.7444 1.5634 0.8711 -0.2074 0.0737 -0.439
1305031911.3696 -0.8932 0.7531 1.5632 0.8717 -0.1982 0.0716 -0.4424
1305031911.3995 -0.8951 0.7596 1.5635 0.8717 -0.1925 0.0699 -0.4452
1305031911.4295 -0.8965 0.7661 1.563 0.8708 -0.1875 0.0663 -0.4496
1305031911.4695 -0.8983 0.7749 1.5617 0.87 -0.1816 0.0586 -0.4546
1305031911.4996 -0.9001 0.7818 1.5603 0.8685 -0.1757 0.051 -0.4607
1305031911.5296 -0.9013 0.7875 1.559 0.8686 -0.1699 0.0425 -0.4636
1305031911.5695 -0.9034 0.7954 1.5573 0.867 -0.1639 0.0328 -0.4694
1305031911.5995 -0.905 0.8018 1.5555 0.8635 -0.1559 0.0259 -0.4789
1305031911.6295 -0.9066 0.8075 1.5535 0.8638 -0.1468 0.0218 -0.4815
1305031911.6695 -0.9089 0.8148 1.5506 0.8647 -0.132 0.0168 -0.4842
1305031911.6995 -0.9109 0.8201 1.5479 0.8657 -0.1221 0.0129 -0.4853
1305031911.7295 -0.9129 0.8253 1.5448 0.8666 -0.1114 0.0098 -0.4864
1305031911.7695 -0.9154 0.8312 1.5408 0.869 -0.0985 0.0069 -0.4848
1305031911.7995 -0.9173 0.8355 1.5376 0.8706 -0.0908 0.0048 -0.4835
1305031911.8295 -0.9188 0.8393 1.5344 0.8732 -0.0823 0.0011 -0.4804
1305031911.8695 -0.9206 0.8442 1.5305 0.876 -0.0718 -0.0083 -0.4768
1305031911.8995 -0.9216 0.847 1.5281 0.8781 -0.0643 -0.0164 -0.4738
1305031911.9295 -0.9224 0.8499 1.5259 0.88 -0.055 -0.0268 -0.471
1305031911.9695 -0.9232 0.8528 1.5232 0.8824 -0.0399 -0.0448 -0.4666
1305031911.9995 -0.9233 0.8551 1.5212 0.8842 -0.0288 -0.0603 -0.4623
1305031912.0295 -0.9224 0.8568 1.5194 0.8861 -0.0221 -0.0725 -0.4573
1305031912.0695 -0.9208 0.8588 1.5176 0.8862 -0.0144 -0.085 -0.4552
1305031912.0995 -0.9195 0.8596 1.5165 0.8876 -0.0066 -0.0892 -0.4519
1305031912.1297 -0.9185 0.86 1.5161 0.8881 0.0042 -0.0906 -0.4506
1305031912.1697 -0.9171 0.8602 1.5157 0.8872 0.0219 -0.0897 -0.4521
1305031912.1996 -0.9161 0.86 1.5156 0.8869 0.0343 -0.0873 -0.4523
1305031912.2295 -0.915 0.8597 1.5157 0.8862 0.0452 -0.0838 -0.4535
1305031912.2695 -0.9129 0.8589 1.5163 0.8838 0.0562 -0.0802 -0.4574
1305031912.2996 -0.9109 0.8577 1.5172 0.8784 0.062 -0.0785 -0.4674
1305031912.3295 -0.9086 0.8567 1.5181 0.8732 0.0666 -0.0795 -0.4761
1305031912.3695 -0.9053 0.8551 1.5192 0.8699 0.0704 -0.0811 -0.4813
1305031912.3996 -0.9029 0.8544 1.52 0.8665 0.0778 -0.0853 -0.4857
1305031912.4295 -0.9004 0.8539 1.5205 0.8655 0.0877 -0.0891 -0.485
1305031912.4695 -0.8968 0.8538 1.5208 0.8626 0.1001 -0.0945 -0.4868
1305031912.4995 -0.8936 0.8538 1.5207 0.8639 0.1081 -0.0977 -0.4821
1305031912.5296 -0.8901 0.8538 1.5205 0.864 0.1125 -0.1017 -0.4801
1305031912.5695 -0.8853 0.8538 1.52 0.8639 0.1173 -0.1102 -0.4773
1305031912.5995 -0.8817 0.8534 1.5201 0.8651 0.119 -0.1154 -0.4735
1305031912.6295 -0.8783 0.8534 1.5202 0.8647 0.1225 -0.1189 -0.4724
1305031912.6695 -0.8745 0.8532 1.5202 0.864 0.1316 -0.1243 -0.4698
1305031912.6995 -0.8725 0.8529 1.5202 0.8628 0.1401 -0.1293 -0.4682
1305031912.7295 -0.871 0.8528 1.5202 0.8622 0.1507 -0.1339 -0.4647
1305031912.7695 -0.8693 0.8527 1.5199 0.8609 0.1588 -0.1362 -0.4638
1305031912.7995 -0.868 0.8532 1.5195 0.8617 0.1608 -0.1353 -0.4618
1305031912.8295 -0.8666 0.8534 1.519 0.8629 0.1616 -0.1322 -0.4603
1305031912.8696 -0.8648 0.8535 1.5186 0.8632 0.1613 -0.1272 -0.4611
1305031912.8995 -0.8634 0.8531 1.5187 0.8645 0.1577 -0.1235 -0.461
1305031912.9295 -0.8616 0.8526 1.5187 0.8653 0.1533 -0.1195 -0.4621
1305031912.9695 -0.859 0.8511 1.5193 0.8631 0.1544 -0.1143 -0.4671
1305031912.9995 -0.8567 0.8499 1.5199 0.8617 0.1522 -0.1089 -0.4716
1305031913.0295 -0.8545 0.8487 1.5206 0.8614 0.1496 -0.1068 -0.4736
1305031913.0695 -0.8513 0.8476 1.5208 0.8608 0.1419 -0.1063 -0.4771
1305031913.0995 -0.8487 0.8472 1.5209 0.8612 0.1307 -0.1053 -0.4798
1305031913.1296 -0.8457 0.8471 1.5207 0.8626 0.1183 -0.101 -0.4814
1305031913.1695 -0.8408 0.8469 1.5196 0.8642 0.0963 -0.0947 -0.4847
1305031913.1995 -0.8371 0.8466 1.5184 0.8656 0.0794 -0.0905 -0.486
1305031913.2295 -0.8328 0.8458 1.5171 0.8667 0.0617 -0.0876 -0.4871
1305031913.2695 -0.827 0.845 1.5148 0.867 0.0351 -0.0813 -0.4903
1305031913.2995 -0.8228 0.8437 1.5132 0.8676 0.0154 -0.0758 -0.4912
1305031913.3295 -0.8191 0.842 1.5115 0.8678 -0.0031 -0.0686 -0.4922
1305031913.3695 -0.8148 0.839 1.509 0.8674 -0.0235 -0.0589 -0.4936
1305031913.3996 -0.8121 0.8364 1.5074 0.8667 -0.0393 -0.0499 -0.4949
1305031913.4295 -0.8089 0.8331 1.5062 0.8661 -0.0554 -0.0389 -0.4952
1305031913.4695 -0.8044 0.8282 1.505 0.8649 -0.085 -0.0189 -0.4943
1305031913.4996 -0.8013 0.8234 1.5039 0.8633 -0.1124 -0.0032 -0.4919
1305031913.5295 -0.7987 0.8181 1.5029 0.8622 -0.1356 0.0111 -0.488
1305031913.5695 -0.7974 0.8102 1.5025 0.8596 -0.1644 0.0291 -0.4828
1305031913.5994 -0.7951 0.8042 1.5023 0.8528 -0.1843 0.0459 -0.4865
1305031913.6295 -0.7939 0.7965 1.5025 0.8508 -0.2023 0.059 -0.4815
1305031913.6695 -0.792 0.7864 1.5024 0.8465 -0.2326 0.074 -0.4731
1305031913.6995 -0.7907 0.7782 1.503 0.8436 -0.2564 0.0835 -0.4643
1305031913.7295 -0.7894 0.7695 1.5036 0.8407 -0.2766 0.0943 -0.4559
1305031913.7695 -0.7881 0.7573 1.5049 0.8374 -0.303 0.1067 -0.4422
1305031913.7995 -0.7875 0.7475 1.5059 0.8351 -0.3225 0.1121 -0.4313
1305031913.8295 -0.7868 0.737 1.5073 0.8313 -0.3407 0.1185 -0.4229
1305031913.8695 -0.7857 0.7223 1.5089 0.8231 -0.3648 0.1272 -0.4161
1305031913.8995 -0.7852 0.7106 1.5098 0.8167 -0.384 0.1322 -0.4099
1305031913.9295 -0.7853 0.6985 1.5109 0.8108 -0.3991 0.1363 -0.4059
1305031913.9695 -0.785 0.6815 1.5122 0.803 -0.415 0.1432 -0.403
1305031913.9998 -0.7845 0.6679 1.5128 0.796 -0.4307 0.1472 -0.3989
1305031914.0295 -0.7841 0.6537 1.5136 0.788 -0.4454 0.1508 -0.3974
1305031914.0696 -0.783 0.6344 1.5142 0.7795 -0.4623 0.1566 -0.3925
1305031914.0995 -0.782 0.619 1.5147 0.7739 -0.4727 0.1618 -0.3892
1305031914.1296 -0.7806 0.6029 1.5154 0.7682 -0.4832 0.1648 -0.3862
1305031914.1695 -0.7786 0.5802 1.5165 0.7601 -0.4957 0.171 -0.3836
1305031914.1995 -0.7768 0.5626 1.5171 0.7549 -0.5033 0.1766 -0.3816
1305031914.2295 -0.7747 0.5441 1.5185 0.7478 -0.5111 0.1851 -0.3813
1305031914.2695 -0.7714 0.5186 1.5202 0.7389 -0.5164 0.2012 -0.3833
1305031914.2995 -0.7687 0.4989 1.5209 0.736 -0.518 0.2088 -0.3826
1305031914.3295 -0.7659 0.4791 1.5208 0.737 -0.5188 0.2118 -0.3778
1305031914.3695 -0.7621 0.4521 1.5196 0.7412 -0.5178 0.2094 -0.3723
1305031914.3995 -0.7596 0.4311 1.5187 0.7442 -0.5176 0.2052 -0.369
1305031914.4296 -0.757 0.4095 1.518 0.7465 -0.5165 0.2029 -0.3672
1305031914.4695 -0.7545 0.3807 1.5175 0.7488 -0.516 0.2014 -0.364
1305031914.4995 -0.753 0.359 1.5172 0.7518 -0.5138 0.203 -0.36
1305031914.5295 -0.7516 0.3373 1.5169 0.7547 -0.5119 0.2043 -0.3558
1305031914.5695 -0.7498 0.3091 1.5169 0.7576 -0.5086 0.205 -0.3541
1305031914.5995 -0.7482 0.2885 1.5163 0.7607 -0.5062 0.2067 -0.3498
1305031914.6295 -0.7462 0.2683 1.5157 0.7646 -0.5042 0.208 -0.3435
1305031914.6695 -0.7433 0.2416 1.5148 0.7665 -0.5062 0.2097 -0.3351
1305031914.6995 -0.7407 0.2225 1.5144 0.7668 -0.5059 0.2129 -0.3327
1305031914.7295 -0.7378 0.2036 1.5143 0.7679 -0.504 0.2164 -0.3308
1305031914.7695 -0.7332 0.1795 1.5135 0.7702 -0.5044 0.2163 -0.3249
1305031914.7995 -0.7295 0.1619 1.5133 0.7722 -0.5044 0.213 -0.3223
1305031914.8295 -0.7254 0.1449 1.5137 0.7738 -0.5019 0.2114 -0.3235
1305031914.8696 -0.7198 0.1225 1.5148 0.7776 -0.4963 0.208 -0.3252
1305031914.8995 -0.7156 0.1058 1.5157 0.7789 -0.4943 0.2042 -0.3276
1305031914.9294 -0.7111 0.0894 1.517 0.7798 -0.4897 0.2015 -0.3338
1305031914.9695 -0.7046 0.0673 1.5183 0.782 -0.4831 0.1988 -0.34
1305031914.9994 -0.6996 0.0503 1.5188 0.7831 -0.4819 0.1963 -0.3407
1305031915.0295 -0.6942 0.0335 1.5191 0.7838 -0.4796 0.1933 -0.3439
1305031915.0696 -0.6867 0.0106 1.5193 0.7846 -0.477 0.1908 -0.347
1305031915.0995 -0.6812 -0.0064 1.5197 0.7874 -0.4716 0.1904 -0.3483
1305031915.1295 -0.6751 -0.0235 1.5198 0.7896 -0.4636 0.1932 -0.3526
1305031915.1695 -0.6669 -0.0462 1.5211 0.7936 -0.4514 0.1975 -0.357
1305031915.1995 -0.6599 -0.0626 1.5219 0.7961 -0.4399 0.201 -0.3639
1305031915.2295 -0.6522 -0.0789 1.5226 0.7998 -0.4315 0.2008 -0.3659
1305031915.2695 -0.6406 -0.1004 1.5237 0.8047 -0.4204 0.1986 -0.369
1305031915.2995 -0.6316 -0.1162 1.5249 0.809 -0.4123 0.1921 -0.3724
1305031915.3295 -0.6217 -0.1315 1.5259 0.813 -0.4035 0.1853 -0.3767
1305031915.3695 -0.6079 -0.1516 1.5282 0.819 -0.3904 0.1765 -0.3815
1305031915.3995 -0.5969 -0.1664 1.5301 0.8237 -0.3811 0.1701 -0.3839
1305031915.4295 -0.5859 -0.1806 1.5324 0.8288 -0.3687 0.1647 -0.3874
1305031915.4695 -0.5716 -0.1992 1.536 0.838 -0.3459 0.1599 -0.3906
1305031915.4997 -0.5606 -0.2128 1.5383 0.8451 -0.3305 0.1527 -0.3915
1305031915.5295 -0.5498 -0.2264 1.5407 0.8502 -0.3186 0.1455 -0.3929
1305031915.5695 -0.5349 -0.2442 1.5442 0.856 -0.3017 0.1431 -0.3947
1305031915.5995 -0.523 -0.2573 1.547 0.8597 -0.2908 0.1458 -0.394
1305031915.6295 -0.5107 -0.2701 1.5495 0.8617 -0.285 0.1491 -0.3925
1305031915.6695 -0.4945 -0.2867 1.5527 0.8624 -0.2778 0.1519 -0.3949
1305031915.6996 -0.4821 -0.299 1.5546 0.8636 -0.2721 0.151 -0.3966
1305031915.7295 -0.4699 -0.3104 1.5559 0.8658 -0.2653 0.1443 -0.399
1305031915.7695 -0.4537 -0.3245 1.5563 0.8716 -0.2527 0.1268 -0.4004
1305031915.7994 -0.4416 -0.3351 1.5565 0.8751 -0.2425 0.1146 -0.4028
1305031915.8295 -0.4291 -0.345 1.5561 0.877 -0.2287 0.1057 -0.4092
1305031915.8695 -0.4123 -0.3576 1.555 0.8831 -0.2114 0.0932 -0.4084
1305031915.8995 -0.3989 -0.3667 1.5539 0.8867 -0.198 0.0849 -0.4091
1305031915.9298 -0.3855 -0.3754 1.5527 0.8904 -0.188 0.0781 -0.4071
1305031915.9695 -0.367 -0.3872 1.5517 0.8923 -0.178 0.0719 -0.4086
1305031915.9995 -0.3529 -0.396 1.5507 0.8942 -0.1686 0.0701 -0.4088
1305031916.0295 -0.339 -0.4053 1.5498 0.8976 -0.1587 0.0684 -0.4056
1305031916.0696 -0.3207 -0.4186 1.5508 0.8933 -0.1438 0.0705 -0.4199
1305031916.0996 -0.3072 -0.429 1.5525 0.8869 -0.1325 0.0699 -0.437
1305031916.1295 -0.2937 -0.4396 1.5543 0.8784 -0.1214 0.0656 -0.4575
1305031916.1695 -0.2757 -0.4536 1.5571 0.8686 -0.1051 0.0564 -0.481
1305031916.1995 -0.2624 -0.4632 1.5585 0.8658 -0.0933 0.0442 -0.4896
1305031916.2295 -0.249 -0.4729 1.5604 0.8615 -0.0829 0.0356 -0.4997
1305031916.2695 -0.2308 -0.4856 1.5639 -0.8537 0.0666 -0.0336 0.5153
1305031916.2995 -0.2175 -0.4935 1.5673 -0.8477 0.0557 -0.033 0.5264
1305031916.3294 -0.2043 -0.502 1.5715 -0.8415 0.0469 -0.0351 0.5371
1305031916.3697 -0.1874 -0.5127 1.5779 -0.8315 0.0357 -0.0438 0.5527
1305031916.3996 -0.1751 -0.5196 1.5837 -0.8241 0.0323 -0.0511 0.5632
1305031916.4297 -0.1634 -0.526 1.5899 -0.8171 0.0325 -0.0538 0.573
1305031916.4695 -0.1485 -0.5337 1.5982 -0.8078 0.0318 -0.0526 0.5862
1305031916.4995 -0.1376 -0.5386 1.6037 -0.8015 0.0289 -0.0476 0.5954
1305031916.5296 -0.127 -0.543 1.6087 -0.7937 0.0242 -0.0398 0.6066
1305031916.5695 -0.1129 -0.5476 1.6143 -0.7828 0.0154 -0.0286 0.6215
1305031916.5995 -0.1019 -0.5499 1.6173 -0.7796 0.0084 -0.0196 0.6259
1305031916.6295 -0.0908 -0.5513 1.6198 -0.7741 0.0024 -0.0102 0.633
1305031916.6695 -0.0744 -0.5518 1.6223 -0.7664 -0.0057 -0.0036 0.6424
1305031916.6996 -0.0619 -0.551 1.6235 -0.7602 -0.0107 -0.0002 0.6496
1305031916.7296 -0.0484 -0.5493 1.6246 -0.7552 -0.0168 0.0047 0.6553
1305031916.7695 -0.03 -0.5456 1.6263 -0.7469 -0.0209 0.0138 0.6645
1305031916.7995 -0.0164 -0.5433 1.6275 -0.7401 -0.0219 0.0208 0.6718
1305031916.8295 -0.0025 -0.5406 1.6287 -0.7337 -0.0248 0.027 0.6785
1305031916.8694 0.0153 -0.5363 1.6308 -0.7264 -0.0292 0.0358 0.6858
1305031916.8997 0.0284 -0.5329 1.6327 -0.719 -0.0322 0.0433 0.6929
1305031916.9295 0.0409 -0.5295 1.6352 -0.7117 -0.0346 0.0506 0.6998
1305031916.9695 0.0572 -0.5249 1.6395 -0.704 -0.0379 0.057 0.7069
1305031916.9995 0.0687 -0.5213 1.6435 -0.6971 -0.0394 0.0629 0.7132
1305031917.0295 0.0796 -0.5187 1.6482 -0.6875 -0.0408 0.068 0.7219
1305031917.0695 0.0937 -0.5159 1.6549 -0.6722 -0.0456 0.0709 0.7356
1305031917.0995 0.1038 -0.5139 1.6598 -0.6615 -0.0511 0.0704 0.7449
1305031917.1295 0.1137 -0.5123 1.6647 -0.6499 -0.0551 0.0689 0.7549
1305031917.1695 0.1264 -0.5108 1.6711 -0.6327 -0.057 0.0687 0.7692
1305031917.1994 0.1358 -0.5091 1.6758 -0.6218 -0.0579 0.0681 0.778
1305031917.2295 0.145 -0.5073 1.6803 -0.6134 -0.0568 0.0684 0.7847
1305031917.2695 0.1574 -0.5053 1.6863 -0.6007 -0.0557 0.0714 0.7943
1305031917.2994 0.1666 -0.5035 1.6902 -0.5935 -0.0575 0.0742 0.7993
1305031917.3295 0.1762 -0.5015 1.6931 -0.5914 -0.0593 0.0773 0.8005
1305031917.3695 0.1893 -0.4982 1.6953 -0.5904 -0.0628 0.0821 0.8005
1305031917.3995 0.1996 -0.4956 1.695 -0.5939 -0.0656 0.085 0.7973
1305031917.4295 0.2103 -0.493 1.6934 -0.6 -0.067 0.0873 0.7924
1305031917.4695 0.2253 -0.4891 1.6892 -0.6113 -0.0668 0.0894 0.7835
1305031917.4994 0.2368 -0.4861 1.684 -0.6248 -0.0676 0.091 0.7726
1305031917.5295 0.2486 -0.4834 1.6778 -0.634 -0.0699 0.0914 0.7647
1305031917.5694 0.2653 -0.48 1.6686 -0.6474 -0.0772 0.0902 0.7528
1305031917.5995 0.2783 -0.4783 1.6612 -0.6587 -0.0828 0.0923 0.7421
1305031917.6294 0.2917 -0.4769 1.6537 -0.6685 -0.0874 0.0948 0.7325
1305031917.6695 0.3103 -0.4751 1.6438 -0.6781 -0.092 0.0989 0.7225
1305031917.6995 0.3241 -0.4745 1.6365 -0.6867 -0.0941 0.1043 0.7133
1305031917.7295 0.3382 -0.4746 1.6293 -0.6949 -0.0967 0.1103 0.704
1305031917.7695 0.3568 -0.4746 1.6201 -0.7082 -0.1004 0.119 0.6886
1305031917.7995 0.3706 -0.475 1.6131 -0.7209 -0.1023 0.1248 0.674
1305031917.8295 0.384 -0.4756 1.6067 -0.7317 -0.1058 0.1305 0.6606
1305031917.8694 0.4016 -0.4764 1.5981 -0.7464 -0.1121 0.1351 0.642
1305031917.8995 0.4149 -0.4768 1.5921 -0.7572 -0.1158 0.1354 0.6284
1305031917.9294 0.4285 -0.4774 1.5863 -0.7703 -0.1197 0.1372 0.6111
1305031917.9695 0.4465 -0.478 1.5794 -0.7852 -0.1256 0.1389 0.5902
1305031917.9995 0.4602 -0.4776 1.5744 -0.7924 -0.1289 0.1389 0.5798
1305031918.0295 0.4737 -0.4774 1.569 -0.8016 -0.1358 0.139 0.5654
1305031918.0695 0.4923 -0.4766 1.5618 -0.81 -0.1487 0.1381 0.5502
1305031918.0995 0.5064 -0.4766 1.5567 -0.813 -0.1577 0.1406 0.5425
1305031918.1296 0.5206 -0.4758 1.5515 -0.8178 -0.1678 0.1417 0.532
1305031918.1695 0.5412 -0.4739 1.5448 -0.8237 -0.1752 0.1408 0.5206
1305031918.1995 0.5571 -0.472 1.5394 -0.8275 -0.1787 0.1399 0.5135
1305031918.2294 0.5736 -0.4694 1.5335 -0.8331 -0.1839 0.1379 0.5032
1305031918.2694 0.5964 -0.465 1.5249 0.8396 0.1914 -0.1328 -0.4908
1305031918.2995 0.6136 -0.4612 1.5175 0.8454 0.1984 -0.1283 -0.4791
1305031918.3295 0.6317 -0.4567 1.5101 0.8508 0.2057 -0.122 -0.4679
1305031918.3695 0.6562 -0.4497 1.5004 0.8558 0.2117 -0.1153 -0.4577
1305031918.3995 0.6751 -0.4434 1.4931 0.8615 0.2158 -0.1088 -0.4466
1305031918.4294 0.6943 -0.4365 1.4856 0.8677 0.2189 -0.1027 -0.4344
1305031918.4695 0.7207 -0.4268 1.4766 0.8733 0.2204 -0.0954 -0.4238
1305031918.4994 0.7411 -0.4192 1.4705 0.8758 0.2214 -0.0885 -0.4197
1305031918.5295 0.7615 -0.4109 1.465 0.8781 0.2228 -0.0836 -0.4152
1305031918.5694 0.7885 -0.3985 1.4584 0.8828 0.2231 -0.0794 -0.4057
1305031918.5995 0.8084 -0.3894 1.4547 0.8843 0.223 -0.0775 -0.4029
1305031918.6295 0.8277 -0.3802 1.4522 0.8857 0.2267 -0.0758 -0.398
1305031918.6694 0.8528 -0.3681 1.4501 0.8868 0.2334 -0.0756 -0.3917
1305031918.6994 0.8709 -0.359 1.4497 0.8875 0.2369 -0.0777 -0.3874
1305031918.7694 0.9119 -0.339 1.4513 0.8839 0.254 -0.0724 -0.3859
1305031918.7994 0.929 -0.3305 1.4526 0.8803 0.2654 -0.0653 -0.3879
1305031918.8294 0.9455 -0.3221 1.454 0.8766 0.2756 -0.0611 -0.3898
1305031918.8695 0.9664 -0.3107 1.456 0.8699 0.2925 -0.0579 -0.3929
1305031918.8995 0.9814 -0.302 1.4575 0.8638 0.3069 -0.0578 -0.3954
1305031918.9294 0.9953 -0.2932 1.4589 0.8576 0.3214 -0.0608 -0.3969
1305031918.9694 1.0133 -0.2812 1.46 0.8488 0.342 -0.0639 -0.398
1305031918.9995 1.0262 -0.2719 1.4603 0.8421 0.3561 -0.0679 -0.3994
1305031919.0294 1.0387 -0.2621 1.4597 0.8362 0.3691 -0.0738 -0.3989
1305031919.0694 1.0551 -0.2486 1.4581 0.8297 0.3864 -0.0809 -0.3946
1305031919.0994 1.0674 -0.2381 1.4566 0.8235 0.399 -0.0861 -0.394
1305031919.1295 1.0794 -0.2276 1.4547 0.8183 0.4099 -0.0902 -0.3927
1305031919.1694 1.0958 -0.2138 1.4522 0.8121 0.4241 -0.0964 -0.389
1305031919.1995 1.1084 -0.2043 1.4502 0.8074 0.4367 -0.1014 -0.3836
1305031919.2294 1.1208 -0.1948 1.4481 0.7985 0.4512 -0.1093 -0.3833
1305031919.2695 1.1384 -0.1832 1.446 0.7854 0.4735 -0.1184 -0.3807
1305031919.2994 1.1524 -0.1745 1.4453 0.7764 0.4853 -0.1268 -0.3816
1305031919.3294 1.1667 -0.1663 1.4447 0.769 0.4952 -0.1369 -0.3803
1305031919.3694 1.1865 -0.1557 1.4442 0.7608 0.5094 -0.1466 -0.3746
1305031919.3994 1.2016 -0.1482 1.4446 0.7544 0.5178 -0.1547 -0.3726
1305031919.4294 1.2174 -0.1411 1.4454 0.7488 0.5272 -0.1618 -0.3677
1305031919.4694 1.2384 -0.1317 1.4478 0.7417 0.5385 -0.167 -0.3633
1305031919.4994 1.2538 -0.1244 1.4504 0.7386 0.5432 -0.1703 -0.3612
1305031919.5294 1.2692 -0.1172 1.454 0.7356 0.5453 -0.1723 -0.3631
1305031919.5695 1.2895 -0.1067 1.4604 0.7306 0.5493 -0.1754 -0.3657
1305031919.5994 1.3039 -0.098 1.4659 0.7275 0.5518 -0.1795 -0.366
1305031919.6295 1.3178 -0.0888 1.472 0.722 0.5539 -0.1874 -0.3698
1305031919.6695 1.3345 -0.0751 1.4799 0.7166 0.5546 -0.1971 -0.3743
1305031919.6994 1.3461 -0.0642 1.4857 0.7139 0.5543 -0.2 -0.3783
1305031919.7294 1.3565 -0.0527 1.4914 0.7101 0.5523 -0.2041 -0.386
1305031919.7696 1.3676 -0.037 1.4977 0.7065 0.5517 -0.2134 -0.3884
1305031919.7995 1.3745 -0.0246 1.5017 0.7025 0.5518 -0.2257 -0.3887
1305031919.8294 1.3794 -0.0116 1.5052 0.6981 0.5543 -0.2397 -0.3846
1305031919.8694 1.3834 0.0063 1.5092 0.6955 0.5577 -0.2569 -0.3732
1305031919.8995 1.3854 0.0199 1.5124 0.6926 0.5571 -0.2683 -0.3713
1305031919.9294 1.3866 0.0339 1.5149 0.6902 0.5561 -0.2787 -0.3697
1305031919.9694 1.3871 0.0524 1.5171 0.6888 0.553 -0.2913 -0.3672
1305031919.9994 1.3866 0.066 1.5179 0.6853 0.5505 -0.3033 -0.3678
1305031920.0295 1.3858 0.0797 1.5177 0.6822 0.5515 -0.3148 -0.3624
1305031920.0694 1.3834 0.0981 1.5167 0.6762 0.5525 -0.3316 -0.3571
1305031920.0995 1.381 0.1119 1.5153 0.671 0.5541 -0.3424 -0.3543
1305031920.1295 1.3781 0.1259 1.5134 0.6673 0.5565 -0.3492 -0.3508
1305031920.1694 1.373 0.1447 1.5106 0.6634 0.5579 -0.355 -0.3502
1305031920.1994 1.3688 0.1591 1.5083 0.6646 0.5587 -0.3518 -0.3499
1305031920.2294 1.3642 0.173 1.5064 0.6673 0.5547 -0.3488 -0.354
1305031920.2694 1.3579 0.1912 1.5041 0.6705 0.5471 -0.3451 -0.3633
1305031920.2994 1.353 0.2041 1.5027 0.6761 0.5389 -0.3398 -0.37
1305031920.3294 1.3471 0.2169 1.5017 0.6812 0.5278 -0.3377 -0.3787
1305031920.3695 1.3402 0.2333 1.5006 0.6921 0.5127 -0.3295 -0.3867
1305031920.3994 1.3352 0.2451 1.5002 0.6992 0.5013 -0.3232 -0.3942
1305031920.4294 1.3303 0.2561 1.5005 0.7047 0.4901 -0.3178 -0.4027
1305031920.4695 1.324 0.2695 1.5019 0.7099 0.4781 -0.3116 -0.4127
1305031920.4994 1.3196 0.2789 1.5038 0.7119 0.4694 -0.3083 -0.4216
1305031920.5294 1.3154 0.2876 1.5062 0.7138 0.4629 -0.3049 -0.4281
1305031920.5694 1.3093 0.299 1.5099 0.7136 0.4568 -0.3042 -0.4353
1305031920.6294 1.3007 0.316 1.5166 0.7158 0.4412 -0.3045 -0.4475
1305031920.6695 1.2975 0.3277 1.5212 0.7255 0.4257 -0.2942 -0.4536
1305031920.6996 1.2953 0.3363 1.5244 0.7317 0.4099 -0.2861 -0.4634
1305031920.7294 1.2938 0.3451 1.5282 0.7346 0.3944 -0.2792 -0.4762
1305031920.7701 1.2921 0.3564 1.5322 0.7403 0.3749 -0.2676 -0.4897
1305031920.7996 1.2914 0.3641 1.536 0.7448 0.3621 -0.2588 -0.4972
1305031920.8295 1.2908 0.3718 1.54 -0.7477 -0.3527 0.2516 0.5032
1305031920.8694 1.29 0.383 1.546 -0.7504 -0.3391 0.2439 0.5124
1305031920.8994 1.2902 0.3919 1.551 -0.7536 -0.3275 0.2387 0.5175
1305031920.9294 1.29 0.401 1.556 -0.7593 -0.3146 0.2334 0.5195
1305031920.9695 1.2902 0.4138 1.5632 -0.7664 -0.2995 0.2232 0.5226
1305031920.9994 1.2906 0.424 1.5686 -0.7704 -0.2887 0.2153 0.5262
1305031921.0295 1.2915 0.4342 1.5738 -0.7732 -0.2796 0.2071 0.5302
1305031921.0694 1.2922 0.4477 1.5803 -0.7791 -0.2713 0.1944 0.5307
1305031921.0994 1.2924 0.458 1.5848 -0.7829 -0.2635 0.188 0.5313
1305031921.1294 1.2934 0.4675 1.5889 -0.7891 -0.2585 0.1778 0.5281
1305031921.1695 1.2935 0.4807 1.5938 -0.7955 -0.252 0.164 0.5261
1305031921.1995 1.2947 0.4898 1.5976 -0.7975 -0.2484 0.1533 0.5281
1305031921.2294 1.296 0.4987 1.6016 -0.7986 -0.2434 0.1443 0.5311
1305031921.2695 1.298 0.5102 1.6071 -0.7986 -0.2368 0.1355 0.5364
1305031921.2997 1.3003 0.5187 1.6112 -0.7998 -0.2331 0.1313 0.5374
1305031921.3294 1.3025 0.5269 1.6151 -0.8011 -0.2264 0.1293 0.5387
1305031921.3694 1.3058 0.5374 1.6201 -0.8037 -0.2189 0.127 0.5385
1305031921.3995 1.3084 0.5449 1.6239 -0.8056 -0.2126 0.1233 0.5392
1305031921.4294 1.3108 0.5525 1.6276 -0.8073 -0.205 0.1198 0.5402
1305031921.4694 1.3142 0.5624 1.6323 -0.8109 -0.1918 0.1163 0.5405
1305031921.4994 1.3167 0.5698 1.6357 -0.8133 -0.1816 0.1116 0.5415
1305031921.5295 1.3192 0.5771 1.6387 -0.8156 -0.1719 0.104 0.5426
1305031921.5694 1.3228 0.5868 1.6424 -0.8154 -0.1569 0.0933 0.5494
1305031921.5994 1.3258 0.5942 1.6446 -0.8167 -0.1478 0.0848 0.5513
1305031921.6294 1.329 0.6024 1.6463 -0.8198 -0.1361 0.0758 0.551
1305031921.6994 1.3376 0.6201 1.6489 -0.8273 -0.1011 0.0482 0.5506
1305031921.7294 1.3409 0.6282 1.6494 -0.83 -0.085 0.0331 0.5502
1305031921.7694 1.3444 0.638 1.6494 -0.8344 -0.0674 0.0146 0.5468
1305031921.7994 1.3462 0.6461 1.6491 -0.8355 -0.0575 0.0049 0.5465
1305031921.8294 1.348 0.6538 1.6485 -0.839 -0.0505 -0.0009 0.5418
1305031921.8694 1.3491 0.6637 1.6476 -0.8397 -0.0428 -0.0057 0.5413
1305031921.8994 1.3498 0.6715 1.6466 -0.8415 -0.0373 -0.0114 0.5389
1305031921.9294 1.35 0.6786 1.6456 -0.8447 -0.0297 -0.0173 0.5342
1305031921.9694 1.3504 0.6883 1.6445 -0.8449 -0.015 -0.0264 0.534
1305031921.9994 1.35 0.6953 1.644 -0.8462 -0.0036 -0.0354 0.5317
1305031922.0294 1.3493 0.7021 1.6435 -0.8477 0.0057 -0.0441 0.5286
1305031922.0994 1.3445 0.7158 1.6423 -0.847 0.0289 -0.0584 0.5275
1305031922.1294 1.3429 0.7229 1.6421 -0.8447 0.0347 -0.0627 0.5305
1305031922.1594 1.3412 0.7297 1.6417 -0.842 0.0413 -0.0677 0.5335
1305031922.1998 1.3372 0.734 1.6431 -0.8516 0.0536 -0.0758 0.516
1305031922.2294 1.3338 0.7379 1.6429 -0.8531 0.0608 -0.0832 0.5114
1305031922.2694 1.3292 0.7432 1.6421 -0.8546 0.0703 -0.0923 0.5062
1305031922.2994 1.3259 0.7468 1.6409 -0.8567 0.0765 -0.1 0.5002
1305031922.3294 1.3229 0.7504 1.6392 0.8577 -0.083 0.1097 -0.4954
1305031922.3695 1.3185 0.7545 1.6366 0.8589 -0.0893 0.118 -0.4903
1305031922.3994 1.3159 0.7574 1.6341 0.8597 -0.0953 0.124 -0.4862
1305031922.4695 1.3103 0.7631 1.6278 0.8634 -0.1094 0.1373 -0.4729
1305031922.4994 1.3081 0.7656 1.625 0.8639 -0.1153 0.142 -0.4692
1305031922.5294 1.3063 0.7679 1.6224 0.866 -0.1213 0.1452 -0.4628
1305031922.5694 1.3042 0.7705 1.6189 0.8668 -0.1254 0.1519 -0.4581
1305031922.5994 1.3031 0.772 1.6164 0.8677 -0.1307 0.159 -0.4525
1305031922.6694 1.3022 0.7748 1.611 0.8674 -0.1394 0.1713 -0.446
1305031922.6995 1.3026 0.7751 1.6091 0.8667 -0.1467 0.1779 -0.4423
1305031922.7294 1.3035 0.7755 1.6077 0.8638 -0.1525 0.1828 -0.4441
1305031922.7694 1.3049 0.7749 1.6066 0.8603 -0.1625 0.1881 -0.445
1305031922.7994 1.3065 0.7744 1.6056 0.8579 -0.1699 0.1916 -0.4455
1305031922.8294 1.3083 0.7732 1.6051 0.8558 -0.1764 0.1963 -0.4449
1305031922.8694 1.3108 0.7718 1.6044 0.8509 -0.1863 0.2043 -0.4467
1305031922.8994 1.313 0.7702 1.6043 0.8486 -0.1916 0.2092 -0.4465
1305031922.9694 1.3188 0.766 1.6029 0.8448 -0.2036 0.2158 -0.4453
1305031922.9994 1.3216 0.7642 1.6022 0.8444 -0.2071 0.2169 -0.4439
1305031923.0694 1.3282 0.7589 1.6008 0.841 -0.2192 0.2202 -0.4428
1305031923.0994 1.3312 0.7565 1.6003 0.8403 -0.2234 0.2231 -0.4407
1305031923.1294 1.3341 0.7539 1.5998 0.8393 -0.2283 0.2262 -0.4385
1305031923.1694 1.3377 0.7501 1.5994 0.8342 -0.2325 0.2327 -0.4426
1305031923.1994 1.34 0.747 1.5998 0.8297 -0.2349 0.2391 -0.4464
1305031923.2694 1.3465 0.7387 1.598 0.8226 -0.2512 0.2501 -0.4446
1305031923.2994 1.349 0.7347 1.5969 0.8207 -0.2604 0.2513 -0.4421
1305031923.3294 1.3515 0.7302 1.5958 0.8185 -0.2679 0.2524 -0.4412
1305031923.3694 1.3549 0.7228 1.5944 0.8185 -0.2791 0.2538 -0.4333
1305031923.3997 1.3579 0.7167 1.5931 0.8165 -0.2889 0.2544 -0.4302
1305031923.4294 1.3608 0.7099 1.5927 0.8132 -0.2984 0.2562 -0.429
1305031923.4697 1.3642 0.6998 1.5937 0.8089 -0.3099 0.259 -0.4273
1305031923.4994 1.3665 0.6914 1.5956 0.8017 -0.3147 0.2641 -0.4341
1305031923.5294 1.3682 0.6826 1.5981 0.7969 -0.3184 0.2671 -0.4384
1305031923.5694 1.3698 0.6696 1.6011 0.7914 -0.3238 0.2685 -0.4436
1305031923.5994 1.3704 0.6588 1.6038 0.7881 -0.3273 0.269 -0.4465
1305031923.6294 1.3709 0.6474 1.6061 0.7858 -0.3324 0.2676 -0.4476
1305031923.6694 1.3708 0.6311 1.6093 0.7808 -0.3396 0.2663 -0.4517
1305031923.6994 1.3704 0.6182 1.6115 0.778 -0.342 0.2678 -0.4539
1305031923.7294 1.3695 0.6053 1.6131 0.7767 -0.3453 0.2673 -0.4539
1305031923.7694 1.3677 0.5879 1.6153 0.7738 -0.3463 0.2705 -0.4561
1305031923.7994 1.3663 0.5749 1.6164 0.7749 -0.3475 0.2723 -0.4524
1305031923.8301 1.3637 0.5617 1.6175 0.7734 -0.3498 0.2734 -0.4525
1305031923.8694 1.3599 0.5437 1.6187 0.7709 -0.3452 0.2775 -0.4578
1305031923.8997 1.3566 0.53 1.6189 0.7695 -0.3407 0.2825 -0.4604
1305031923.9294 1.3533 0.5162 1.6188 0.7693 -0.3367 0.2873 -0.4606
1305031923.9695 1.3499 0.4976 1.6173 0.7722 -0.3359 0.2904 -0.4544
1305031923.9995 1.3476 0.4832 1.6165 0.7718 -0.3359 0.293 -0.4536
1305031924.0294 1.3453 0.4689 1.616 0.7677 -0.334 0.2984 -0.4583
1305031924.0694 1.3431 0.4501 1.6139 0.7671 -0.3379 0.3006 -0.455
1305031924.0994 1.3414 0.4363 1.612 0.7684 -0.3398 0.3 -0.4519
1305031924.1294 1.3396 0.423 1.6107 0.7675 -0.3362 0.3023 -0.4544
1305031924.1694 1.337 0.4053 1.6085 0.7704 -0.3353 0.3009 -0.4512
1305031924.1994 1.3351 0.3925 1.6072 0.771 -0.3314 0.2996 -0.4538
1305031924.2293 1.3326 0.3792 1.6063 0.7727 -0.3269 0.2981 -0.4552
1305031924.2694 1.3295 0.3616 1.6051 0.7748 -0.3241 0.2948 -0.4559
1305031924.2994 1.3268 0.348 1.6041 0.7764 -0.3235 0.2922 -0.4552
1305031924.3294 1.3238 0.3346 1.6032 0.7783 -0.3226 0.2892 -0.4545
1305031924.3694 1.3187 0.3169 1.6023 0.7815 -0.3173 0.2851 -0.4552
1305031924.3994 1.315 0.3042 1.6014 0.7833 -0.3125 0.2812 -0.4579
1305031924.4294 1.311 0.292 1.6007 0.785 -0.3103 0.277 -0.459
1305031924.4694 1.3048 0.2764 1.6005 0.7869 -0.3033 0.2739 -0.4624
1305031924.4994 1.3003 0.2653 1.6005 0.7879 -0.2976 0.2704 -0.4665
1305031924.5294 1.2957 0.2544 1.6005 0.7889 -0.2937 0.264 -0.4708
1305031924.5694 1.2904 0.2406 1.6008 0.79 -0.2862 0.2547 -0.4786
1305031924.6001 1.2871 0.2305 1.6005 0.7888 -0.2827 0.25 -0.4852
1305031924.6294 1.2838 0.2207 1.6002 0.7865 -0.2815 0.2466 -0.4913
1305031924.6693 1.2803 0.208 1.5989 -0.7835 0.2774 -0.2423 0.5004
1305031924.6994 1.2778 0.1985 1.5976 -0.7814 0.2749 -0.24 0.5062
1305031924.7294 1.2756 0.1892 1.5961 -0.779 0.2716 -0.2388 0.5122
1305031924.7694 1.2727 0.1766 1.5928 -0.7773 0.2703 -0.2379 0.5159
1305031924.7996 1.2708 0.1673 1.5906 -0.7774 0.2706 -0.2385 0.5153
1305031924.8307 1.268 0.1584 1.5878 -0.7752 0.2705 -0.2401 0.5179
1305031924.8694 1.2644 0.1469 1.5831 -0.7771 0.2715 -0.2395 0.5148
1305031924.8994 1.2612 0.1383 1.579 -0.7802 0.2701 -0.2367 0.5122
1305031924.9293 1.2573 0.1298 1.5751 -0.7804 0.2668 -0.2347 0.5146
1305031924.9694 1.252 0.1185 1.57 -0.7807 0.263 -0.233 0.5168
1305031924.9994 1.2472 0.1098 1.5664 -0.7808 0.2592 -0.2316 0.5191
1305031925.0294 1.2424 0.1015 1.563 -0.7795 0.2571 -0.2313 0.5223
1305031925.0694 1.236 0.0905 1.5596 -0.7768 0.2532 -0.2334 0.5273
1305031925.0994 1.2318 0.0826 1.5571 -0.7759 0.2518 -0.2333 0.5293
1305031925.1294 1.2271 0.0745 1.5545 -0.7802 0.2546 -0.2288 0.5236
1305031925.1694 1.221 0.0638 1.5518 -0.7818 0.2535 -0.2246 0.5235
1305031925.1994 1.2159 0.0561 1.55 -0.7813 0.2497 -0.223 0.5267
1305031925.2293 1.2108 0.0477 1.5476 -0.7839 0.2472 -0.2209 0.525
1305031925.2694 1.2039 0.0371 1.5438 -0.7863 0.2413 -0.2191 0.5249
1305031925.2994 1.1987 0.0283 1.5403 -0.7893 0.2382 -0.2183 0.5221
1305031925.3297 1.1938 0.0196 1.5361 -0.7917 0.2361 -0.2184 0.5194
1305031925.3694 1.1872 0.0073 1.5297 -0.7958 0.231 -0.2187 0.5153
1305031925.3994 1.1827 -0.0023 1.5248 -0.7977 0.2273 -0.2198 0.5135
1305031925.4294 1.1788 -0.0122 1.5201 -0.7974 0.224 -0.2193 0.5157
1305031925.4694 1.1745 -0.0265 1.5139 -0.7952 0.2244 -0.2214 0.518
1305031925.4994 1.1719 -0.0378 1.5097 -0.791 0.2273 -0.2257 0.5213
1305031925.5294 1.1702 -0.0495 1.5059 -0.7856 0.2317 -0.2304 0.5255
1305031925.5693 1.1685 -0.0655 1.5012 -0.7808 0.2402 -0.2329 0.5277
1305031925.5994 1.1681 -0.0776 1.4978 -0.7777 0.2458 -0.236 0.5283
1305031925.6294 1.1684 -0.0894 1.4942 -0.7756 0.2504 -0.239 0.5278
1305031925.6694 1.1692 -0.1047 1.489 -0.7758 0.2562 -0.2386 0.5249
1305031925.6994 1.17 -0.1158 1.4848 -0.7764 0.257 -0.2368 0.5245
1305031925.7294 1.1713 -0.1268 1.4808 -0.7776 0.2578 -0.2352 0.5231
1305031925.7694 1.1735 -0.1409 1.4752 -0.7786 0.2638 -0.233 0.5195
1305031925.7994 1.1751 -0.1517 1.4707 -0.7809 0.2679 -0.2325 0.5142
1305031925.8293 1.177 -0.1626 1.4663 -0.7837 0.2741 -0.2328 0.5064
1305031925.8694 1.1791 -0.1766 1.4605 0.7864 -0.2815 0.2332 -0.498
1305031925.8993 1.1805 -0.188 1.4562 0.7877 -0.2883 0.234 -0.4916
1305031925.9294 1.1811 -0.1995 1.4525 0.7884 -0.2961 0.2322 -0.4867
1305031925.9694 1.1813 -0.2151 1.4476 0.7919 -0.3034 0.2286 -0.4781
1305031925.9993 1.1811 -0.2269 1.4446 0.793 -0.3086 0.226 -0.4741
1305031926.0294 1.1803 -0.2389 1.4418 0.793 -0.3136 0.2231 -0.4723
1305031926.0694 1.1786 -0.2552 1.4384 0.794 -0.3201 0.221 -0.4672
1305031926.0994 1.1766 -0.2677 1.4363 0.7934 -0.3233 0.2234 -0.4648
1305031926.1294 1.1745 -0.2803 1.4347 0.7928 -0.3257 0.2265 -0.4628
1305031926.1694 1.1712 -0.298 1.4324 0.7931 -0.3334 0.2288 -0.4555
1305031926.1994 1.1688 -0.3113 1.4311 0.7896 -0.338 0.2333 -0.4559
1305031926.2294 1.166 -0.325 1.4299 0.7886 -0.3417 0.2367 -0.4531
1305031926.2694 1.1621 -0.3431 1.4286 0.7876 -0.3472 0.2415 -0.4482
1305031926.2994 1.159 -0.3571 1.4283 0.7857 -0.3511 0.2464 -0.4457
1305031926.3294 1.1558 -0.3708 1.4285 0.783 -0.3574 0.2522 -0.4423
1305031926.3694 1.1511 -0.3889 1.4297 0.779 -0.3654 0.2598 -0.4384
1305031926.3994 1.1473 -0.4019 1.4311 0.7757 -0.3715 0.2645 -0.4363
1305031926.4294 1.1434 -0.4142 1.4328 0.7722 -0.3778 0.2691 -0.4342
1305031926.4694 1.1378 -0.4298 1.4357 0.7663 -0.3867 0.2755 -0.4328
1305031926.4994 1.1328 -0.4409 1.4384 0.7628 -0.3962 0.2786 -0.4284
1305031926.5294 1.1282 -0.4512 1.4413 0.7565 -0.4046 0.2834 -0.4285
1305031926.5694 1.1218 -0.4647 1.4446 0.7499 -0.4149 0.2887 -0.4267
1305031926.5994 1.1171 -0.4736 1.4469 0.7447 -0.4242 0.2911 -0.4251
1305031926.6294 1.1127 -0.4815 1.4488 0.739 -0.434 0.2932 -0.4238
1305031926.6694 1.1069 -0.4911 1.4508 0.7312 -0.4483 0.2952 -0.421
1305031926.6994 1.1028 -0.4973 1.4517 0.7253 -0.457 0.3001 -0.4185
1305031926.7294 1.0989 -0.5035 1.4521 0.7194 -0.4667 0.3069 -0.413
1305031926.7693 1.0941 -0.5109 1.4518 0.7104 -0.4826 0.3141 -0.4046
1305031926.7994 1.0908 -0.5166 1.4512 0.7018 -0.4962 0.319 -0.3994
1305031926.8294 1.0876 -0.5222 1.4499 0.6925 -0.5096 0.3242 -0.3944
1305031926.8693 1.0835 -0.53 1.4476 0.6777 -0.5315 0.3309 -0.3856
1305031926.8993 1.0804 -0.5361 1.4452 0.6645 -0.548 0.3379 -0.3795
1305031926.9294 1.0769 -0.5415 1.4433 0.6525 -0.5639 0.3454 -0.3701
1305031926.9693 1.0716 -0.5482 1.4391 0.6401 -0.584 0.3526 -0.3533
1305031926.9994 1.0676 -0.5538 1.4353 0.6302 -0.5977 0.358 -0.3427
1305031927.0294 1.0631 -0.5593 1.4312 0.6191 -0.6116 0.3629 -0.3333
1305031927.0694 1.0573 -0.5665 1.4254 -0.6033 0.6295 -0.3685 0.3223
1305031927.0993 1.0533 -0.5716 1.4204 -0.5936 0.6425 -0.3689 0.3143
1305031927.1293 1.0492 -0.5767 1.4153 -0.5847 0.6541 -0.3706 0.3047
1305031927.1694 1.0437 -0.5843 1.4081 -0.5731 0.6696 -0.3713 0.292
1305031927.1994 1.0398 -0.5903 1.4024 -0.5659 0.6804 -0.37 0.2827
1305031927.2293 1.0358 -0.5964 1.3961 -0.5626 0.6906 -0.364 0.2721
1305031927.2694 1.0308 -0.6054 1.3881 -0.5597 0.6997 -0.358 0.2627
1305031927.2994 1.0266 -0.6127 1.3823 -0.5567 0.708 -0.3529 0.2534
1305031927.3293 1.0227 -0.6204 1.3766 -0.5515 0.7166 -0.3484 0.2467
1305031927.3694 1.0177 -0.6311 1.3687 -0.5434 0.7279 -0.3445 0.237
1305031927.3993 1.0136 -0.6391 1.3628 -0.5376 0.7361 -0.3413 0.2295
1305031927.4294 1.0098 -0.6471 1.3574 -0.5342 0.7417 -0.3385 0.2234
1305031927.4694 1.0043 -0.6571 1.3493 -0.5306 0.7488 -0.3337 0.2154
1305031927.4993 0.9999 -0.6646 1.3441 -0.5304 0.7522 -0.3302 0.2092
1305031927.5294 0.9958 -0.6714 1.3392 -0.5297 0.7542 -0.3291 0.2057
1305031927.5694 0.9905 -0.6803 1.3328 -0.532 0.7554 -0.3258 0.2004
1305031927.5994 0.9868 -0.6867 1.328 -0.5364 0.7559 -0.3209 0.1948
1305031927.6294 0.9831 -0.6935 1.3233 -0.5421 0.7546 -0.3173 0.1899
1305031927.6694 0.978 -0.7025 1.3175 -0.5527 0.7486 -0.3149 0.187
1305031927.6994 0.9746 -0.7098 1.3134 -0.5609 0.7441 -0.3132 0.1831
1305031927.7294 0.971 -0.7179 1.3096 -0.5687 0.7398 -0.3115 0.1794
1305031927.7694 0.9666 -0.7298 1.3048 -0.5782 0.7343 -0.3088 0.1764
1305031927.7994 0.9633 -0.7395 1.3017 -0.5817 0.7322 -0.3079 0.1751
1305031927.8294 0.96 -0.7501 1.2989 -0.5853 0.7303 -0.3064 0.1735
1305031927.8694 0.9556 -0.7653 1.2953 -0.5876 0.7308 -0.3026 0.1705
1305031927.8994 0.9521 -0.7774 1.2933 -0.5885 0.7299 -0.3032 0.1703
1305031927.9293 0.9482 -0.79 1.2915 -0.5897 0.7287 -0.3039 0.1703
1305031927.9694 0.9431 -0.8073 1.2892 -0.5905 0.7293 -0.3009 0.17
1305031927.9994 0.939 -0.821 1.2877 -0.5908 0.7291 -0.3008 0.1699
1305031928.0294 0.9351 -0.8346 1.2865 -0.5911 0.7286 -0.3014 0.1701
1305031928.0694 0.9298 -0.8528 1.285 -0.591 0.7309 -0.2981 0.1664
1305031928.0993 0.9258 -0.8661 1.2843 -0.5901 0.7323 -0.2968 0.1654
1305031928.1294 0.9219 -0.8792 1.2837 -0.5898 0.7331 -0.2967 0.1635
1305031928.1694 0.9166 -0.8961 1.2834 -0.5884 0.7344 -0.2985 0.1592
1305031928.1994 0.9126 -0.9084 1.2834 -0.5862 0.7356 -0.3016 0.1559
1305031928.2294 0.9085 -0.9207 1.2834 -0.5824 0.7381 -0.3053 0.151
1305031928.2694 0.903 -0.9358 1.2838 -0.5754 0.7439 -0.3068 0.1465
1305031928.2993 0.8986 -0.9466 1.2845 -0.57 0.7479 -0.3083 0.1439
1305031928.3294 0.8944 -0.9568 1.2853 -0.5633 0.7524 -0.3104 0.1421
1305031928.3694 0.8884 -0.9701 1.2869 -0.5527 0.7595 -0.3132 0.1401
1305031928.3993 0.8841 -0.9794 1.2886 -0.542 0.766 -0.3164 0.1394
1305031928.4294 0.8794 -0.9884 1.2908 -0.5292 0.7736 -0.3203 0.1375
1305031928.4693 0.8732 -1.0 1.2937 -0.5099 0.7841 -0.327 0.1352
1305031928.4993 0.8685 -1.0079 1.2967 -0.4936 0.7918 -0.3334 0.1352
1305031928.5293 0.8635 -1.0152 1.3 -0.4791 0.7982 -0.3389 0.1361
1305031928.5693 0.8575 -1.0241 1.3048 -0.461 0.8044 -0.3487 0.137
1305031928.5993 0.8533 -1.0301 1.3091 -0.4462 0.8087 -0.3581 0.1367
1305031928.6294 0.8493 -1.035 1.3139 -0.4333 0.8109 -0.369 0.136
1305031928.6694 0.8443 -1.0409 1.3211 -0.4188 0.8118 -0.3842 0.1341
1305031928.6994 0.841 -1.0448 1.327 -0.4091 0.8118 -0.395 0.1326
1305031928.7294 0.8384 -1.048 1.3333 -0.3992 0.8117 -0.4056 0.1318
1305031928.7694 0.8352 -1.0516 1.3426 -0.3857 0.8115 -0.4191 0.1305
1305031928.7994 0.8335 -1.0535 1.3498 -0.3758 0.8099 -0.4307 0.1318
1305031928.8293 0.8318 -1.0553 1.3576 -0.3658 0.8078 -0.4431 0.1316
1305031928.8693 0.8298 -1.0571 1.3684 -0.3523 0.8046 -0.4591 0.133
1305031928.8994 0.8283 -1.0577 1.3762 -0.3435 0.8034 -0.468 0.1321
1305031928.9294 0.8267 -1.0581 1.3849 -0.334 0.8003 -0.4798 0.1332
1305031928.9693 0.825 -1.0586 1.3962 -0.3206 0.7936 -0.4996 0.1332
1305031928.9993 0.8234 -1.0586 1.4053 -0.3117 0.7904 -0.5112 0.1298
1305031929.0294 0.8221 -1.0585 1.4143 -0.3009 0.7863 -0.5242 0.1285
1305031929.0693 0.8204 -1.0582 1.4271 -0.2868 0.7791 -0.5432 0.1253
1305031929.0993 0.8192 -1.0577 1.4371 -0.2757 0.7743 -0.5564 0.1217
1305031929.1294 0.818 -1.0567 1.4472 -0.2646 0.7694 -0.5691 0.119
1305031929.1694 0.817 -1.0551 1.4611 -0.2494 0.7629 -0.585 0.1168
1305031929.1993 0.8164 -1.0535 1.4716 -0.238 0.758 -0.5963 0.1147
1305031929.2294 0.8159 -1.0513 1.4826 -0.2247 0.7537 -0.607 0.1136
1305031929.2693 0.8159 -1.0474 1.4972 -0.208 0.7454 -0.6231 0.1133
1305031929.2994 0.816 -1.044 1.5077 -0.1968 0.7398 -0.6336 0.1116
1305031929.3294 0.8167 -1.0399 1.518 -0.1859 0.7349 -0.6429 0.1099
1305031929.3693 0.8178 -1.0339 1.5312 -0.1728 0.727 -0.6554 0.1098
1305031929.3993 0.8189 -1.0286 1.5405 -0.1655 0.723 -0.6615 0.1111
1305031929.4293 0.8203 -1.0226 1.5495 -0.1578 0.7175 -0.6689 0.1133
1305031929.4694 0.8221 -1.0143 1.5609 -0.1486 0.7096 -0.6793 0.1137
1305031929.4994 0.8237 -1.0076 1.5689 -0.1421 0.7043 -0.686 0.1145
1305031929.5293 0.8252 -1.0001 1.5764 -0.1356 0.6991 -0.6925 0.1153
1305031929.5694 0.8274 -0.99 1.586 0.1294 -0.6916 0.7014 -0.1144
1305031929.5993 0.8291 -0.982 1.5928 0.1258 -0.6852 0.7082 -0.1143
1305031929.6393 0.8312 -0.9706 1.6014 0.1209 -0.6767 0.7175 -0.1125
1305031929.6693 0.8327 -0.9627 1.6077 0.1179 -0.6679 0.7265 -0.1106
1305031929.6993 0.8342 -0.9545 1.6137 0.115 -0.6611 0.7333 -0.1094
1305031929.7293 0.8361 -0.9462 1.6192 0.1147 -0.6547 0.7391 -0.1095
1305031929.7693 0.8384 -0.9363 1.6261 0.1166 -0.6475 0.7447 -0.1121
1305031929.7993 0.8396 -0.9288 1.631 0.1168 -0.6402 0.7503 -0.1164
1305031929.8294 0.8401 -0.922 1.6356 0.1179 -0.6343 0.7547 -0.1194
1305031929.8693 0.84 -0.9136 1.6413 0.1202 -0.6266 0.7601 -0.1234
1305031929.8993 0.8392 -0.9078 1.645 0.1214 -0.622 0.7631 -0.1269
1305031929.9293 0.8376 -0.9028 1.6485 0.122 -0.6173 0.7665 -0.1283
1305031929.9694 0.8345 -0.897 1.6523 0.1209 -0.6136 0.7696 -0.1288
1305031929.9994 0.8313 -0.8934 1.6546 0.1183 -0.6127 0.7709 -0.1282
1305031930.0293 0.8274 -0.8904 1.6565 0.1144 -0.6127 0.7715 -0.128
1305031930.0693 0.8212 -0.8877 1.6577 0.1096 -0.6144 0.7709 -0.1275
1305031930.0993 0.8161 -0.8865 1.6578 0.1078 -0.6162 0.7699 -0.126
1305031930.1293 0.8103 -0.8855 1.6571 0.106 -0.6205 0.7673 -0.1222
1305031930.1693 0.8013 -0.8851 1.6557 0.0997 -0.6238 0.7665 -0.116
1305031930.1993 0.7938 -0.8856 1.6541 0.0947 -0.627 0.7655 -0.1093
1305031930.2292 0.7858 -0.8865 1.6522 0.0907 -0.633 0.7622 -0.1009
1305031930.2693 0.7746 -0.8877 1.6494 0.0823 -0.6377 0.7604 -0.0908
1305031930.2992 0.7659 -0.8889 1.6471 0.0763 -0.6425 0.7579 -0.0833
1305031930.3293 0.757 -0.8902 1.6448 0.0718 -0.6485 0.7542 -0.0743
1305031930.3693 0.7447 -0.8916 1.6415 0.0635 -0.6561 0.7494 -0.0625
1305031930.3992 0.7355 -0.8928 1.6389 0.0564 -0.6616 0.7457 -0.0555
1305031930.4292 0.7266 -0.8937 1.6358 0.0518 -0.6673 0.7415 -0.0472
1305031930.4692 0.7153 -0.8953 1.6314 0.0458 -0.6782 0.7324 -0.0385
1305031930.4992 0.7077 -0.8963 1.6276 0.0405 -0.6876 0.7241 -0.0354
1305031930.5291 0.7006 -0.8971 1.6233 0.0373 -0.6971 0.7153 -0.0305
1305031930.5691 0.6915 -0.8977 1.6171 0.0334 -0.7059 0.7072 -0.0227
1305031930.5991 0.6854 -0.8979 1.6118 -0.0308 0.7138 -0.6995 0.0156
1305031930.6291 0.6796 -0.8979 1.6059 -0.0302 0.7226 -0.6905 0.0101
1305031930.6691 0.6724 -0.8975 1.5972 -0.0316 0.7358 -0.6764 0.0062
1305031930.6991 0.6674 -0.8971 1.5901 -0.0327 0.7442 -0.6672 0.007
1305031930.7291 0.6624 -0.8963 1.5827 -0.0344 0.7525 -0.6577 0.0074
1305031930.7691 0.6559 -0.8949 1.5728 -0.0377 0.7642 -0.6438 0.0057
1305031930.7991 0.6509 -0.8936 1.5656 -0.0381 0.7697 -0.6373 0.0057
1305031930.829 0.6462 -0.8918 1.5586 -0.0381 0.7753 -0.6304 0.0043
1305031930.869 0.6399 -0.8896 1.5496 -0.0383 0.7836 -0.6201 0.0001
1305031930.899 0.6353 -0.8882 1.5428 -0.0373 0.7893 -0.6129 -0.0028
1305031930.929 0.6308 -0.8866 1.5361 -0.0363 0.7959 -0.6044 -0.0042
1305031930.969 0.6249 -0.8854 1.527 -0.0339 0.8035 -0.5942 -0.0072
1305031930.999 0.6207 -0.8849 1.5203 -0.0324 0.8105 -0.5847 -0.0102
1305031931.029 0.6164 -0.8845 1.5136 -0.0311 0.818 -0.5743 -0.0128
1305031931.069 0.6108 -0.8844 1.5048 -0.0275 0.8267 -0.5617 -0.0168
1305031931.099 0.6069 -0.8841 1.4983 -0.023 0.8341 -0.5508 -0.0193
1305031931.1289 0.6029 -0.8842 1.4921 -0.0182 0.8401 -0.5417 -0.0226
1305031931.1689 0.5979 -0.8848 1.4841 -0.0089 0.8474 -0.53 -0.0296
1305031931.199 0.5943 -0.8857 1.4781 -0.0004 0.8533 -0.5201 -0.0368
1305031931.229 0.5912 -0.8865 1.4721 0.0081 0.8594 -0.5093 -0.0456
1305031931.2689 0.5876 -0.8883 1.4643 0.0202 0.8646 -0.4989 -0.0568
1305031931.299 0.5855 -0.8897 1.459 0.0313 0.8707 -0.4864 -0.0665
1305031931.3289 0.5833 -0.8917 1.4536 0.0424 0.8733 -0.4793 -0.0767
1305031931.369 0.581 -0.8946 1.4465 0.0587 0.876 -0.4709 -0.0868
1305031931.399 0.5797 -0.8975 1.4412 0.0713 0.8776 -0.465 -0.0925
1305031931.429 0.5789 -0.9007 1.4362 0.0834 0.879 -0.4592 -0.0974
1305031931.4689 0.5786 -0.906 1.4304 0.0982 0.8794 -0.4541 -0.1037
1305031931.499 0.5788 -0.911 1.4259 0.1088 0.8793 -0.4509 -0.1082
1305031931.529 0.5795 -0.916 1.4216 0.1205 0.88 -0.4457 -0.1113
1305031931.5689 0.5822 -0.9229 1.4161 0.1361 0.8779 -0.445 -0.1133
1305031931.5989 0.5848 -0.9285 1.4124 0.144 0.8771 -0.4433 -0.116
1305031931.629 0.5882 -0.9342 1.4087 0.1501 0.8767 -0.4414 -0.1184
1305031931.669 0.5937 -0.9424 1.4034 0.1566 0.8749 -0.4414 -0.1235
1305031931.699 0.5983 -0.9485 1.3992 0.1622 0.8742 -0.4394 -0.1278
1305031931.7289 0.6031 -0.9551 1.3946 0.1655 0.8737 -0.4382 -0.1312
1305031931.769 0.6095 -0.964 1.3879 0.1691 0.8746 -0.4339 -0.1346
1305031931.7989 0.614 -0.971 1.3823 0.1741 0.8744 -0.4327 -0.1339
1305031931.829 0.6181 -0.9774 1.3768 0.1816 0.8753 -0.4282 -0.1324
1305031931.8689 0.6236 -0.9863 1.3687 0.194 0.8761 -0.4225 -0.1281
1305031931.899 0.6276 -0.9925 1.3631 0.2007 0.8756 -0.4211 -0.1253
1305031931.929 0.6311 -0.9983 1.3581 0.2069 0.8745 -0.4209 -0.1233
1305031931.969 0.6354 -1.0067 1.3513 0.2131 0.8734 -0.4209 -0.1208
1305031931.9989 0.6385 -1.013 1.3469 0.2193 0.8714 -0.4222 -0.12
1305031932.029 0.6415 -1.0195 1.3428 0.2255 0.87 -0.4221 -0.1182
1305031932.069 0.6451 -1.0287 1.3378 0.2323 0.8674 -0.4243 -0.1172
1305031932.099 0.6475 -1.0355 1.3345 0.2371 0.868 -0.4208 -0.1151
1305031932.1289 0.65 -1.0433 1.3318 0.2388 0.8671 -0.4233 -0.1091
1305031932.1689 0.6533 -1.0531 1.329 0.2351 0.8698 -0.422 -0.1007
1305031932.199 0.6553 -1.0613 1.328 0.2293 0.8722 -0.4216 -0.095
1305031932.229 0.6573 -1.0697 1.3269 0.2229 0.8733 -0.4239 -0.0893
1305031932.269 0.6589 -1.0817 1.3269 0.2128 0.8761 -0.4248 -0.0824
1305031932.299 0.6603 -1.0907 1.3271 0.2074 0.8765 -0.4271 -0.0788
1305031932.3289 0.6612 -1.1001 1.3278 0.2032 0.8768 -0.4293 -0.0758
1305031932.3689 0.6617 -1.1129 1.3294 0.1939 0.8767 -0.4344 -0.071
1305031932.3989 0.6619 -1.122 1.3312 0.1866 0.8778 -0.4362 -0.067
1305031932.429 0.6622 -1.132 1.3321 0.1821 0.8771 -0.4402 -0.061
1305031932.4689 0.6626 -1.1449 1.3336 0.1735 0.8774 -0.4442 -0.0524
1305031932.4989 0.6629 -1.1546 1.3349 0.1664 0.8782 -0.4459 -0.0474
1305031932.529 0.6636 -1.1642 1.337 0.158 0.8792 -0.4476 -0.0419
1305031932.569 0.6645 -1.1766 1.3399 0.1448 0.8794 -0.4522 -0.0356
1305031932.5989 0.6659 -1.1855 1.3424 0.1326 0.8802 -0.4547 -0.0305
1305031932.629 0.6671 -1.1941 1.3452 0.1199 0.8801 -0.4587 -0.0243
1305031932.6689 0.669 -1.2051 1.3493 0.1037 0.8789 -0.4653 -0.0178
1305031932.699 0.6708 -1.213 1.3531 0.0912 0.8786 -0.4685 -0.013
1305031932.7289 0.6724 -1.2208 1.3572 0.0799 0.8779 -0.472 -0.0092
1305031932.7689 0.6747 -1.2313 1.3626 0.0657 0.8749 -0.4799 -0.0025
1305031932.7989 0.6768 -1.2395 1.3669 0.0569 0.8717 -0.4867 0.0027
1305031932.829 0.6791 -1.2477 1.3709 0.0486 0.8681 -0.4939 0.0062
1305031932.8689 0.6822 -1.2582 1.3763 0.0381 0.8636 -0.5027 0.0094
1305031932.899 0.6845 -1.2651 1.3801 0.0282 0.8602 -0.5091 0.0121
1305031932.9289 0.6872 -1.273 1.3832 0.0215 0.8564 -0.5156 0.0153
1305031932.969 0.6908 -1.2831 1.3866 0.012 0.8547 -0.5187 0.0171
1305031932.9989 0.6931 -1.2908 1.3887 0.0079 0.8512 -0.5246 0.0156
1305031933.029 0.6953 -1.2987 1.3903 0.0065 0.8472 -0.5311 0.0131
1305031933.069 0.6976 -1.3089 1.3911 0.0073 0.8463 -0.5326 0.0088
1305031933.099 0.6989 -1.3161 1.3909 0.0118 0.8444 -0.5356 0.0056
1305031933.1289 0.6997 -1.3226 1.3908 0.0199 0.8406 -0.5413 -0.0004
1305031933.1689 0.7 -1.3304 1.3901 0.0323 0.8383 -0.5442 -0.0102
1305031933.1989 0.7 -1.3353 1.3896 0.0406 0.836 -0.5469 -0.0173
1305031933.229 0.6998 -1.3396 1.3891 0.0471 0.8343 -0.5488 -0.023
1305031933.2689 0.6988 -1.3438 1.3884 0.0536 0.8313 -0.5524 -0.0298
1305031933.299 0.6975 -1.3459 1.3876 0.0598 0.8302 -0.5532 -0.0338
1305031933.329 0.6958 -1.3475 1.3865 0.0663 0.8301 -0.5525 -0.0361
1305031933.369 0.6931 -1.3491 1.385 0.0753 0.8281 -0.554 -0.0404
1305031933.399 0.691 -1.3495 1.3833 0.0828 0.8266 -0.5551 -0.0421
1305031933.4289 0.6887 -1.3497 1.3821 0.0896 0.8282 -0.5515 -0.0438
1305031933.4689 0.6858 -1.3491 1.3802 0.0996 0.8279 -0.55 -0.0469
1305031933.4989 0.6834 -1.3484 1.3789 0.1068 0.8261 -0.551 -0.0503
1305031933.529 0.6811 -1.3471 1.3778 0.1147 0.8257 -0.5496 -0.0548
1305031933.569 0.6778 -1.3447 1.376 0.1283 0.8234 -0.5494 -0.0607
1305031933.5989 0.6752 -1.3425 1.3744 0.1397 0.8209 -0.5498 -0.0655
1305031933.629 0.6723 -1.3397 1.3728 0.1527 0.8192 -0.5482 -0.0716
1305031933.6689 0.668 -1.3354 1.3703 0.172 0.8153 -0.5469 -0.0806
1305031933.6989 0.6648 -1.3315 1.3681 0.1861 0.8126 -0.5453 -0.0873
1305031933.7289 0.6617 -1.3272 1.3659 0.2003 0.8111 -0.5418 -0.0923
1305031933.769 0.6578 -1.3205 1.3627 0.2179 0.8072 -0.5395 -0.1
1305031933.7989 0.6548 -1.3152 1.3602 0.2291 0.8042 -0.538 -0.1069
1305031933.8289 0.6519 -1.3093 1.3576 0.2389 0.8027 -0.5346 -0.1132
1305031933.869 0.6486 -1.301 1.3537 0.2514 0.8011 -0.5296 -0.1204
1305031933.8989 0.6464 -1.2944 1.3504 0.2596 0.801 -0.5248 -0.1245
1305031933.929 0.6443 -1.2876 1.3472 0.2664 0.8 -0.5218 -0.1289
1305031933.9689 0.6416 -1.2773 1.3427 0.2743 0.8008 -0.5154 -0.1335
1305031933.9989 0.6397 -1.2697 1.3393 0.2787 0.8011 -0.5121 -0.1358
1305031934.029 0.638 -1.2613 1.3358 0.2828 0.8016 -0.5081 -0.1385
1305031934.069 0.6354 -1.2495 1.3312 0.2881 0.8021 -0.5031 -0.1434
1305031934.0989 0.6335 -1.2398 1.3276 0.2935 0.8027 -0.4978 -0.1471
1305031934.1289 0.6316 -1.2298 1.3241 0.2996 0.802 -0.494 -0.1515
1305031934.1689 0.6286 -1.2159 1.32 0.3055 0.801 -0.4902 -0.1574
1305031934.1989 0.6264 -1.2052 1.3174 0.3102 0.802 -0.4845 -0.1609
1305031934.2291 0.6235 -1.194 1.3153 0.3161 0.8009 -0.4812 -0.1647
1305031934.2689 0.6198 -1.1788 1.3132 0.3212 0.8003 -0.4781 -0.1667
1305031934.2989 0.6164 -1.1677 1.3119 0.3233 0.8013 -0.4744 -0.1682
1305031934.3389 0.6116 -1.1524 1.3109 0.3243 0.8039 -0.4695 -0.1678
1305031934.3689 0.6076 -1.1408 1.3106 0.3217 0.8055 -0.4686 -0.1676
1305031934.3989 0.6037 -1.1288 1.3107 0.3187 0.8086 -0.4659 -0.1661
1305031934.4389 0.5971 -1.1134 1.3114 0.3108 0.8107 -0.467 -0.1675
1305031934.4689 0.592 -1.1016 1.3125 0.3026 0.8129 -0.4676 -0.17
1305031934.4989 0.5857 -1.0901 1.314 0.2949 0.8154 -0.4665 -0.175
1305031934.5389 0.5769 -1.0742 1.3167 0.2894 0.8165 -0.4661 -0.1796
1305031934.5689 0.5695 -1.0622 1.3192 0.2861 0.8165 -0.4674 -0.1819
1305031934.5989 0.5619 -1.0504 1.3215 0.2829 0.817 -0.4678 -0.1832
1305031934.6389 0.5517 -1.035 1.325 0.2762 0.8195 -0.4682 -0.1817
1305031934.6689 0.5438 -1.0235 1.3281 0.2698 0.8189 -0.4719 -0.1838
1305031934.6989 0.5357 -1.0118 1.3313 0.2636 0.8209 -0.4714 -0.1856
1305031934.739 0.525 -0.9966 1.3352 0.2548 0.8229 -0.4728 -0.1855
1305031934.769 0.5163 -0.9853 1.3383 0.2461 0.8243 -0.4746 -0.1864
1305031934.7989 0.5074 -0.9736 1.3413 0.2394 0.8259 -0.4755 -0.1858
1305031934.839 0.4941 -0.9582 1.3459 0.2289 0.8255 -0.4804 -0.1879
1305031934.8689 0.4844 -0.9465 1.3494 0.2192 0.8259 -0.4839 -0.1889
1305031934.8989 0.4744 -0.9347 1.3532 0.2103 0.827 -0.4862 -0.1883
1305031934.9389 0.4605 -0.9196 1.3587 0.1973 0.826 -0.4931 -0.1888
1305031934.9689 0.45 -0.9077 1.3638 0.1866 0.8257 -0.497 -0.1909
1305031934.9989 0.4391 -0.8966 1.3692 0.1767 0.8242 -0.5023 -0.1929
1305031935.0389 0.4252 -0.8817 1.3763 0.1684 0.8235 -0.5067 -0.1917
1305031935.0689 0.4139 -0.872 1.3822 0.1622 0.8211 -0.5132 -0.1898
1305031935.0989 0.4022 -0.8629 1.3877 0.1577 0.8203 -0.5163 -0.1886
1305031935.1389 0.3869 -0.852 1.3947 0.1541 0.8196 -0.5187 -0.1885
1305031935.1689 0.3758 -0.8446 1.3999 0.1514 0.8177 -0.5229 -0.1875
1305031935.1989 0.3649 -0.838 1.4051 0.1501 0.8166 -0.5258 -0.1848
1305031935.2389 0.3505 -0.83 1.4114 0.1502 0.8167 -0.5281 -0.1775
1305031935.2689 0.3396 -0.8246 1.4163 0.1502 0.8163 -0.5303 -0.1732
1305031935.2989 0.3289 -0.8191 1.4213 0.1518 0.8165 -0.5301 -0.1714
1305031935.3389 0.3147 -0.812 1.4285 0.1577 0.8148 -0.5311 -0.1706
1305031935.3689 0.304 -0.8071 1.4339 0.1645 0.8135 -0.5314 -0.1697
1305031935.3989 0.293 -0.8024 1.4397 0.1741 0.8112 -0.5323 -0.1685
1305031935.4389 0.2786 -0.7965 1.4473 0.1862 0.808 -0.5338 -0.1661
1305031935.4689 0.2677 -0.7923 1.4535 0.1944 0.8059 -0.5348 -0.1636
1305031935.4995 0.2569 -0.7882 1.46 0.2012 0.8013 -0.539 -0.164
1305031935.5389 0.2427 -0.783 1.4692 0.21 0.7947 -0.5455 -0.1638
1305031935.5689 0.2322 -0.7794 1.4765 0.2174 0.7894 -0.55 -0.1647
1305031935.5989 0.2213 -0.7754 1.4843 0.2254 0.7814 -0.5567 -0.1697
1305031935.6389 0.2075 -0.7702 1.4949 0.2359 0.7679 -0.5679 -0.1791
1305031935.6692 0.1973 -0.7659 1.5032 0.2423 0.757 -0.5765 -0.1897
1305031935.6989 0.1875 -0.7614 1.5113 0.2483 0.7466 -0.5829 -0.203
1305031935.7389 0.1746 -0.7552 1.5221 0.2573 0.7301 -0.5912 -0.226
1305031935.7689 0.1653 -0.7507 1.5298 0.2644 0.7179 -0.596 -0.2441
1305031935.7989 0.1559 -0.7462 1.5368 0.2702 0.7073 -0.5991 -0.2603
1305031935.8389 0.144 -0.7409 1.5456 0.2777 0.6959 -0.6022 -0.2757
1305031935.869 0.1356 -0.7372 1.5519 0.2824 0.6882 -0.6046 -0.2847
1305031935.8989 0.1269 -0.7343 1.558 0.2865 0.6795 -0.6083 -0.2937
1305031935.939 0.1166 -0.7305 1.5661 0.2881 0.6699 -0.6119 -0.3063
1305031935.9689 0.1086 -0.7285 1.5721 0.2852 0.6632 -0.6162 -0.3148
1305031935.9989 0.1008 -0.7265 1.5779 0.2838 0.6571 -0.6193 -0.3227
1305031936.0389 0.0903 -0.7243 1.5853 0.2832 0.6475 -0.624 -0.3333
1305031936.0689 0.0823 -0.7228 1.5902 0.2846 0.6412 -0.6264 -0.3398
1305031936.0989 0.074 -0.7211 1.595 0.2875 0.6342 -0.6287 -0.3462
1305031936.1389 0.0632 -0.7188 1.6006 -0.2923 -0.6249 0.632 0.3531
1305031936.1689 0.0553 -0.7171 1.6042 -0.297 -0.6207 0.6326 0.3555
1305031936.199 0.0481 -0.7144 1.6076 -0.3028 -0.6149 0.6332 0.3595
1305031936.239 0.0375 -0.7114 1.6125 -0.3049 -0.6036 0.6401 0.3646
1305031936.2689 0.0301 -0.7082 1.6161 -0.3094 -0.5968 0.6427 0.3674
1305031936.299 0.0231 -0.7046 1.6193 -0.3159 -0.5889 0.6462 0.3685
1305031936.3389 0.0132 -0.6995 1.6231 -0.3231 -0.5766 0.6544 0.3673
1305031936.3689 0.0058 -0.6956 1.6257 -0.3295 -0.5693 0.6585 0.3657
1305031936.3989 -0.0018 -0.6918 1.628 -0.3353 -0.5619 0.6619 0.3657
1305031936.439 -0.0122 -0.6869 1.6304 -0.34 -0.5539 0.6657 0.3666
1305031936.4689 -0.0198 -0.6828 1.6313 -0.3436 -0.5494 0.6678 0.3664
1305031936.4989 -0.0275 -0.6789 1.6319 -0.3456 -0.545 0.6705 0.3661
1305031936.5389 -0.0384 -0.6745 1.6323 -0.3466 -0.5404 0.6732 0.3668
1305031936.5689 -0.0471 -0.6711 1.6321 -0.3473 -0.5368 0.6766 0.3652
1305031936.5989 -0.0558 -0.668 1.6312 -0.349 -0.5336 0.6798 0.3625
1305031936.6389 -0.0688 -0.6643 1.6295 -0.3486 -0.5311 0.6826 0.3612
1305031936.6689 -0.0792 -0.6618 1.6283 -0.3502 -0.5258 0.6847 0.3635
1305031936.6989 -0.0899 -0.6585 1.6259 -0.352 -0.5218 0.6857 0.3656
1305031936.7389 -0.1055 -0.6542 1.6219 -0.3541 -0.5215 0.686 0.3634
1305031936.7689 -0.1182 -0.6509 1.6184 -0.3539 -0.5229 0.6854 0.3627
1305031936.7989 -0.1315 -0.6473 1.6144 -0.356 -0.5242 0.6853 0.3588
1305031936.8389 -0.1501 -0.642 1.6075 -0.3598 -0.5313 0.6825 0.3498
1305031936.8689 -0.1652 -0.6385 1.6022 -0.36 -0.5397 0.6789 0.3438
1305031936.8989 -0.1804 -0.6349 1.5964 -0.3602 -0.549 0.6752 0.3361
1305031936.9389 -0.2013 -0.6302 1.5889 -0.3594 -0.5648 0.6667 0.3277
1305031936.9689 -0.217 -0.6266 1.5833 -0.3605 -0.5755 0.6604 0.3205
1305031936.9989 -0.2318 -0.6229 1.5781 -0.3603 -0.5856 0.6548 0.3137
1305031937.0389 -0.2509 -0.618 1.5716 -0.3574 -0.6009 0.6476 0.3029
1305031937.0694 -0.2652 -0.615 1.5669 -0.3559 -0.6118 0.6433 0.2919
1305031937.0989 -0.2784 -0.6119 1.5621 -0.3537 -0.6227 0.6387 0.2814
1305031937.1389 -0.2967 -0.6082 1.5556 -0.3535 -0.6321 0.6334 0.2726
1305031937.1689 -0.3096 -0.6059 1.5502 0.3543 0.6396 -0.6285 -0.2652
1305031937.199 -0.3213 -0.6038 1.5439 0.3548 0.65 -0.6213 -0.256
1305031937.2389 -0.3362 -0.6015 1.5351 0.3579 0.6652 -0.6097 -0.2403
1305031937.2689 -0.3467 -0.6002 1.5279 0.3608 0.6741 -0.6018 -0.2306
1305031937.2992 -0.3567 -0.5993 1.5205 0.3634 0.6802 -0.5969 -0.2212
1305031937.3389 -0.3688 -0.5988 1.5104 0.3675 0.6918 -0.5855 -0.2085
1305031937.369 -0.3772 -0.5985 1.5032 0.3719 0.6967 -0.5783 -0.2046
1305031937.3989 -0.3843 -0.5982 1.4959 0.3756 0.7025 -0.57 -0.2013
1305031937.4389 -0.3937 -0.5986 1.486 0.3775 0.712 -0.5591 -0.1947
1305031937.4689 -0.4002 -0.5989 1.4784 0.3782 0.7193 -0.551 -0.1896
1305031937.4989 -0.4066 -0.5993 1.47 0.3792 0.728 -0.5404 -0.1845
1305031937.5389 -0.4155 -0.5998 1.4583 0.3826 0.7392 -0.5252 -0.177
1305031937.5689 -0.4216 -0.6005 1.4486 0.3863 0.7464 -0.5148 -0.1694
1305031937.5989 -0.4281 -0.6004 1.4392 0.3896 0.7533 -0.504 -0.1636
1305031937.6388 -0.437 -0.5998 1.4271 0.3948 0.7606 -0.4902 -0.1592
1305031937.6689 -0.444 -0.5995 1.4182 0.3993 0.7657 -0.4795 -0.1559
1305031937.6989 -0.4509 -0.5986 1.4102 0.4039 0.7692 -0.4705 -0.1545
1305031937.7389 -0.4604 -0.5974 1.4002 0.4092 0.7745 -0.4582 -0.1511
1305031937.7689 -0.4677 -0.5964 1.3933 0.4123 0.7777 -0.4502 -0.15
1305031937.7989 -0.4756 -0.5947 1.3869 0.4156 0.7782 -0.4455 -0.1522
1305031937.8389 -0.4865 -0.5929 1.3787 0.4218 0.7808 -0.4351 -0.1522
1305031937.8689 -0.4949 -0.5915 1.3728 0.429 0.781 -0.4277 -0.1518
1305031937.8989 -0.5038 -0.59 1.3671 0.4366 0.7805 -0.4203 -0.1532
1305031937.9389 -0.5157 -0.5878 1.3592 0.4499 0.7794 -0.4076 -0.1549
1305031937.9689 -0.5245 -0.586 1.3535 0.4594 0.7773 -0.4002 -0.1569
1305031937.9989 -0.5333 -0.5839 1.3479 0.4683 0.7757 -0.3917 -0.1597
1305031938.0389 -0.5445 -0.5805 1.3406 0.4812 0.7719 -0.3821 -0.1632
1305031938.0689 -0.5527 -0.5776 1.3354 0.4891 0.7684 -0.3776 -0.1667
1305031938.0989 -0.5603 -0.574 1.3302 0.4977 0.7669 -0.3684 -0.1688
1305031938.1389 -0.5703 -0.5684 1.323 0.5132 0.7608 -0.3585 -0.1712
1305031938.1689 -0.5772 -0.5641 1.318 0.5254 0.7571 -0.3497 -0.1686
1305031938.1989 -0.5839 -0.5592 1.3132 0.5362 0.7547 -0.3395 -0.1665
1305031938.2389 -0.5926 -0.554 1.3071 0.5514 0.7465 -0.3326 -0.1673
1305031938.2689 -0.598 -0.5496 1.3037 0.5633 0.7408 -0.325 -0.1681
1305031938.2989 -0.603 -0.5451 1.3009 0.5725 0.7347 -0.3198 -0.1737
1305031938.3389 -0.6091 -0.5395 1.2979 0.5827 0.7281 -0.3128 -0.1802
1305031938.3689 -0.6132 -0.5357 1.2963 0.5899 0.7231 -0.3084 -0.1847
1305031938.3989 -0.617 -0.5315 1.2953 0.5962 0.7181 -0.3039 -0.1912
1305031938.4389 -0.6211 -0.5261 1.295 0.6058 0.7088 -0.3003 -0.2008
1305031938.469 -0.6241 -0.5223 1.2957 0.6102 0.7036 -0.2989 -0.208
1305031938.4989 -0.6264 -0.5185 1.2969 0.6147 0.6993 -0.2957 -0.2134
1305031938.5389 -0.6289 -0.5135 1.3002 0.6187 0.6916 -0.2954 -0.227
1305031938.5689 -0.6302 -0.5097 1.3036 0.6196 0.6871 -0.2955 -0.2382
1305031938.5989 -0.6313 -0.5062 1.3074 0.6204 0.6828 -0.2951 -0.2486
1305031938.6389 -0.6316 -0.5011 1.3138 0.6217 0.6746 -0.2972 -0.2648
1305031938.6689 -0.6312 -0.4977 1.3192 0.6213 0.6694 -0.2994 -0.2763
1305031938.6989 -0.6307 -0.4949 1.3252 0.6207 0.6639 -0.3018 -0.2879
1305031938.7389 -0.6289 -0.4901 1.3342 0.6179 0.6544 -0.3079 -0.3085
1305031938.7689 -0.627 -0.487 1.3415 0.6156 0.649 -0.3101 -0.322
1305031938.7989 -0.6249 -0.4838 1.3495 0.6121 0.6418 -0.3148 -0.3382
1305031938.8389 -0.6211 -0.4799 1.3607 0.6077 0.6329 -0.3188 -0.3584
1305031938.8689 -0.6183 -0.4769 1.3695 0.6042 0.6258 -0.322 -0.3737
1305031938.899 -0.6153 -0.4741 1.3777 0.6002 0.6178 -0.3258 -0.3898
1305031938.9389 -0.611 -0.4706 1.3892 0.5975 0.6063 -0.3305 -0.4077
1305031938.9689 -0.6078 -0.4681 1.3976 0.5957 0.598 -0.3355 -0.4183
1305031938.9989 -0.6046 -0.4658 1.4058 0.5939 0.5909 -0.3401 -0.4272
1305031939.0389 -0.6001 -0.4628 1.4164 0.5911 0.5829 -0.3457 -0.4374
1305031939.0689 -0.5969 -0.4604 1.4243 0.5889 0.5748 -0.3513 -0.4466
1305031939.0989 -0.5934 -0.4583 1.4323 0.5878 0.5666 -0.358 -0.4532
1305031939.1389 -0.5878 -0.4555 1.4427 0.5832 0.5579 -0.3651 -0.464
1305031939.1689 -0.5839 -0.4537 1.4508 0.5789 0.5503 -0.3726 -0.4724
1305031939.1988 -0.58 -0.4518 1.4583 0.575 0.5424 -0.3799 -0.4804
1305031939.2389 -0.575 -0.4492 1.4686 0.568 0.5306 -0.3904 -0.4934
1305031939.2689 -0.5716 -0.4475 1.476 -0.5624 -0.5234 0.3967 0.5025
1305031939.2989 -0.5679 -0.4458 1.4833 -0.5563 -0.5151 0.4029 0.5127
1305031939.339 -0.5627 -0.4434 1.4932 -0.5471 -0.5023 0.4121 0.5277
1305031939.3689 -0.5589 -0.4416 1.5009 -0.5372 -0.4907 0.4211 0.5416
1305031939.3989 -0.5546 -0.4394 1.5083 -0.5303 -0.4836 0.4276 0.5496
1305031939.4389 -0.5492 -0.436 1.5175 -0.5226 -0.4746 0.4363 0.558
1305031939.4689 -0.5451 -0.4331 1.5242 -0.5169 -0.4695 0.4423 0.5628
1305031939.4989 -0.5411 -0.43 1.5306 -0.5123 -0.4648 0.4488 0.5658
1305031939.5389 -0.5353 -0.4256 1.5389 -0.5083 -0.4581 0.4549 0.57
1305031939.5689 -0.5307 -0.422 1.5448 -0.5059 -0.4528 0.4582 0.5736
1305031939.5989 -0.5261 -0.4179 1.5503 -0.5045 -0.4478 0.4612 0.5764
1305031939.6389 -0.52 -0.4123 1.5566 -0.5044 -0.4419 0.4645 0.5784
1305031939.6689 -0.5158 -0.4077 1.5609 -0.5054 -0.4382 0.4672 0.5782
1305031939.699 -0.5123 -0.4028 1.5646 -0.5083 -0.435 0.4683 0.5771
1305031939.7389 -0.5079 -0.3957 1.5687 -0.5139 -0.43 0.468 0.5762
1305031939.7689 -0.5049 -0.3902 1.5712 -0.5187 -0.4259 0.467 0.5757
1305031939.7989 -0.5027 -0.3841 1.5735 -0.523 -0.4192 0.4653 0.5782
1305031939.8389 -0.5002 -0.3759 1.5755 -0.5341 -0.411 0.4593 0.5786
1305031939.8689 -0.4988 -0.3698 1.5765 -0.5413 -0.404 0.4546 0.5806
1305031939.8989 -0.4984 -0.3636 1.5771 -0.5488 -0.3968 0.4498 0.5823
1305031939.9389 -0.4996 -0.3559 1.5769 -0.563 -0.3901 0.4401 0.5807
1305031939.9689 -0.5018 -0.3502 1.5762 -0.5748 -0.3875 0.4296 0.5787
1305031940.0089 -0.5061 -0.3431 1.5747 -0.592 -0.3816 0.4146 0.5762
1305031940.0388 -0.5103 -0.3381 1.5736 -0.6027 -0.3771 0.4029 0.5763
1305031940.0689 -0.5147 -0.3336 1.5726 -0.6115 -0.3725 0.39 0.579
1305031940.1089 -0.5209 -0.328 1.5716 -0.6199 -0.3639 0.3748 0.5855
1305031940.1388 -0.5262 -0.3244 1.571 -0.6259 -0.3575 0.365 0.5893
1305031940.1689 -0.5322 -0.3206 1.5704 -0.6299 -0.35 0.3573 0.5942
1305031940.1989 -0.5385 -0.3171 1.5695 -0.6354 -0.3435 0.3511 0.5958
1305031940.2389 -0.5479 -0.3131 1.5676 -0.6453 -0.3345 0.3452 0.5937
1305031940.2689 -0.5552 -0.3098 1.5658 -0.6537 -0.3243 0.3397 0.5934
1305031940.2988 -0.5625 -0.3069 1.5634 -0.6633 -0.3128 0.3338 0.5923
1305031940.3389 -0.5728 -0.3028 1.5594 -0.676 -0.296 0.3218 0.5932
1305031940.3689 -0.5808 -0.2994 1.5557 -0.6892 -0.2836 0.3093 0.5906
1305031940.3989 -0.588 -0.2967 1.5514 -0.706 -0.2707 0.2966 0.5833
1305031940.4388 -0.5986 -0.2923 1.5449 -0.7203 -0.2505 0.2842 0.581
1305031940.4688 -0.6066 -0.2895 1.5397 -0.7306 -0.2382 0.2757 0.5774
1305031940.4989 -0.6139 -0.2867 1.5348 -0.7395 -0.2281 0.2665 0.5745
1305031940.5388 -0.6237 -0.283 1.5286 -0.7488 -0.2162 0.2567 0.5715
1305031940.5689 -0.6307 -0.2804 1.5243 -0.7555 -0.2099 0.2498 0.5681
1305031940.5989 -0.6372 -0.2773 1.5204 -0.7602 -0.2045 0.2422 0.567
1305031940.6389 -0.6447 -0.2727 1.5158 -0.7645 -0.1908 0.2314 0.5706
1305031940.6689 -0.6503 -0.2689 1.5125 -0.7694 -0.1851 0.2227 0.5693
1305031940.6989 -0.6561 -0.2646 1.5094 -0.7731 -0.1814 0.2133 0.5691
1305031940.7388 -0.6632 -0.2584 1.5047 -0.7783 -0.1745 0.2024 0.5682
1305031940.7688 -0.6686 -0.2527 1.501 -0.7816 -0.1688 0.1952 0.5679
1305031940.7988 -0.6742 -0.247 1.4965 -0.786 -0.1655 0.1877 0.5653
1305031940.8388 -0.6821 -0.2386 1.4897 -0.7913 -0.1622 0.1775 0.5621
1305031940.8689 -0.6887 -0.2314 1.4839 -0.7956 -0.1619 0.1692 0.5587
1305031940.8989 -0.6957 -0.2236 1.4777 -0.8008 -0.1616 0.16 0.5541
1305031940.9389 -0.7052 -0.2124 1.4692 -0.8067 -0.1607 0.1484 0.5489
1305031940.9689 -0.7125 -0.2033 1.4626 -0.8113 -0.1592 0.1398 0.5449
1305031940.9989 -0.7203 -0.1942 1.4564 -0.8156 -0.1584 0.132 0.5406
1305031941.0388 -0.7306 -0.1807 1.448 -0.8192 -0.1586 0.1217 0.5375
1305031941.0689 -0.7391 -0.1702 1.4419 -0.8217 -0.1588 0.1166 0.5348
1305031941.0989 -0.7475 -0.1594 1.4358 -0.8247 -0.1584 0.1114 0.5313
1305031941.1388 -0.7589 -0.1441 1.428 -0.8288 -0.1549 0.1039 0.5276
1305031941.1688 -0.7673 -0.1324 1.4223 -0.8322 -0.1493 0.0996 0.5247
1305031941.1989 -0.7758 -0.1203 1.4174 -0.8341 -0.1431 0.0956 0.524
1305031941.2388 -0.7872 -0.1038 1.4113 -0.8372 -0.134 0.0881 0.5229
1305031941.2689 -0.7959 -0.0911 1.4074 -0.8399 -0.1257 0.0827 0.5215
1305031941.2989 -0.8043 -0.0784 1.4042 -0.8419 -0.1167 0.0773 0.5212
1305031941.3388 -0.8148 -0.0614 1.4006 -0.8455 -0.1009 0.0705 0.5196
1305031941.3688 -0.8226 -0.0483 1.398 -0.8486 -0.0888 0.0685 0.5171
1305031941.3989 -0.8304 -0.0355 1.3954 -0.8526 -0.0758 0.0698 0.5122
1305031941.4388 -0.8394 -0.0194 1.392 -0.858 -0.056 0.0738 0.5052
1305031941.4688 -0.8456 -0.0078 1.3895 -0.8601 -0.0407 0.0795 0.5022
1305031941.4989 -0.852 0.0032 1.387 0.8636 0.0293 -0.0833 -0.4964
1305031941.539 -0.8607 0.0181 1.3842 0.8659 0.0169 -0.0789 -0.4937
1305031941.5689 -0.8668 0.0288 1.3821 0.8678 0.0057 -0.0713 -0.4917
1305031941.5989 -0.8732 0.0391 1.3797 0.8709 -0.0051 -0.0635 -0.4873
1305031941.6388 -0.8815 0.0524 1.3759 0.8751 -0.0186 -0.052 -0.4808
1305031941.6692 -0.8879 0.0619 1.3729 0.8769 -0.0295 -0.045 -0.4776
1305031941.6988 -0.8948 0.0708 1.3699 0.8764 -0.0383 -0.0384 -0.4786
1305031941.7388 -0.905 0.0824 1.3652 0.8766 -0.0463 -0.0291 -0.4781
1305031941.7688 -0.9135 0.0912 1.3614 0.8779 -0.0491 -0.0218 -0.4759
1305031941.799 -0.923 0.1001 1.3575 0.8776 -0.0505 -0.0143 -0.4766
1305031941.8388 -0.9364 0.1118 1.3521 0.8764 -0.0524 -0.0061 -0.4786
1305031941.8688 -0.9471 0.1202 1.3478 0.876 -0.0536 -0.0011 -0.4792
1305031941.8988 -0.958 0.1282 1.3434 0.8739 -0.0557 0.0032 -0.4829
1305031941.9388 -0.9726 0.1392 1.338 0.8693 -0.0596 0.0093 -0.4905
1305031941.9689 -0.9839 0.1476 1.334 0.8653 -0.0644 0.0136 -0.4969
1305031941.9989 -0.9952 0.1556 1.3302 -0.8612 0.0686 -0.0172 0.5033
1305031942.0388 -1.0108 0.1657 1.3248 -0.8576 0.0694 -0.0186 0.5093
1305031942.0688 -1.0229 0.1735 1.3198 -0.8555 0.0687 -0.0185 0.5128
1305031942.0988 -1.0351 0.1809 1.314 -0.8598 0.0677 -0.0196 0.5057
1305031942.1388 -1.0507 0.1903 1.3058 0.8633 -0.0649 0.0234 -0.5
1305031942.1688 -1.0617 0.1969 1.2998 0.864 -0.0649 0.0277 -0.4985
1305031942.1989 -1.0721 0.2036 1.2928 0.8663 -0.0649 0.0309 -0.4943
1305031942.2388 -1.0844 0.2125 1.2836 0.8674 -0.0654 0.0368 -0.4919
1305031942.2689 -1.0929 0.2188 1.2763 0.8703 -0.0684 0.0397 -0.4861
1305031942.2988 -1.1003 0.2253 1.2691 0.8752 -0.0701 0.0403 -0.4769
1305031942.3388 -1.1093 0.2336 1.2598 0.8789 -0.0733 0.0391 -0.4698
1305031942.3688 -1.1157 0.2397 1.2531 0.8835 -0.0745 0.0371 -0.461
1305031942.3988 -1.1219 0.246 1.2474 0.887 -0.0712 0.0351 -0.455
1305031942.4388 -1.1287 0.2551 1.241 0.887 -0.0667 0.0347 -0.4556
1305031942.4688 -1.1329 0.2618 1.2369 0.8858 -0.0665 0.0356 -0.4578
1305031942.4988 -1.1364 0.2687 1.233 0.8865 -0.0677 0.0351 -0.4564
1305031942.5388 -1.1404 0.2784 1.2283 0.8854 -0.0649 0.0326 -0.4591
1305031942.5688 -1.1432 0.2859 1.2251 0.8846 -0.0624 0.0303 -0.4611
1305031942.5988 -1.1457 0.2936 1.2219 0.8846 -0.0593 0.0271 -0.4618
1305031942.6388 -1.1489 0.3041 1.2176 0.8849 -0.0549 0.0242 -0.4619
1305031942.6688 -1.151 0.3122 1.2141 0.8875 -0.0492 0.0207 -0.4577
1305031942.7088 -1.1533 0.3239 1.2096 0.8894 -0.041 0.019 -0.4548
1305031942.7388 -1.1546 0.3326 1.2065 0.8914 -0.0374 0.019 -0.4513
1305031942.7689 -1.1556 0.3414 1.2034 0.8928 -0.0361 0.0179 -0.4487
1305031942.7989 -1.1562 0.35 1.2009 0.8936 -0.034 0.0191 -0.4471
1305031942.8388 -1.1565 0.3622 1.1974 0.8945 -0.0318 0.0203 -0.4455
1305031942.8689 -1.1564 0.3707 1.1952 0.8952 -0.0284 0.0172 -0.4444
1305031942.9088 -1.1562 0.3819 1.1924 0.8968 -0.0244 0.0134 -0.4416
1305031942.9388 -1.1553 0.3901 1.1904 0.8973 -0.0213 0.0119 -0.4408
1305031942.9688 -1.1541 0.398 1.1894 0.8971 -0.0194 0.0125 -0.4412
1305031942.9988 -1.1529 0.4057 1.1891 0.8976 -0.0167 0.0123 -0.4403
1305031943.0388 -1.1505 0.4163 1.1892 0.8955 -0.0094 0.0099 -0.4449
1305031943.0688 -1.1482 0.4244 1.1894 0.8965 -0.0056 0.0071 -0.4429
1305031943.1088 -1.1435 0.4361 1.1905 0.8973 -0.0025 0.0039 -0.4414
1305031943.1389 -1.1386 0.4452 1.1922 0.8973 -0.0033 0.0018 -0.4414
1305031943.1688 -1.1328 0.4551 1.1944 0.8972 -0.0043 -0.0006 -0.4417
1305031943.1989 -1.1264 0.465 1.1973 0.8974 -0.0043 -0.0024 -0.4413
1305031943.2388 -1.1169 0.4784 1.2025 0.8972 -0.0049 -0.0044 -0.4415
1305031943.2688 -1.1094 0.4884 1.2075 0.8973 -0.0055 -0.0061 -0.4414
1305031943.3088 -1.099 0.5013 1.2157 0.8947 -0.0039 -0.0089 -0.4466
1305031943.3388 -1.091 0.5108 1.2227 0.8919 -0.0027 -0.0108 -0.4521
1305031943.3688 -1.0829 0.5199 1.2304 0.8893 -0.0033 -0.0126 -0.4571
1305031943.3989 -1.075 0.5289 1.2384 0.8863 -0.004 -0.0151 -0.4628
1305031943.4388 -1.0646 0.5399 1.2498 0.8819 -0.004 -0.0169 -0.4711
1305031943.4688 -1.0573 0.5477 1.2582 0.8791 -0.0039 -0.0168 -0.4764
1305031943.4988 -1.0501 0.5545 1.2666 0.8782 -0.004 -0.0169 -0.478
1305031943.5388 -1.041 0.5633 1.278 0.8738 -0.0054 -0.0167 -0.486
1305031943.5688 -1.0339 0.569 1.2861 0.8722 -0.0071 -0.0167 -0.4888
1305031943.6088 -1.0258 0.5763 1.2971 0.8719 -0.0087 -0.0172 -0.4893
1305031943.6388 -1.0199 0.581 1.3055 0.8731 -0.009 -0.0155 -0.4873
1305031943.6688 -1.0144 0.5854 1.3141 0.8707 -0.0089 -0.0125 -0.4915
1305031943.7088 -1.0078 0.5909 1.3266 -0.8642 0.0078 0.01 0.5029
1305031943.7388 -1.0035 0.595 1.3361 -0.8606 0.0068 0.0083 0.5091
1305031943.7688 -0.9997 0.5993 1.3455 -0.8585 0.004 0.0069 0.5127
1305031943.8088 -0.9952 0.6046 1.3581 -0.8558 0.0001 0.0062 0.5173
1305031943.8389 -0.9923 0.6087 1.3677 -0.8548 -0.003 0.0048 0.519
1305031943.8688 -0.9903 0.6126 1.377 -0.8502 -0.0063 0.0052 0.5263
1305031943.9088 -0.9882 0.6177 1.3889 -0.8453 -0.0105 0.0064 0.5342
1305031943.9388 -0.9865 0.621 1.3975 -0.8411 -0.0123 0.0092 0.5407
1305031943.9688 -0.9847 0.6255 1.405 -0.8319 -0.0142 0.0078 0.5547
1305031944.0089 -0.9831 0.6289 1.4153 -0.8293 -0.009 0.0067 0.5587
1305031944.0388 -0.9818 0.6311 1.4224 -0.8245 -0.0022 0.0035 0.5659
1305031944.0689 -0.9799 0.6327 1.4293 -0.8187 0.0038 -0.002 0.5743
1305031944.1088 -0.978 0.6334 1.4377 -0.8124 0.0143 -0.0077 0.5829
1305031944.1388 -0.9768 0.6337 1.4431 -0.8068 0.0225 -0.0101 0.5903
1305031944.1689 -0.9754 0.6329 1.4477 -0.8018 0.0282 -0.012 0.5968
1305031944.2089 -0.974 0.6307 1.453 -0.7991 0.0345 -0.0136 0.6
1305031944.2388 -0.9731 0.6285 1.4563 -0.797 0.0388 -0.0142 0.6026
1305031944.2688 -0.972 0.6259 1.4594 -0.7961 0.0452 -0.0164 0.6032
1305031944.3088 -0.9703 0.6217 1.4634 -0.7944 0.0551 -0.0202 0.6045
1305031944.3388 -0.9688 0.618 1.4664 -0.7941 0.0636 -0.0244 0.6039
1305031944.3688 -0.9669 0.6144 1.4691 -0.793 0.0733 -0.028 0.6041
1305031944.4088 -0.9642 0.6101 1.4727 -0.7906 0.0908 -0.033 0.6046
1305031944.4389 -0.9618 0.6051 1.4751 -0.7939 0.1055 -0.0375 0.5976
1305031944.4687 -0.959 0.6003 1.4772 -0.7936 0.1226 -0.043 0.5944
1305031944.5088 -0.9552 0.5928 1.4801 -0.7925 0.1411 -0.055 0.5908
1305031944.5388 -0.9525 0.587 1.4818 -0.7934 0.1531 -0.0629 0.5857
1305031944.5688 -0.9496 0.581 1.483 -0.7946 0.1633 -0.0686 0.5808
1305031944.6087 -0.9454 0.5736 1.4841 -0.7975 0.1746 -0.0754 0.5726
1305031944.6388 -0.9426 0.568 1.4845 -0.7991 0.1812 -0.0821 0.5674
1305031944.6688 -0.9394 0.5633 1.4847 -0.8013 0.1879 -0.0907 0.5607
1305031944.7088 -0.9349 0.5566 1.4844 -0.8086 0.2019 -0.1018 0.5432
1305031944.7388 -0.9315 0.5523 1.4845 -0.8088 0.2115 -0.1107 0.5374
1305031944.7688 -0.9281 0.548 1.4848 -0.8096 0.219 -0.12 0.5313
1305031944.8088 -0.9233 0.5423 1.4845 -0.8117 0.227 -0.129 0.5225
1305031944.8388 -0.9194 0.5385 1.4837 -0.8146 0.2318 -0.132 0.515
1305031944.8788 -0.9141 0.5338 1.4829 -0.8148 0.2412 -0.1354 0.5095
1305031944.9087 -0.91 0.5303 1.4824 -0.8162 0.2458 -0.1397 0.5038
1305031944.9388 -0.9055 0.527 1.4817 0.8172 -0.25 0.1456 -0.4984
1305031944.9688 -0.9013 0.5237 1.4818 0.8145 -0.2566 0.1497 -0.4983
1305031945.0088 -0.8952 0.5187 1.4833 -0.8022 0.2627 -0.1561 0.513
1305031945.0388 -0.8909 0.5143 1.4854 -0.792 0.266 -0.1592 0.526
1305031945.0688 -0.8863 0.5102 1.4876 -0.7825 0.2681 -0.1599 0.5388
1305031945.1088 -0.8802 0.5049 1.4917 -0.7684 0.2656 -0.1613 0.5595
1305031945.1387 -0.8761 0.5009 1.4952 -0.7576 0.2623 -0.1641 0.5747
1305031945.1688 -0.8719 0.4972 1.4986 -0.7489 0.2582 -0.165 0.5876
1305031945.2088 -0.8663 0.4927 1.5031 -0.7381 0.2516 -0.1696 0.6026
1305031945.2388 -0.8621 0.4893 1.5062 -0.7357 0.2486 -0.1757 0.6051
1305031945.2688 -0.857 0.4862 1.5089 -0.733 0.2467 -0.1816 0.6074
1305031945.3088 -0.8499 0.4817 1.5128 -0.7268 0.2448 -0.1843 0.6147
1305031945.3388 -0.8443 0.4779 1.5158 -0.7194 0.2415 -0.1844 0.6247
1305031945.3688 -0.8386 0.4735 1.5188 -0.717 0.2392 -0.1808 0.6293
1305031945.4088 -0.8306 0.4676 1.5228 -0.7108 0.2346 -0.1753 0.6395
1305031945.4388 -0.8243 0.4627 1.5257 -0.7032 0.2287 -0.1745 0.6502
1305031945.4688 -0.8175 0.4581 1.5278 -0.6975 0.2236 -0.1756 0.6577
1305031945.5087 -0.8077 0.4523 1.5295 -0.695 0.2179 -0.1783 0.6615
1305031945.5388 -0.7997 0.4472 1.5298 -0.6893 0.217 -0.1832 0.6665
1305031945.5688 -0.7909 0.4425 1.5293 -0.6821 0.2197 -0.1899 0.6711
1305031945.6088 -0.779 0.4364 1.5268 -0.6827 0.2249 -0.1946 0.6674
1305031945.6388 -0.77 0.4323 1.5244 -0.6826 0.2267 -0.1954 0.6667
1305031945.6688 -0.7613 0.4283 1.5215 -0.6847 0.229 -0.1959 0.6636
1305031945.7088 -0.7499 0.4225 1.5168 -0.6907 0.2315 -0.1963 0.6564
1305031945.7388 -0.7421 0.4181 1.5131 -0.692 0.2343 -0.1987 0.6533
1305031945.7688 -0.7345 0.4135 1.509 -0.6961 0.24 -0.2014 0.646
1305031945.8088 -0.7249 0.407 1.503 -0.7049 0.2474 -0.2021 0.6333
1305031945.8388 -0.7181 0.4016 1.4981 -0.7108 0.2533 -0.203 0.624
1305031945.8688 -0.7117 0.3958 1.4928 -0.72 0.2611 -0.2011 0.6107
1305031945.909 -0.7032 0.3878 1.4851 -0.7331 0.2733 -0.1977 0.5906
1305031945.9387 -0.6973 0.3813 1.4796 -0.7406 0.2835 -0.198 0.5761
1305031945.9688 -0.6913 0.3747 1.474 -0.7469 0.2936 -0.1999 0.5621
1305031946.0088 -0.6841 0.3654 1.4669 -0.7563 0.3088 -0.2027 0.54
1305031946.0388 -0.6793 0.3582 1.4619 -0.7612 0.3202 -0.2038 0.5259
1305031946.0688 -0.6751 0.3507 1.4573 -0.7637 0.3299 -0.2059 0.5153
1305031946.1087 -0.6706 0.3399 1.452 -0.7664 0.342 -0.2073 0.5027
1305031946.1388 -0.6686 0.3315 1.4487 0.7676 -0.346 0.2096 -0.4972
1305031946.1688 -0.6673 0.3233 1.4458 0.768 -0.3486 0.213 -0.4933
1305031946.2087 -0.6672 0.3115 1.442 0.7702 -0.355 0.2133 -0.4851
1305031946.2388 -0.6687 0.3024 1.4394 0.773 -0.3579 0.2116 -0.4792
1305031946.2688 -0.6721 0.2932 1.4369 0.7762 -0.3572 0.2087 -0.4758
1305031946.3088 -0.6792 0.2802 1.4341 0.7839 -0.3525 0.2016 -0.4697
1305031946.3387 -0.6863 0.2693 1.4322 0.7889 -0.3499 0.1972 -0.4652
1305031946.3688 -0.6945 0.2581 1.4308 0.7926 -0.3474 0.1948 -0.4616
1305031946.4088 -0.7068 0.2413 1.43 0.7983 -0.3438 0.1905 -0.4563
1305031946.4388 -0.7165 0.2281 1.4298 0.8003 -0.3431 0.1869 -0.4549
1305031946.4688 -0.7265 0.2146 1.4301 0.8015 -0.3423 0.1836 -0.4547
1305031946.5087 -0.7394 0.1962 1.4309 0.8029 -0.342 0.1805 -0.4537
1305031946.5387 -0.7493 0.1821 1.4321 0.8035 -0.3429 0.179 -0.4525
1305031946.5688 -0.7593 0.1678 1.4332 0.8033 -0.3459 0.1785 -0.4508
1305031946.6088 -0.7719 0.1494 1.4352 0.8015 -0.3508 0.1809 -0.4492
1305031946.6388 -0.7815 0.1354 1.4366 0.8005 -0.3529 0.1847 -0.4479
1305031946.6688 -0.7915 0.1219 1.4384 0.8 -0.3554 0.1879 -0.4454
1305031946.7088 -0.8042 0.1042 1.4412 0.7988 -0.3563 0.1946 -0.444
1305031946.7388 -0.8138 0.0911 1.4432 0.8004 -0.3565 0.1959 -0.4404
1305031946.7688 -0.8227 0.078 1.4452 0.8017 -0.3578 0.1975 -0.4362
1305031946.8087 -0.8341 0.0606 1.4487 0.8023 -0.3609 0.1997 -0.4315
1305031946.8388 -0.8427 0.0479 1.4514 0.8032 -0.3625 0.1999 -0.4284
1305031946.8688 -0.8513 0.0357 1.4547 0.8035 -0.3608 0.2012 -0.4286
1305031946.9088 -0.8616 0.0195 1.4591 0.8043 -0.3591 0.1973 -0.4304
1305031946.9388 -0.8682 0.0076 1.462 0.8055 -0.3585 0.1939 -0.4302
1305031946.9688 -0.8743 -0.0042 1.4645 0.8075 -0.3587 0.191 -0.4275
1305031947.0088 -0.8804 -0.0201 1.4676 0.8112 -0.3558 0.1857 -0.4252
1305031947.0388 -0.8837 -0.0317 1.4695 0.8118 -0.3556 0.183 -0.4254
1305031947.0688 -0.8864 -0.0433 1.4712 0.8125 -0.3556 0.183 -0.424
1305031947.1088 -0.8881 -0.0583 1.473 0.813 -0.3514 0.1869 -0.425
1305031947.1387 -0.8874 -0.0692 1.4734 0.8124 -0.3529 0.1898 -0.4237
1305031947.1688 -0.8855 -0.08 1.4731 0.8121 -0.3561 0.1901 -0.4215
1305031947.2088 -0.8809 -0.0938 1.4723 0.8123 -0.3557 0.19 -0.4214
1305031947.2388 -0.8763 -0.1034 1.4714 0.8134 -0.353 0.1897 -0.4216
1305031947.2688 -0.8701 -0.1128 1.4697 0.8174 -0.3472 0.1882 -0.4194
1305031947.3087 -0.8604 -0.1253 1.4663 0.8237 -0.3445 0.1832 -0.4115
1305031947.3389 -0.8522 -0.1344 1.4639 0.8278 -0.3387 0.1809 -0.4089
1305031947.3688 -0.8429 -0.1435 1.4615 0.8318 -0.3293 0.1805 -0.4087
1305031947.4088 -0.8291 -0.1564 1.4585 0.8356 -0.3212 0.1769 -0.409
1305031947.4387 -0.818 -0.1664 1.4563 0.8371 -0.3169 0.1722 -0.4114
1305031947.4688 -0.8072 -0.1759 1.455 0.8364 -0.3094 0.1701 -0.4193
1305031947.5088 -0.7919 -0.1892 1.4534 0.8377 -0.2956 0.1653 -0.4283
1305031947.5388 -0.7798 -0.1997 1.452 0.8397 -0.2871 0.1592 -0.4326
1305031947.5688 -0.7681 -0.2104 1.4508 0.8429 -0.2761 0.1514 -0.4362
1305031947.6088 -0.7516 -0.2252 1.4495 0.8478 -0.2559 0.1463 -0.4409
1305031947.6387 -0.7391 -0.2373 1.4488 0.8493 -0.244 0.1433 -0.4457
1305031947.6687 -0.7265 -0.2495 1.448 0.8503 -0.2314 0.138 -0.4522
1305031947.7088 -0.7095 -0.2657 1.4471 0.851 -0.2092 0.1329 -0.4631
1305031947.7388 -0.6967 -0.2779 1.4462 0.8518 -0.1935 0.1301 -0.4692
1305031947.7687 -0.6836 -0.2899 1.4454 0.8504 -0.1796 0.1279 -0.4776
1305031947.8087 -0.6652 -0.306 1.4438 0.8519 -0.1663 0.1262 -0.4804
1305031947.8388 -0.652 -0.317 1.4423 0.8509 -0.1542 0.1251 -0.4864
1305031947.8687 -0.6391 -0.3272 1.441 0.8509 -0.1413 0.1236 -0.4907
1305031947.9087 -0.6228 -0.3397 1.4387 0.8532 -0.1269 0.1206 -0.4913
1305031947.9387 -0.6111 -0.3476 1.4374 0.8538 -0.1166 0.1169 -0.4937
1305031947.9687 -0.5992 -0.355 1.4358 0.856 -0.1086 0.1136 -0.4924
1305031948.0088 -0.5831 -0.3643 1.4339 0.8588 -0.0994 0.1093 -0.4905
1305031948.0388 -0.5709 -0.3706 1.433 0.8583 -0.0952 0.106 -0.493
1305031948.0688 -0.5585 -0.3766 1.4321 0.8576 -0.0926 0.1053 -0.4949
1305031948.1088 -0.5416 -0.383 1.4307 0.8563 -0.0878 0.1019 -0.4986
1305031948.1387 -0.5288 -0.3874 1.4295 0.8573 -0.0836 0.0979 -0.4986
1305031948.1688 -0.5158 -0.3907 1.4282 -0.8566 0.0768 -0.0937 0.5016
1305031948.2088 -0.4977 -0.3939 1.4262 -0.8567 0.066 -0.0888 0.5038
1305031948.2388 -0.4834 -0.3959 1.4244 -0.8583 0.0581 -0.0847 0.5028
1305031948.2687 -0.4683 -0.3959 1.4224 -0.8572 0.0528 -0.0793 0.506
1305031948.3088 -0.4467 -0.3951 1.4194 -0.8567 0.0499 -0.072 0.5084
1305031948.3387 -0.4294 -0.3941 1.4171 -0.858 0.0506 -0.0707 0.5062
1305031948.3687 -0.4115 -0.3928 1.4149 -0.8595 0.0514 -0.0703 0.5037
1305031948.4088 -0.3866 -0.3901 1.4121 -0.8599 0.0513 -0.0721 0.5027
1305031948.4387 -0.3671 -0.3879 1.4097 0.8642 -0.0529 0.0732 -0.495
1305031948.4687 -0.3479 -0.3856 1.4083 0.8683 -0.0546 0.0696 -0.488
1305031948.5088 -0.3214 -0.3811 1.4062 0.8707 -0.0543 0.0689 -0.484
1305031948.5388 -0.3017 -0.378 1.4053 0.8732 -0.0546 0.0702 -0.4791
1305031948.5688 -0.282 -0.375 1.4045 0.8733 -0.0544 0.0733 -0.4786
1305031948.6087 -0.2566 -0.3715 1.4039 0.8761 -0.051 0.0783 -0.4729
1305031948.6387 -0.2387 -0.3685 1.4036 0.8781 -0.0493 0.0817 -0.4688
1305031948.6687 -0.221 -0.3662 1.4032 0.8793 -0.0461 0.0849 -0.4665
1305031948.7088 -0.197 -0.3631 1.4021 0.8816 -0.0443 0.093 -0.4606
1305031948.7387 -0.1792 -0.3614 1.4012 0.8833 -0.0455 0.0962 -0.4565
1305031948.7688 -0.1615 -0.3596 1.3997 0.8846 -0.0478 0.0967 -0.4538
1305031948.8087 -0.138 -0.3573 1.3972 0.8878 -0.0523 0.0985 -0.4466
1305031948.8387 -0.1205 -0.3554 1.3949 0.89 -0.0573 0.0983 -0.4415
1305031948.8687 -0.103 -0.3534 1.3917 0.8944 -0.0629 0.0979 -0.4318
1305031948.9088 -0.0803 -0.3514 1.3871 0.9009 -0.0708 0.0944 -0.4177
1305031948.9388 -0.0638 -0.3497 1.3827 0.9047 -0.0744 0.0899 -0.4097
1305031948.9687 -0.0477 -0.3474 1.377 0.9104 -0.0758 0.0854 -0.3976
1305031949.0088 -0.027 -0.344 1.3681 0.9189 -0.0765 0.0786 -0.3789
1305031949.0387 -0.0123 -0.3418 1.361 0.9242 -0.0777 0.0769 -0.3659
1305031949.0688 0.0018 -0.3399 1.3538 0.93 -0.0786 0.0748 -0.3513
1305031949.1088 0.0193 -0.3375 1.3441 0.9366 -0.0755 0.0667 -0.3357
1305031949.1388 0.0317 -0.336 1.3369 0.9413 -0.0707 0.0601 -0.3246
1305031949.1688 0.0435 -0.3352 1.3304 0.9448 -0.0644 0.0524 -0.3169
1305031949.2087 0.059 -0.3345 1.3221 0.9497 -0.0513 0.0417 -0.3062
1305031949.2388 0.0707 -0.3341 1.3164 0.9523 -0.0401 0.0339 -0.3006
1305031949.2687 0.0822 -0.3339 1.3115 0.9548 -0.0303 0.0265 -0.2944
1305031949.3087 0.0979 -0.3338 1.3065 0.9559 -0.0168 0.0189 -0.2926
1305031949.3387 0.11 -0.3336 1.3035 0.9572 -0.0046 0.0148 -0.289
1305031949.369 0.1223 -0.3332 1.3016 0.9587 0.0082 0.013 -0.2841
1305031949.4087 0.1388 -0.3337 1.3017 0.9591 0.0232 0.0141 -0.2817
1305031949.4388 0.1511 -0.3341 1.303 0.9579 0.0334 0.0126 -0.285
1305031949.4688 0.1629 -0.3343 1.3053 0.9574 0.0434 0.0097 -0.2852
1305031949.5087 0.178 -0.3341 1.3103 0.9565 0.0536 0.0046 -0.2868
1305031949.5387 0.1885 -0.3337 1.3154 0.9544 0.0605 -0.0002 -0.2923
1305031949.5688 0.1983 -0.333 1.3215 0.9509 0.0688 -0.0051 -0.3017
1305031949.6087 0.2102 -0.3315 1.3305 0.9468 0.0816 -0.0093 -0.3113
1305031949.6387 0.2184 -0.3304 1.3381 0.9428 0.0889 -0.0127 -0.3211
1305031949.6687 0.2257 -0.3288 1.3459 0.9376 0.0945 -0.0158 -0.3344
1305031949.7087 0.2346 -0.3261 1.357 0.9315 0.1015 -0.0162 -0.349
1305031949.7387 0.2405 -0.3238 1.3655 0.9271 0.1032 -0.0171 -0.3598
1305031949.7687 0.246 -0.3215 1.3744 0.9218 0.103 -0.0186 -0.3732
1305031949.8088 0.2524 -0.3186 1.3865 0.914 0.1055 -0.019 -0.3914
1305031949.8387 0.257 -0.3165 1.3958 0.9082 0.1075 -0.0189 -0.404
1305031949.8687 0.2614 -0.3142 1.405 0.9012 0.1082 -0.0207 -0.4192
1305031949.9087 0.2672 -0.3108 1.4174 0.8904 0.1098 -0.0216 -0.4411
1305031949.9387 0.2721 -0.3086 1.4264 0.8836 0.1097 -0.0184 -0.4548
1305031949.9687 0.2772 -0.3061 1.4352 0.8765 0.1079 -0.0142 -0.469
1305031950.0087 0.2841 -0.3026 1.4469 0.8674 0.1008 -0.0089 -0.4873
1305031950.0387 0.2893 -0.3003 1.4557 0.8615 0.093 -0.006 -0.4991
1305031950.0688 0.2943 -0.2968 1.4644 -0.853 -0.0833 0.0028 0.5152
1305031950.1087 0.3011 -0.2927 1.4764 -0.8423 -0.0705 0.0 0.5344
1305031950.1387 0.3062 -0.2893 1.486 -0.8291 -0.0602 -0.0004 0.5559
1305031950.1688 0.3106 -0.286 1.4953 -0.8157 -0.0506 -0.0004 0.5763
1305031950.2087 0.3164 -0.2816 1.5075 -0.7965 -0.0394 -0.0027 0.6034
1305031950.2387 0.3206 -0.2782 1.5168 -0.7814 -0.0331 -0.0065 0.6231
1305031950.2688 0.3244 -0.2746 1.5256 -0.7695 -0.0284 -0.0099 0.6379
1305031950.3087 0.3292 -0.2701 1.5364 -0.7562 -0.0242 -0.0161 0.6537
1305031950.3388 0.3325 -0.2668 1.5441 -0.7461 -0.0225 -0.0203 0.6651
1305031950.369 0.3355 -0.2634 1.5515 -0.7348 -0.0213 -0.0229 0.6776
1305031950.4088 0.3391 -0.2593 1.5604 -0.7206 -0.0231 -0.0248 0.6925
1305031950.4387 0.3416 -0.2562 1.5667 -0.7108 -0.0261 -0.0241 0.7025
1305031950.4687 0.3441 -0.253 1.5718 -0.7017 -0.0285 -0.0221 0.7115
1305031950.5087 0.3475 -0.2482 1.5772 -0.6924 -0.0297 -0.02 0.7206
1305031950.5387 0.3502 -0.2444 1.5798 -0.6893 -0.0288 -0.0183 0.7237
1305031950.5687 0.3529 -0.2404 1.5811 -0.6883 -0.0265 -0.0183 0.7247
1305031950.6087 0.3568 -0.2347 1.5806 -0.6904 -0.0199 -0.0177 0.7229
1305031950.6387 0.3597 -0.2306 1.5784 -0.6943 -0.0155 -0.0168 0.7193
1305031950.6687 0.3627 -0.2267 1.5748 -0.7004 -0.0133 -0.0164 0.7135
1305031950.7088 0.3666 -0.2217 1.5683 -0.71 -0.0143 -0.0135 0.7039
1305031950.7387 0.3697 -0.2185 1.5623 -0.7198 -0.017 -0.0115 0.6938
1305031950.7687 0.3731 -0.2159 1.5555 -0.7308 -0.0195 -0.0088 0.6822
1305031950.8087 0.3785 -0.213 1.5458 -0.7462 -0.023 -0.0049 0.6653
1305031950.8388 0.3831 -0.2115 1.538 -0.7577 -0.0239 -0.0029 0.6522
1305031950.8687 0.3883 -0.2105 1.5303 -0.7679 -0.0243 0.0004 0.6401
1305031950.9087 0.3956 -0.2099 1.5199 -0.7809 -0.0255 0.0046 0.6241
1305031950.9388 0.4018 -0.2104 1.5124 -0.7909 -0.0275 0.0068 0.6113
1305031950.9687 0.4084 -0.211 1.5048 -0.798 -0.0302 0.0105 0.6018
1305031951.0087 0.4179 -0.2134 1.4955 -0.8053 -0.0354 0.0131 0.5917
1305031951.0387 0.4257 -0.2154 1.4893 -0.8075 -0.0404 0.0142 0.5883
1305031951.0687 0.4338 -0.2183 1.4833 -0.8127 -0.0448 0.0148 0.5808
1305031951.1087 0.4455 -0.2223 1.4759 -0.8186 -0.0518 0.0157 0.5719
1305031951.1387 0.4548 -0.2262 1.4709 -0.8231 -0.0587 0.0184 0.5646
1305031951.1687 0.4637 -0.2304 1.4659 -0.8272 -0.067 0.0214 0.5574
1305031951.2087 0.4766 -0.2374 1.459 -0.8367 -0.0823 0.0266 0.5407
1305031951.2387 0.4869 -0.2429 1.4535 -0.8431 -0.0954 0.0287 0.5284
1305031951.2687 0.4981 -0.2493 1.4482 -0.8478 -0.1083 0.0278 0.5185
1305031951.3087 0.5141 -0.2577 1.4407 -0.8495 -0.1264 0.0259 0.5115
1305031951.3387 0.5266 -0.264 1.435 -0.8531 -0.1407 0.0236 0.5018
1305031951.3687 0.5403 -0.2697 1.4294 0.8567 0.153 -0.0202 -0.4922
1305031951.4087 0.5595 -0.2764 1.4223 0.8591 0.1662 -0.0172 -0.4837
1305031951.4387 0.5752 -0.281 1.4169 0.8628 0.1727 -0.0133 -0.475
1305031951.4687 0.5913 -0.2847 1.4116 0.866 0.1755 -0.0112 -0.4681
1305031951.5087 0.6131 -0.288 1.4047 0.8713 0.175 -0.0102 -0.4584
1305031951.5387 0.6298 -0.2897 1.3996 0.876 0.1713 -0.0088 -0.4507
1305031951.5687 0.6465 -0.2908 1.3944 0.8803 0.1668 -0.0079 -0.444
1305031951.6087 0.6684 -0.2905 1.3871 0.8851 0.1636 -0.0079 -0.4356
1305031951.6387 0.6848 -0.289 1.3812 0.8879 0.1628 -0.0053 -0.4303
1305031951.6689 0.7012 -0.2866 1.3753 0.8917 0.162 -0.0008 -0.4226
1305031951.7087 0.7228 -0.2817 1.367 0.8973 0.1583 0.0024 -0.4121
1305031951.7387 0.7389 -0.277 1.3605 0.9026 0.1547 0.0043 -0.4017
1305031951.7687 0.7548 -0.272 1.3539 0.9071 0.1509 0.0057 -0.393
1305031951.8088 0.7759 -0.2649 1.3456 0.9122 0.1452 0.0087 -0.3831
1305031951.8387 0.7915 -0.259 1.3392 0.9159 0.141 0.0127 -0.3756
1305031951.8687 0.8071 -0.2529 1.3329 0.9197 0.137 0.0156 -0.3677
1305031951.9087 0.8273 -0.2447 1.3251 0.9238 0.1308 0.0178 -0.3595
1305031951.9387 0.8419 -0.2388 1.3197 0.9268 0.1264 0.0195 -0.3532
1305031951.9687 0.8563 -0.2324 1.3146 0.9288 0.1237 0.0169 -0.3489
1305031952.0088 0.8742 -0.2237 1.3084 0.9307 0.1232 0.0101 -0.3443
1305031952.0387 0.8869 -0.2172 1.3047 0.9312 0.1253 0.005 -0.3422
1305031952.0687 0.8988 -0.2106 1.3018 0.93 0.1297 -0.0004 -0.3438
1305031952.1087 0.9138 -0.2013 1.2991 0.926 0.1402 -0.0074 -0.3505
1305031952.1387 0.9238 -0.1939 1.2976 0.9225 0.1529 -0.0147 -0.3541
1305031952.1687 0.933 -0.1858 1.2966 0.9204 0.1667 -0.0242 -0.3528
1305031952.2087 0.9443 -0.1753 1.2963 0.9162 0.1873 -0.035 -0.3526
1305031952.2387 0.9523 -0.1671 1.2972 0.9106 0.2059 -0.0411 -0.356
1305031952.2687 0.9596 -0.1588 1.2985 0.9068 0.2215 -0.0472 -0.3556
1305031952.3088 0.969 -0.1476 1.3013 0.9028 0.2386 -0.0519 -0.3541
1305031952.3387 0.976 -0.1386 1.3036 0.8977 0.248 -0.0517 -0.3605
1305031952.3687 0.9831 -0.1291 1.3058 0.8955 0.2526 -0.0506 -0.363
1305031952.4087 0.9929 -0.1164 1.309 0.8962 0.251 -0.0503 -0.3624
1305031952.4387 0.9997 -0.1068 1.3113 0.8966 0.2473 -0.0513 -0.3637
1305031952.4687 1.006 -0.0975 1.3134 0.8964 0.2447 -0.0525 -0.3658
1305031952.5087 1.0145 -0.0852 1.3159 0.8958 0.2427 -0.053 -0.3685
1305031952.5387 1.0203 -0.0767 1.3176 0.8949 0.241 -0.0533 -0.3717
1305031952.5687 1.0254 -0.0687 1.3195 0.8929 0.2396 -0.0544 -0.3772
1305031952.6088 1.0314 -0.0587 1.3211 0.8901 0.2391 -0.0568 -0.3838
1305031952.6387 1.0351 -0.052 1.3222 0.8881 0.239 -0.0596 -0.3882
1305031952.6687 1.038 -0.0456 1.323 0.8846 0.239 -0.0637 -0.3953
1305031952.7087 1.041 -0.0382 1.3236 0.8794 0.2374 -0.0728 -0.4062
1305031952.7387 1.0425 -0.0331 1.3241 0.8746 0.2384 -0.0809 -0.4145
1305031952.7687 1.0438 -0.0285 1.3244 0.8698 0.2426 -0.0902 -0.4202
1305031952.8087 1.045 -0.0232 1.3251 0.8607 0.25 -0.1069 -0.4304
1305031952.8387 1.0459 -0.0194 1.3259 0.8528 0.2564 -0.12 -0.4389
1305031952.8687 1.0468 -0.0155 1.327 0.8449 0.2628 -0.1336 -0.4464
1305031952.9087 1.0494 -0.0113 1.3299 0.8321 0.2723 -0.1496 -0.4594
1305031952.9387 1.0518 -0.0076 1.3332 0.8234 0.2829 -0.1595 -0.4654
1305031952.9687 1.0544 -0.0037 1.3367 0.8196 0.2927 -0.1687 -0.4626
1305031953.0087 1.0585 0.0015 1.3422 0.8095 0.2997 -0.1829 -0.4706
1305031953.0387 1.0624 0.0055 1.347 0.8051 0.3068 -0.187 -0.472
1305031953.0687 1.0657 0.0099 1.3515 0.7994 0.3128 -0.1915 -0.4759
1305031953.1087 1.0702 0.0155 1.357 0.7943 0.32 -0.1973 -0.4772
1305031953.1387 1.0732 0.0192 1.3613 0.7906 0.3244 -0.2013 -0.4788
1305031953.1687 1.0762 0.0224 1.3654 0.7866 0.3291 -0.203 -0.4814
1305031953.2087 1.0794 0.0261 1.3708 0.7804 0.3378 -0.2047 -0.4848
1305031953.2387 1.0812 0.028 1.3746 0.7749 0.3457 -0.2066 -0.4872
1305031953.2687 1.0824 0.0295 1.3786 0.7692 0.3531 -0.21 -0.4893
1305031953.3087 1.0833 0.0308 1.3838 0.7621 0.3597 -0.2135 -0.4942
1305031953.3387 1.0837 0.0309 1.388 0.7569 0.3652 -0.2151 -0.4975
1305031953.3687 1.0831 0.0302 1.3923 -0.7521 -0.368 0.2194 0.5008
1305031953.4087 1.0814 0.028 1.3982 -0.7456 -0.3723 0.2276 0.5037
1305031953.4386 1.0794 0.0254 1.4027 -0.7437 -0.3763 0.2329 0.501
1305031953.4686 1.077 0.0224 1.4072 0.7432 0.3771 -0.2381 -0.4988
1305031953.5087 1.0747 0.0165 1.4129 0.7442 0.3765 -0.2441 -0.4947
1305031953.5387 1.0719 0.0118 1.4166 0.7461 0.3771 -0.2477 -0.4897
1305031953.5687 1.07 0.0067 1.4198 0.7475 0.3789 -0.2485 -0.4857
1305031953.6087 1.0677 -0.0001 1.4233 0.7505 0.3797 -0.2472 -0.4811
1305031953.6387 1.0655 -0.0056 1.4251 0.7564 0.3779 -0.2469 -0.4733
1305031953.6687 1.0642 -0.0113 1.4266 0.7618 0.372 -0.2472 -0.4692
1305031953.7087 1.0627 -0.0187 1.4277 0.7676 0.3639 -0.2467 -0.4663
1305031953.7387 1.0615 -0.0238 1.4275 0.7717 0.3611 -0.2454 -0.4624
1305031953.7688 1.0604 -0.0292 1.4273 0.7771 0.3554 -0.2446 -0.4582
1305031953.8087 1.0594 -0.0365 1.4265 0.7867 0.3433 -0.2438 -0.4516
1305031953.8387 1.0581 -0.0419 1.4254 0.7964 0.3345 -0.2389 -0.4435
1305031953.8687 1.0567 -0.0469 1.4248 0.8049 0.3241 -0.2338 -0.4386
1305031953.9087 1.0551 -0.054 1.4236 0.8163 0.3099 -0.2235 -0.4333
1305031953.9387 1.0533 -0.0593 1.4227 0.8249 0.3011 -0.2116 -0.4291
1305031953.9687 1.051 -0.0646 1.4222 0.8309 0.2902 -0.1996 -0.4307
1305031954.0087 1.0487 -0.072 1.422 0.8388 0.2798 -0.1785 -0.4316
1305031954.0387 1.0462 -0.0771 1.4223 0.8433 0.2741 -0.1638 -0.4323
1305031954.0687 1.0435 -0.083 1.4233 0.8471 0.2689 -0.1514 -0.4327
1305031954.1087 1.0396 -0.0907 1.426 0.8525 0.262 -0.1336 -0.4322
1305031954.1387 1.0364 -0.0967 1.4289 0.8557 0.2566 -0.1202 -0.4331
1305031954.1686 1.0329 -0.1033 1.4326 0.8586 0.2502 -0.109 -0.434
1305031954.2087 1.0275 -0.1128 1.4385 0.8603 0.2416 -0.0967 -0.4384
1305031954.2387 1.0226 -0.1203 1.4435 0.8599 0.2372 -0.0888 -0.4431
1305031954.2687 1.017 -0.1284 1.4488 0.8587 0.2327 -0.0833 -0.449
1305031954.3086 1.0081 -0.1397 1.4558 0.8585 0.2257 -0.077 -0.454
1305031954.3395 1.0005 -0.1486 1.4609 0.86 0.2213 -0.0726 -0.4541
1305031954.3687 0.992 -0.1579 1.4657 0.8608 0.218 -0.0688 -0.4547
1305031954.4087 0.9799 -0.1709 1.4719 0.8602 0.2177 -0.0627 -0.4569
1305031954.4387 0.9705 -0.1808 1.4763 0.8613 0.216 -0.0564 -0.4564
1305031954.4687 0.9608 -0.1904 1.4801 0.8633 0.2111 -0.0515 -0.4555
1305031954.5087 0.9474 -0.2039 1.485 0.8671 0.2013 -0.0474 -0.4532
1305031954.5387 0.9375 -0.2139 1.4882 0.8701 0.194 -0.0428 -0.4511
1305031954.5686 0.9278 -0.2237 1.491 0.8748 0.1845 -0.0379 -0.4464
1305031954.6087 0.914 -0.2367 1.4952 0.8765 0.1694 -0.0373 -0.449
1305031954.6387 0.9037 -0.2461 1.4984 0.8745 0.1644 -0.035 -0.4551
1305031954.6687 0.8925 -0.255 1.5013 0.8715 0.1615 -0.0328 -0.4619
1305031954.7087 0.8773 -0.2658 1.5044 0.87 0.1616 -0.0331 -0.4647
1305031954.7386 0.8658 -0.2735 1.5066 0.8692 0.1623 -0.0312 -0.4661
1305031954.7686 0.8545 -0.2811 1.5087 0.8679 0.164 -0.0307 -0.4679
1305031954.8087 0.84 -0.2903 1.5109 0.8671 0.1621 -0.0296 -0.4701
1305031954.8387 0.8294 -0.2967 1.5121 0.8675 0.1589 -0.0272 -0.4706
1305031954.8687 0.8193 -0.3028 1.5133 0.8662 0.1567 -0.0246 -0.4738
1305031954.9086 0.8077 -0.3102 1.514 0.8682 0.1486 -0.0192 -0.473
1305031954.9388 0.7991 -0.3152 1.5144 0.8695 0.1428 -0.0171 -0.4726
1305031954.9686 0.7909 -0.3202 1.5146 0.8696 0.1405 -0.0133 -0.4731
1305031955.0087 0.7811 -0.3264 1.5138 0.8714 0.1365 -0.0071 -0.4711
1305031955.0387 0.7737 -0.3308 1.5124 0.8718 0.1346 -0.0037 -0.471
1305031955.0687 0.767 -0.3349 1.5102 0.8737 0.1331 0.001 -0.4678
1305031955.1087 0.7584 -0.3395 1.5064 0.8769 0.1302 0.0047 -0.4626
1305031955.1396 0.7524 -0.3425 1.503 0.8786 0.1305 0.0062 -0.4594
1305031955.1687 0.747 -0.3452 1.4993 0.8815 0.1293 0.0082 -0.4541
1305031955.2087 0.7403 -0.3483 1.4944 0.8843 0.1298 0.0087 -0.4485
1305031955.2387 0.7358 -0.3499 1.4909 0.8843 0.1319 0.0101 -0.4478
1305031955.2686 0.7322 -0.3515 1.4878 0.8869 0.1319 0.0133 -0.4426
1305031955.3086 0.7282 -0.3528 1.4841 0.8891 0.1301 0.0145 -0.4386
1305031955.3387 0.7258 -0.3534 1.4819 0.8905 0.1277 0.0162 -0.4364
1305031955.3686 0.7241 -0.3537 1.48 0.8926 0.1238 0.017 -0.4332
1305031955.4086 0.7225 -0.3538 1.4782 0.8946 0.1175 0.0176 -0.4308
1305031955.4387 0.7217 -0.3539 1.4771 0.8963 0.1128 0.0184 -0.4285
1305031955.4686 0.7209 -0.3542 1.4765 0.8972 0.1115 0.0189 -0.4268
1305031955.5087 0.7201 -0.3543 1.4757 0.8981 0.1096 0.0196 -0.4255
1305031955.5388 0.7198 -0.3546 1.4754 0.8992 0.1071 0.019 -0.4239
1305031955.5686 0.7196 -0.3549 1.4755 0.8985 0.1071 0.0184 -0.4253
1305031955.6087 0.7197 -0.3555 1.4755 0.8981 0.1062 0.0189 -0.4264
1305031955.6387 0.7197 -0.3556 1.4756 0.8986 0.1046 0.0181 -0.4258
1305031955.6687 0.7198 -0.3558 1.4758 0.8988 0.1041 0.017 -0.4255
1305031955.7087 0.7204 -0.356 1.4763 0.899 0.1023 0.0169 -0.4255
1305031955.7387 0.7206 -0.3563 1.4767 0.8986 0.101 0.016 -0.4267
1305031955.7686 0.7209 -0.3566 1.4772 0.8987 0.0993 0.0151 -0.4269
1305031955.8087 0.7217 -0.357 1.4777 0.898 0.0966 0.0145 -0.4291
1305031955.8387 0.7224 -0.3575 1.4784 0.8984 0.0958 0.0143 -0.4284
1305031955.8687 0.7229 -0.3579 1.4789 0.8976 0.0944 0.0134 -0.4303
1305031955.9087 0.7236 -0.3584 1.4795 0.8973 0.0917 0.013 -0.4315
1305031955.9387 0.724 -0.3594 1.4802 0.898 0.0919 0.0116 -0.4302
1305031955.9687 0.7245 -0.3598 1.4807 0.8968 0.0914 0.0105 -0.4328
1305031956.0087 0.725 -0.361 1.4817 0.8972 0.0898 0.0108 -0.4324
1305031956.0387 0.7255 -0.3619 1.4824 0.8967 0.0891 0.0113 -0.4334
1305031956.0686 0.7258 -0.3624 1.483 0.8959 0.0877 0.0109 -0.4354
1305031956.1087 0.7261 -0.3629 1.4837 0.8952 0.0857 0.0118 -0.4373
