#timestamp x y z qx qy qz qw
1341847981.826678 -0.578601 2.721534 1.731254 0.013609 0.861080 -0.507691 -0.024613
1341847981.862719 -0.572629 2.723271 1.729974 0.012918 0.860395 -0.508849 -0.025037
1341847982.027112 -0.549130 2.727262 1.728013 0.011222 0.862194 -0.505866 -0.024406
1341847982.094786 -0.540569 2.727705 1.728796 0.008811 0.861323 -0.507371 -0.024901
1341847982.194674 -0.530882 2.728069 1.732180 0.008933 0.859953 -0.509830 -0.021787
1341847982.294994 -0.521650 2.727375 1.734924 0.011023 0.859688 -0.509885 -0.028843
1341847982.330655 -0.517833 2.727454 1.736659 0.013724 0.858039 -0.512581 -0.029005
1341847982.398909 -0.509792 2.727850 1.739886 0.016291 0.856504 -0.515334 -0.023801
1341847982.462624 -0.502570 2.726486 1.741533 0.020976 0.855675 -0.516431 -0.026049
1341847982.498616 -0.498059 2.725507 1.741602 0.022455 0.856233 -0.515271 -0.029272
1341847982.566660 -0.488177 2.722735 1.741144 0.026470 0.857298 -0.513179 -0.031419
1341847982.598726 -0.483265 2.721550 1.740786 0.028952 0.859009 -0.510035 -0.033607
1341847982.666620 -0.471001 2.718719 1.739967 0.032440 0.859759 -0.508226 -0.038320
1341847982.698638 -0.464528 2.717270 1.739159 0.034852 0.860026 -0.507378 -0.041322
1341847982.766706 -0.449107 2.714381 1.738693 0.038327 0.859211 -0.508069 -0.046413
1341847982.798737 -0.440980 2.713914 1.738619 0.041436 0.859760 -0.506784 -0.047599
1341847982.866670 -0.422053 2.712022 1.739304 0.043632 0.857298 -0.510622 -0.049001
1341847982.898700 -0.411487 2.711270 1.739218 0.043978 0.856703 -0.511678 -0.048074
1341847982.998783 -0.377960 2.708008 1.736844 0.045702 0.858449 -0.508669 -0.047260
1341847983.102757 -0.344486 2.705108 1.734189 0.048464 0.860101 -0.505553 -0.047893
1341847983.202653 -0.313612 2.702414 1.734624 0.050170 0.859240 -0.507152 -0.044562
1341847983.302701 -0.283877 2.698466 1.734243 0.051869 0.862274 -0.501490 -0.047964
1341847983.402670 -0.254976 2.695033 1.735769 0.054597 0.861714 -0.501682 -0.052759
1341847983.502767 -0.223241 2.693690 1.736762 0.056180 0.861807 -0.501085 -0.055203
1341847983.602741 -0.188597 2.695693 1.738581 0.058630 0.860892 -0.501614 -0.061729
1341847983.702857 -0.150340 2.701126 1.742064 0.062391 0.857530 -0.506608 -0.064010
1341847983.806672 -0.106565 2.707250 1.743572 0.065815 0.855037 -0.510383 -0.063947
1341847983.906692 -0.062006 2.712101 1.740564 0.068981 0.852361 -0.514998 -0.059156
1341847984.006722 -0.018773 2.713461 1.731649 0.071318 0.852476 -0.513953 -0.063639
1341847984.106759 0.024413 2.712797 1.719498 0.074159 0.856283 -0.506000 -0.072415
1341847984.206711 0.064900 2.708857 1.706538 0.072437 0.859264 -0.500262 -0.078460
1341847984.306662 0.099495 2.698769 1.695220 0.073170 0.861833 -0.496163 -0.075580
1341847984.406718 0.131943 2.681607 1.682878 0.074588 0.864167 -0.492628 -0.070494
1341847984.506747 0.161410 2.658121 1.671326 0.075089 0.864912 -0.491021 -0.072023
1341847984.610792 0.189196 2.627669 1.662463 0.078108 0.864298 -0.490952 -0.076510
1341847984.710651 0.214000 2.593687 1.656719 0.078951 0.862242 -0.494813 -0.073934
1341847984.810639 0.238604 2.552881 1.650132 0.082624 0.860153 -0.497840 -0.073929
1341847984.910613 0.259874 2.512377 1.644478 0.088126 0.858194 -0.500627 -0.071479
1341847985.010633 0.275657 2.473085 1.639725 0.093796 0.860328 -0.496732 -0.065534
1341847985.110771 0.287156 2.434751 1.636763 0.099637 0.861846 -0.491985 -0.072414
1341847985.210840 0.297787 2.398252 1.637360 0.106058 0.860242 -0.492639 -0.077728
1341847985.314648 0.309815 2.362201 1.638661 0.112229 0.858902 -0.492171 -0.086365
1341847985.414650 0.322070 2.326569 1.637224 0.115460 0.858320 -0.491567 -0.091203
1341847985.514673 0.334645 2.289476 1.634450 0.120099 0.857587 -0.490943 -0.095366
1341847985.614773 0.347483 2.250232 1.630938 0.126406 0.855902 -0.491223 -0.100764
1341847985.714719 0.363144 2.211005 1.628605 0.135609 0.850744 -0.497311 -0.102602
1341847985.814703 0.381962 2.174275 1.629088 0.146103 0.841777 -0.508929 -0.105154
1341847985.914968 0.398934 2.138807 1.630071 0.157373 0.839247 -0.509839 -0.104703
1341847986.018756 0.413827 2.101197 1.631394 0.164952 0.836804 -0.509198 -0.115182
1341847986.118719 0.425490 2.065902 1.632592 0.172545 0.836746 -0.505956 -0.118713
1341847986.218674 0.434033 2.029691 1.634628 0.179278 0.833975 -0.506172 -0.127026
1341847986.286733 0.438985 2.004969 1.636446 0.185228 0.831841 -0.506736 -0.130193
1341847986.394467 0.444604 1.962862 1.637403 0.195126 0.827242 -0.508875 -0.136539
1341847986.493735 0.450161 1.921348 1.635554 0.204581 0.826325 -0.504799 -0.143215
1341847986.593712 0.454876 1.877235 1.632952 0.210250 0.825518 -0.502075 -0.149114
1341847986.693739 0.458543 1.835465 1.631380 0.218774 0.822921 -0.502418 -0.150050
1341847986.793794 0.462768 1.795810 1.628083 0.230596 0.823521 -0.496802 -0.147741
1341847986.886746 0.466833 1.760506 1.623923 0.238947 0.824136 -0.491566 -0.148547
1341847986.990631 0.470279 1.722774 1.618971 0.246877 0.824744 -0.486409 -0.149186
1341847987.091223 0.474069 1.687575 1.614750 0.253913 0.824248 -0.483502 -0.149564
1341847987.190716 0.477896 1.654426 1.608332 0.257422 0.823260 -0.478984 -0.162942
1341847987.290653 0.484870 1.623528 1.600942 0.267357 0.821152 -0.474306 -0.171065
1341847987.390720 0.494843 1.593592 1.593325 0.271645 0.813761 -0.477336 -0.190139
1341847987.490754 0.507131 1.564566 1.582260 0.277273 0.804192 -0.484356 -0.204436
1341847987.590776 0.520639 1.535785 1.566820 0.289928 0.798579 -0.483774 -0.210181
1341847987.691638 0.533801 1.506991 1.550891 0.300497 0.794892 -0.482436 -0.212376
1341847987.794708 0.545925 1.477383 1.536652 0.309850 0.792289 -0.482507 -0.208469
1341847987.897796 0.560718 1.447527 1.523582 0.316373 0.789168 -0.485026 -0.204625
1341847987.997794 0.576569 1.419505 1.514552 0.313060 0.787211 -0.488999 -0.207778
1341847988.098165 0.590152 1.391943 1.506372 0.305362 0.783746 -0.495279 -0.217244
1341847988.201710 0.600380 1.364936 1.496328 0.306895 0.782579 -0.495809 -0.218080
1341847988.301776 0.606388 1.342052 1.485426 0.312047 0.781290 -0.493789 -0.219965
1341847988.401745 0.612609 1.322572 1.473775 0.320626 0.780415 -0.491713 -0.215337
1341847988.502496 0.620860 1.307657 1.464749 0.325769 0.774917 -0.495092 -0.219686
1341847988.569700 0.628907 1.298027 1.458917 0.329855 0.777571 -0.490438 -0.214590
1341847988.601796 0.632332 1.294078 1.457144 0.330085 0.776253 -0.491169 -0.217320
1341847988.669807 0.641210 1.286314 1.453454 0.329690 0.779354 -0.484603 -0.221522
1341847988.706192 0.646689 1.282104 1.452762 0.331727 0.779061 -0.483138 -0.222708
1341847988.769740 0.656441 1.275325 1.452955 0.337749 0.777410 -0.482584 -0.220619
1341847988.806051 0.663080 1.271478 1.453677 0.340388 0.776115 -0.483168 -0.219838
1341847988.873917 0.676432 1.264244 1.454874 0.344541 0.775781 -0.478913 -0.223826
1341847988.937824 0.690293 1.257249 1.456809 0.349066 0.775028 -0.476217 -0.225170
1341847988.998737 0.704964 1.250371 1.458988 0.353579 0.774910 -0.473378 -0.224524
1341847989.098821 0.732162 1.237579 1.465122 0.354968 0.775725 -0.469907 -0.226793
1341847989.202743 0.762826 1.224094 1.475356 0.354469 0.772441 -0.477275 -0.223371
1341847989.302773 0.794239 1.210225 1.484179 0.346811 0.774109 -0.480673 -0.222330
1341847989.402777 0.823601 1.198335 1.492251 0.335216 0.780175 -0.475616 -0.229665
1341847989.470712 0.841850 1.192121 1.499596 0.330287 0.781764 -0.475033 -0.232591
1341847989.502614 0.849484 1.189489 1.502250 0.332043 0.782243 -0.472686 -0.233264
1341847989.602804 0.873456 1.181703 1.510589 0.333842 0.782103 -0.471239 -0.234091
1341847989.702606 0.897604 1.173931 1.516491 0.333742 0.780376 -0.469826 -0.242679
1341847989.802890 0.924833 1.166301 1.519931 0.336669 0.779524 -0.465972 -0.248731
1341847989.902718 0.956785 1.159529 1.524536 0.339194 0.776453 -0.466134 -0.254533
1341847990.006923 0.995390 1.152317 1.530009 0.343277 0.774471 -0.467774 -0.252077
1341847990.106701 1.031887 1.145528 1.534776 0.343384 0.773533 -0.467785 -0.254777
1341847990.207022 1.068722 1.139383 1.540076 0.344087 0.771317 -0.472732 -0.251394
1341847990.306743 1.104618 1.132729 1.543323 0.344966 0.770764 -0.474092 -0.249315
1341847990.374663 1.127188 1.127442 1.543964 0.344353 0.771551 -0.473205 -0.249414
1341847990.406760 1.136742 1.124851 1.544042 0.344505 0.771873 -0.473283 -0.248056
1341847990.506783 1.165141 1.117099 1.542735 0.346876 0.772585 -0.470976 -0.246924
1341847990.642783 1.199658 1.106757 1.541855 0.356082 0.770560 -0.467837 -0.246114
1341847990.710795 1.216563 1.101015 1.542062 0.361573 0.768403 -0.468212 -0.244129
1341847990.774671 1.231989 1.095180 1.542324 0.368002 0.767499 -0.466109 -0.241375
1341847990.810771 1.240087 1.091675 1.542597 0.369425 0.765037 -0.467813 -0.243710
1341847990.910825 1.261317 1.080122 1.543179 0.374910 0.763483 -0.464553 -0.246427
1341847991.010797 1.279516 1.066217 1.545469 0.377910 0.761365 -0.462087 -0.252946
1341847991.111319 1.296737 1.049507 1.548259 0.385641 0.757148 -0.461696 -0.254647
1341847991.210687 1.316065 1.029124 1.548962 0.389367 0.754327 -0.460865 -0.258820
1341847991.310807 1.337695 1.006943 1.547761 0.395158 0.749655 -0.460867 -0.263570
1341847991.414715 1.359084 0.983101 1.545586 0.407261 0.747035 -0.460669 -0.252706
1341847991.514709 1.376269 0.961733 1.545175 0.414728 0.744879 -0.454071 -0.258796
1341847991.614853 1.390933 0.946749 1.548083 0.428617 0.737600 -0.454336 -0.256538
1341847991.746823 1.404476 0.929135 1.556648 0.444704 0.725963 -0.452521 -0.265405
1341847991.814748 1.410866 0.918671 1.561475 0.450323 0.722774 -0.449422 -0.269864
1341847991.915817 1.421166 0.900944 1.568620 0.454796 0.718191 -0.447143 -0.278255
1341847992.014724 1.433595 0.880269 1.573420 0.458393 0.715357 -0.442251 -0.287323
1341847992.114842 1.448648 0.856776 1.575662 0.460790 0.713735 -0.438744 -0.292846
1341847992.218736 1.468041 0.831345 1.576964 0.466503 0.709122 -0.437009 -0.297564
1341847992.318683 1.488983 0.806917 1.577808 0.472462 0.703251 -0.434708 -0.305365
1341847992.418855 1.511773 0.782959 1.579893 0.482080 0.696470 -0.433455 -0.307643
1341847992.518735 1.536172 0.758257 1.582061 0.491255 0.690188 -0.432091 -0.309204
1341847992.618832 1.561321 0.731908 1.582170 0.496260 0.687527 -0.428828 -0.311673
1341847992.718718 1.586331 0.706203 1.582079 0.500582 0.685139 -0.425286 -0.314856
1341847992.818723 1.607041 0.682213 1.581521 0.502626 0.683543 -0.425175 -0.315219
1341847992.922713 1.623276 0.657807 1.580631 0.506405 0.683011 -0.419726 -0.317618
1341847993.022736 1.635845 0.633557 1.579631 0.510823 0.680416 -0.416620 -0.320190
1341847993.122668 1.647268 0.607515 1.576631 0.513582 0.679680 -0.412150 -0.323112
1341847993.222703 1.657122 0.581231 1.576632 0.517970 0.674700 -0.410095 -0.329103
1341847993.322794 1.665749 0.552257 1.577667 0.523991 0.667527 -0.413551 -0.329875
1341847993.422745 1.671883 0.520116 1.575821 0.529396 0.662738 -0.409631 -0.335737
1341847993.522707 1.677347 0.486906 1.573379 0.537523 0.655506 -0.409755 -0.336871
1341847993.626764 1.683930 0.450902 1.569177 0.545466 0.653690 -0.405639 -0.332586
1341847993.727062 1.688491 0.416697 1.566350 0.550163 0.655868 -0.395856 -0.332350
1341847993.826735 1.691787 0.385692 1.566383 0.552695 0.654352 -0.390366 -0.337588
1341847993.933661 1.696442 0.353378 1.570300 0.554595 0.653498 -0.386079 -0.341039
1341847994.034008 1.700171 0.327335 1.577602 0.556483 0.650575 -0.381440 -0.348688
1341847994.133885 1.705299 0.301833 1.583152 0.559984 0.644429 -0.381625 -0.354247
1341847994.233618 1.713611 0.275469 1.588181 0.565935 0.634723 -0.386269 -0.357268
1341847994.333755 1.724512 0.245514 1.593263 0.569930 0.627000 -0.386516 -0.364221
1341847994.433802 1.737038 0.210554 1.597300 0.574477 0.620061 -0.388125 -0.367232
1341847994.537738 1.751344 0.170957 1.597900 0.579545 0.612882 -0.390164 -0.369155
1341847994.637836 1.762774 0.134197 1.596475 0.588001 0.608568 -0.384794 -0.368557
1341847994.769803 1.776718 0.086622 1.594314 0.593342 0.601778 -0.381647 -0.374371
1341847994.831306 1.783205 0.066361 1.591797 0.600886 0.601058 -0.372068 -0.373137
1341847994.930711 1.791687 0.034532 1.587787 0.606371 0.600099 -0.365903 -0.371902
1341847995.030768 1.796854 0.007321 1.585654 0.615268 0.592428 -0.359588 -0.375728
1341847995.134939 1.800563 -0.019074 1.586176 0.621928 0.580720 -0.359149 -0.383382
1341847995.234663 1.804107 -0.043828 1.587973 0.625185 0.573465 -0.358088 -0.389943
1341847995.334686 1.805864 -0.068956 1.590279 0.629235 0.565926 -0.358281 -0.394242
1341847995.434743 1.805695 -0.096558 1.589709 0.631156 0.563425 -0.354831 -0.397857
1341847995.534752 1.804461 -0.124910 1.587771 0.633293 0.559444 -0.356367 -0.398705
1341847995.634814 1.799093 -0.151864 1.584203 0.645277 0.555469 -0.354531 -0.386496
1341847995.734774 1.791435 -0.174682 1.581217 0.652191 0.552886 -0.348500 -0.384072
1341847995.838779 1.787785 -0.196174 1.579392 0.655649 0.549412 -0.346766 -0.384740
1341847995.938733 1.786326 -0.212929 1.579464 0.657363 0.546506 -0.343795 -0.388600
1341847996.038762 1.785788 -0.225845 1.582990 0.661402 0.541076 -0.339408 -0.393176
1341847996.138845 1.786783 -0.237799 1.586314 0.663934 0.534592 -0.338440 -0.398576
1341847996.239003 1.788042 -0.249732 1.587051 0.665833 0.528722 -0.334906 -0.406150
1341847996.338944 1.789840 -0.262761 1.586622 0.670598 0.523129 -0.332882 -0.407214
1341847996.438632 1.793250 -0.277027 1.587064 0.676344 0.514649 -0.329933 -0.410902
1341847996.538771 1.796800 -0.295921 1.587127 0.679769 0.506930 -0.330739 -0.414185
1341847996.642752 1.800868 -0.319128 1.581782 0.684290 0.504122 -0.325989 -0.413931
1341847996.742663 1.802766 -0.341324 1.574283 0.690674 0.501368 -0.313092 -0.416622
1341847996.842763 1.807319 -0.366299 1.570494 0.696878 0.494842 -0.306765 -0.418793
1341847996.942686 1.814806 -0.397559 1.569984 0.700418 0.489557 -0.309301 -0.417231
1341847997.042675 1.822100 -0.432084 1.570113 0.701242 0.485488 -0.311183 -0.419198
1341847997.142993 1.827365 -0.468317 1.568592 0.699131 0.485386 -0.311837 -0.422343
1341847997.242959 1.830327 -0.502834 1.566266 0.697253 0.487030 -0.310730 -0.424367
1341847997.346642 1.829737 -0.532731 1.566822 0.699635 0.485261 -0.307259 -0.425000
1341847997.446693 1.826295 -0.560650 1.571870 0.700755 0.479216 -0.305037 -0.431563
1341847997.546599 1.818641 -0.588001 1.576653 0.703107 0.472728 -0.300168 -0.438256
1341847997.646995 1.806980 -0.618166 1.580941 0.703830 0.467548 -0.294144 -0.446655
1341847997.746602 1.793086 -0.652287 1.584254 0.703009 0.462083 -0.295297 -0.452833
1341847997.846906 1.776734 -0.687910 1.586174 0.703857 0.455208 -0.296536 -0.457643
1341847997.946999 1.759217 -0.720945 1.588364 0.711152 0.447159 -0.296321 -0.454428
1341847998.050805 1.741745 -0.755207 1.591007 0.713509 0.441277 -0.298295 -0.455191
1341847998.122275 1.730825 -0.778596 1.591824 0.716217 0.441876 -0.300845 -0.448633
1341847998.253760 1.710580 -0.818562 1.594021 0.714318 0.446649 -0.297626 -0.449081
1341847998.318804 1.700686 -0.838359 1.595442 0.712014 0.448812 -0.299423 -0.449389
1341847998.419237 1.686663 -0.871152 1.593983 0.711085 0.456368 -0.295528 -0.445813
1341847998.550746 1.669230 -0.918150 1.590051 0.707167 0.466574 -0.290302 -0.444914
1341847998.650736 1.657817 -0.956232 1.585668 0.706680 0.468972 -0.286717 -0.445491
1341847998.750838 1.649737 -0.995487 1.580586 0.707902 0.468417 -0.284972 -0.445255
1341847998.854711 1.641894 -1.035429 1.574822 0.710837 0.465785 -0.279838 -0.446594
1341847998.954799 1.633192 -1.072389 1.567533 0.716504 0.462593 -0.279715 -0.440896
1341847999.054894 1.624497 -1.107648 1.560007 0.719296 0.461605 -0.277569 -0.438737
1341847999.122718 1.618673 -1.130437 1.555542 0.721257 0.462332 -0.275717 -0.435911
1341847999.222717 1.609211 -1.160954 1.551268 0.724684 0.454146 -0.270519 -0.442046
1341847999.322701 1.598997 -1.187523 1.551754 0.729296 0.439350 -0.272188 -0.448345
1341847999.423935 1.587748 -1.211271 1.554212 0.734636 0.426218 -0.273455 -0.451520
1341847999.522673 1.573472 -1.230481 1.555360 0.742740 0.408115 -0.268699 -0.457800
1341847999.622896 1.554821 -1.247856 1.555724 0.749753 0.392943 -0.266791 -0.460749
1341847999.722697 1.530522 -1.263828 1.553937 0.753487 0.381108 -0.263574 -0.466415
1341847999.826747 1.501523 -1.276896 1.551219 0.757028 0.367341 -0.261501 -0.472849
1341847999.958786 1.464597 -1.286650 1.544194 0.773710 0.344873 -0.252566 -0.467595
1341848000.026656 1.445071 -1.290166 1.541098 0.780665 0.335758 -0.248634 -0.464769
1341848000.126737 1.419517 -1.293481 1.536607 0.791133 0.325259 -0.236904 -0.460642
1341848000.227063 1.395203 -1.295199 1.533123 0.799567 0.317710 -0.225727 -0.456947
1341848000.327132 1.371780 -1.295956 1.529262 0.806103 0.310234 -0.217617 -0.454529
1341848000.426772 1.348684 -1.297320 1.524662 0.810787 0.303574 -0.214104 -0.452357
1341848000.530849 1.323193 -1.297677 1.521778 0.813546 0.298653 -0.207525 -0.453744
1341848000.630641 1.297380 -1.298450 1.522827 0.815233 0.290469 -0.205355 -0.457003
1341848000.730805 1.269700 -1.299620 1.525256 0.816955 0.279425 -0.201058 -0.462689
1341848000.830729 1.240958 -1.304112 1.527949 0.819631 0.266932 -0.201258 -0.465240
1341848000.930722 1.210056 -1.310294 1.530007 0.820901 0.254793 -0.200537 -0.470092
1341848001.030740 1.178927 -1.315660 1.531178 0.822525 0.247239 -0.198294 -0.472234
1341848001.130714 1.145666 -1.320599 1.530763 0.825657 0.238183 -0.198779 -0.471217
1341848001.266775 1.101888 -1.325392 1.523448 0.826241 0.232713 -0.185463 -0.478302
1341848001.334803 1.081694 -1.325176 1.518952 0.828041 0.225336 -0.178073 -0.481521
1341848001.434718 1.053026 -1.320469 1.513723 0.830811 0.213511 -0.165673 -0.486536
1341848001.534905 1.027312 -1.312185 1.508874 0.834663 0.200563 -0.151209 -0.490151
1341848001.634657 1.002438 -1.301757 1.505462 0.837810 0.182535 -0.136463 -0.496118
1341848001.734859 0.976883 -1.291231 1.504753 -0.839352 -0.170861 0.127334 0.500080
1341848001.802763 0.959068 -1.283305 1.505069 -0.839675 -0.160456 0.124612 0.503657
1341848001.834761 0.950724 -1.279791 1.504988 -0.842021 -0.155529 0.120854 0.502200
1341848001.902749 0.931778 -1.272369 1.506060 -0.842475 -0.148061 0.115798 0.504880
1341848001.934732 0.923340 -1.269174 1.506739 -0.845741 -0.143990 0.111133 0.501636
1341848002.002731 0.905035 -1.261750 1.509381 -0.846750 -0.133435 0.112778 0.502484
1341848002.038858 0.895653 -1.257496 1.510295 0.849383 0.129010 -0.111170 -0.499545
1341848002.102720 0.878524 -1.249255 1.511621 -0.849270 -0.121207 0.109502 0.502054
1341848002.138653 0.868963 -1.244618 1.511909 -0.849807 -0.118415 0.109267 0.501863
1341848002.202698 0.851911 -1.236688 1.511205 -0.851519 -0.110738 0.104960 0.501634
1341848002.238731 0.842218 -1.232821 1.510245 -0.851837 -0.107325 0.103516 0.502136
1341848002.306708 0.824694 -1.224938 1.506256 -0.853493 -0.103607 0.095222 0.501745
1341848002.338850 0.817051 -1.221211 1.504407 0.855434 0.099352 -0.092129 -0.499874
1341848002.406793 0.801055 -1.213009 1.500234 0.858273 0.092969 -0.086020 -0.497318
1341848002.438766 0.793974 -1.208937 1.498421 0.858269 0.089797 -0.084539 -0.498160
1341848002.506756 0.779035 -1.200656 1.493185 0.861015 0.086875 -0.080442 -0.494606
1341848002.538812 0.772193 -1.196840 1.490639 0.861357 0.083352 -0.078138 -0.494986
1341848002.606780 0.756965 -1.189331 1.483990 0.864174 0.082371 -0.072559 -0.491073
1341848002.639359 0.749163 -1.185777 1.480395 0.864340 0.081222 -0.069623 -0.491399
1341848002.713789 0.731351 -1.178778 1.472202 0.867399 0.081616 -0.065961 -0.486423
1341848002.774760 0.717079 -1.173715 1.465418 0.870268 0.081005 -0.062106 -0.481886
1341848002.842833 0.699875 -1.169287 1.460204 0.869296 0.080058 -0.063904 -0.483561
1341848002.906656 0.683802 -1.166413 1.456580 0.868180 0.080262 -0.066069 -0.485239
1341848002.943323 0.673361 -1.165078 1.454817 0.866474 0.085722 -0.069673 -0.486848
1341848003.010885 0.655647 -1.162087 1.452224 0.865217 0.089523 -0.071337 -0.488155
1341848003.042638 0.647241 -1.160781 1.451216 0.863154 0.090805 -0.072626 -0.491371
1341848003.110641 0.629289 -1.158625 1.448275 0.863032 0.094012 -0.073070 -0.490916
1341848003.142626 0.621269 -1.157466 1.447175 0.861955 0.095481 -0.071480 -0.492755
1341848003.242926 0.596078 -1.153317 1.442814 0.860693 0.099514 -0.063713 -0.495221
1341848003.310739 0.578656 -1.149800 1.438578 0.860175 0.104755 -0.061026 -0.495379
1341848003.342708 0.570144 -1.147946 1.436535 0.858856 0.108254 -0.059725 -0.497072
1341848003.442728 0.542153 -1.143322 1.428551 0.855240 0.122762 -0.061064 -0.499765
1341848003.546854 0.513274 -1.138288 1.421360 0.852295 0.141213 -0.069584 -0.498808
1341848003.649972 0.487068 -1.132257 1.417361 0.848970 0.155525 -0.079394 -0.498758
1341848003.753761 0.463125 -1.122696 1.413825 0.845664 0.173700 -0.081866 -0.497974
1341848003.853971 0.441104 -1.109220 1.410062 0.843577 0.186095 -0.088319 -0.495930
1341848003.953824 0.419902 -1.092049 1.405808 0.841864 0.197216 -0.093256 -0.493633
1341848004.021643 0.404940 -1.077964 1.403359 0.839679 0.202466 -0.099411 -0.494029
1341848004.053778 0.397984 -1.070903 1.401587 0.840279 0.204008 -0.099559 -0.492341
1341848004.121698 0.382826 -1.056288 1.398515 0.838511 0.210327 -0.104585 -0.491653
1341848004.153695 0.375756 -1.049838 1.396949 0.838389 0.212600 -0.107310 -0.490295
1341848004.221773 0.360096 -1.036261 1.392339 0.837846 0.220115 -0.111404 -0.486984
1341848004.257760 0.351690 -1.029582 1.389499 0.836677 0.225294 -0.112264 -0.486426
1341848004.321820 0.336621 -1.018650 1.384048 0.834314 0.237203 -0.117359 -0.483613
1341848004.357934 0.328093 -1.013435 1.380629 0.833001 0.243107 -0.120187 -0.482247
1341848004.421857 0.312448 -1.004670 1.374153 0.830570 0.256291 -0.121202 -0.479353
1341848004.457752 0.304003 -1.000733 1.370600 0.829813 0.263588 -0.121895 -0.476522
1341848004.525726 0.288896 -0.993727 1.364242 0.829109 0.273306 -0.124329 -0.471620
1341848004.557784 0.281995 -0.990884 1.361112 0.829351 0.277360 -0.126326 -0.468284
1341848004.625757 0.268200 -0.985160 1.354277 0.828738 0.285360 -0.126229 -0.464575
1341848004.657882 0.262298 -0.982832 1.350833 0.829440 0.288096 -0.125655 -0.461780
1341848004.725815 0.250925 -0.979487 1.344492 0.829354 0.296679 -0.128136 -0.455780
1341848004.757723 0.246120 -0.978136 1.341817 0.828748 0.300885 -0.128367 -0.454056
1341848004.825782 0.236683 -0.975881 1.337111 0.828779 0.307182 -0.130015 -0.449289
1341848004.857706 0.232677 -0.975261 1.334937 0.828816 0.310764 -0.130742 -0.446539
1341848004.925788 0.225347 -0.974312 1.331012 0.827844 0.316402 -0.132205 -0.443943
1341848004.957758 0.222130 -0.974023 1.329202 0.826895 0.319623 -0.134287 -0.442778
1341848005.025661 0.216276 -0.974258 1.325658 0.825310 0.325897 -0.135973 -0.440643
1341848005.057739 0.213623 -0.974161 1.324171 0.822872 0.329866 -0.137546 -0.441759
1341848005.125700 0.208565 -0.974917 1.321265 0.822352 0.334901 -0.139838 -0.438205
1341848005.157668 0.206261 -0.975624 1.320376 0.821794 0.337144 -0.143574 -0.436320
1341848005.225713 0.200693 -0.976234 1.317651 0.819455 0.342858 -0.144825 -0.435852
1341848005.257748 0.197948 -0.976797 1.316579 0.817904 0.346807 -0.145723 -0.435342
1341848005.357655 0.187957 -0.979504 1.312397 0.813689 0.355935 -0.152160 -0.433669
1341848005.425692 0.180748 -0.981542 1.310111 0.812037 0.360780 -0.156569 -0.431185
1341848005.461850 0.177046 -0.982826 1.309191 0.810662 0.364387 -0.157966 -0.430228
1341848005.525844 0.170118 -0.985159 1.307091 0.809492 0.369848 -0.160510 -0.426816
1341848005.561789 0.166183 -0.986418 1.306339 0.807457 0.373849 -0.162029 -0.426611
1341848005.629831 0.158821 -0.989188 1.305325 0.805127 0.380157 -0.164100 -0.424643
1341848005.661802 0.156134 -0.990462 1.305089 0.803965 0.382938 -0.164776 -0.424085
1341848005.729741 0.148619 -0.994183 1.305245 0.800080 0.389397 -0.169308 -0.423766
1341848005.761746 0.145480 -0.995627 1.305364 0.798191 0.391686 -0.169896 -0.424980
1341848005.829917 0.138180 -1.000197 1.306277 0.794783 0.396566 -0.176520 -0.424141
1341848005.861699 0.135325 -1.002207 1.306178 0.793470 0.399039 -0.177225 -0.423987
1341848005.929656 0.128483 -1.007592 1.306408 0.789449 0.404666 -0.183078 -0.423672
1341848005.965681 0.125259 -1.010406 1.306034 0.788138 0.407176 -0.183729 -0.423427
1341848006.065849 0.116160 -1.017129 1.305761 0.780288 0.415745 -0.192379 -0.425789
1341848006.165815 0.107832 -1.022839 1.306643 0.773216 0.419579 -0.203439 -0.429771
1341848006.265787 0.098249 -1.028392 1.306675 0.765747 0.424855 -0.214929 -0.432361
1341848006.366035 0.087051 -1.035219 1.305674 0.760408 0.431633 -0.223785 -0.430573
1341848006.469715 0.074566 -1.043408 1.305187 0.758757 0.435745 -0.226415 -0.427961
1341848006.569740 0.062677 -1.053674 1.305485 0.756764 0.438548 -0.228527 -0.427504
1341848006.670119 0.050642 -1.066257 1.306805 0.755602 0.439816 -0.229877 -0.427532
1341848006.769742 0.037832 -1.080217 1.309373 0.755887 0.436875 -0.233170 -0.428261
1341848006.870724 0.025987 -1.096398 1.313767 0.756910 0.431841 -0.236050 -0.429979
1341848006.969708 0.015982 -1.113577 1.319274 0.758053 0.424067 -0.235738 -0.435833
1341848007.069678 0.007796 -1.132869 1.325003 0.765338 0.411277 -0.234444 -0.436057
1341848007.169651 0.000528 -1.154109 1.329409 0.770831 0.400725 -0.229553 -0.438798
1341848007.298875 -0.006834 -1.183630 1.334394 0.778465 0.387883 -0.228337 -0.437495
1341848007.366699 -0.011030 -1.199245 1.338069 0.777212 0.386866 -0.225472 -0.442084
1341848007.434791 -0.016532 -1.216009 1.341944 0.775988 0.384190 -0.227607 -0.445460
1341848007.466689 -0.019379 -1.223631 1.343926 0.776510 0.382465 -0.226789 -0.446453
1341848007.534834 -0.026019 -1.239518 1.348343 0.779201 0.378485 -0.225275 -0.445922
1341848007.566719 -0.029436 -1.246904 1.350456 0.779921 0.376894 -0.225838 -0.445724
1341848007.634799 -0.037747 -1.260306 1.355024 0.781820 0.371814 -0.219744 -0.449694
1341848007.666675 -0.042047 -1.266161 1.357675 0.786608 0.364802 -0.220069 -0.446919
1341848007.734605 -0.050914 -1.278513 1.362844 0.792682 0.354438 -0.218933 -0.445082
1341848007.766913 -0.055194 -1.284520 1.365223 0.792502 0.350417 -0.217840 -0.449103
1341848007.834962 -0.064899 -1.296270 1.368124 0.797895 0.343076 -0.213027 -0.447530
1341848007.866745 -0.070265 -1.302041 1.369347 0.800197 0.337898 -0.211622 -0.448025
1341848007.934851 -0.080576 -1.313259 1.372055 0.806693 0.326595 -0.202465 -0.448988
1341848007.970690 -0.085960 -1.320256 1.374169 0.807694 0.322300 -0.206291 -0.448551
1341848008.034820 -0.095915 -1.332030 1.376516 0.813241 0.312371 -0.201883 -0.447557
1341848008.070825 -0.102199 -1.338442 1.377238 0.814114 0.309049 -0.200978 -0.448681
1341848008.138809 -0.114902 -1.349955 1.377577 0.817628 0.301926 -0.195196 -0.449693
1341848008.171058 -0.121214 -1.355283 1.377640 0.818937 0.298397 -0.193189 -0.450533
1341848008.238657 -0.134817 -1.366430 1.377455 0.824038 0.288983 -0.190729 -0.448411
1341848008.270710 -0.141205 -1.371618 1.377345 0.826848 0.285143 -0.188170 -0.446776
1341848008.370731 -0.161706 -1.389280 1.378452 0.833025 0.273998 -0.182163 -0.444760
1341848008.470807 -0.180724 -1.406501 1.382253 0.837858 0.262153 -0.178100 -0.444466
1341848008.570727 -0.197757 -1.422999 1.388269 0.842171 0.249412 -0.176229 -0.444393
1341848008.674639 -0.215483 -1.438608 1.395943 0.847284 0.236033 -0.174169 -0.442791
1341848008.775071 -0.232511 -1.452178 1.402091 0.848866 0.228146 -0.167705 -0.446376
1341848008.874631 -0.248489 -1.464249 1.406641 0.851146 0.221570 -0.160833 -0.447873
1341848008.974723 -0.265032 -1.475735 1.409952 0.853156 0.212873 -0.152600 -0.451135
1341848009.074794 -0.283279 -1.489171 1.410719 0.856952 0.205721 -0.146925 -0.449139
1341848009.174693 -0.300981 -1.498368 1.410023 0.858404 0.194797 -0.135508 -0.454791
1341848009.274683 -0.317526 -1.505831 1.407264 0.867767 0.172388 -0.129060 -0.447890
1341848009.378700 -0.335126 -1.514233 1.402335 0.872883 0.155679 -0.117656 -0.447209
1341848009.479022 -0.353724 -1.522013 1.395668 0.876154 0.144670 -0.109558 -0.446566
1341848009.578814 -0.374691 -1.527722 1.388948 0.876511 0.141854 -0.104348 -0.448016
1341848009.678666 -0.398496 -1.531017 1.383166 0.874771 0.144560 -0.100595 -0.451397
1341848009.778767 -0.424889 -1.530642 1.378213 0.871357 0.147556 -0.100465 -0.457025
1341848009.878688 -0.450157 -1.526568 1.373773 0.873002 0.145292 -0.103182 -0.453995
1341848009.978905 -0.474948 -1.518311 1.369904 0.871934 0.148438 -0.101934 -0.455310
1341848010.082650 -0.499695 -1.502865 1.366793 0.873755 0.145530 -0.100337 -0.453108
1341848010.182709 -0.522249 -1.480804 1.364387 0.877450 0.139732 -0.097638 -0.448355
1341848010.282749 -0.541531 -1.452923 1.364804 0.879563 0.132191 -0.094831 -0.447104
1341848010.382819 -0.558274 -1.424127 1.366989 0.881656 0.125399 -0.093191 -0.445279
1341848010.450872 -0.567878 -1.405806 1.369651 0.884250 0.120826 -0.091412 -0.441754
1341848010.550631 -0.579677 -1.380780 1.373509 0.887339 0.111804 -0.086956 -0.438826
1341848010.650956 -0.588429 -1.359939 1.377380 0.889514 0.104035 -0.081981 -0.437289
1341848010.750922 -0.593901 -1.342616 1.382079 0.891219 0.097133 -0.076649 -0.436371
1341848010.850765 -0.596974 -1.326239 1.387397 0.891618 0.085940 -0.072464 -0.438613
1341848010.950793 -0.600216 -1.312411 1.390883 0.891976 0.077451 -0.068954 -0.440029
1341848011.051016 -0.605157 -1.301294 1.392056 0.893214 0.070919 -0.066576 -0.438985
1341848011.154630 -0.609892 -1.293615 1.392639 0.894987 0.064520 -0.065036 -0.436585
1341848011.254693 -0.616655 -1.285793 1.392482 0.895574 0.058755 -0.056367 -0.437399
1341848011.354750 -0.623326 -1.276294 1.393984 0.895518 0.048076 -0.050691 -0.439508
1341848011.454654 -0.629755 -1.266805 1.394344 0.895577 0.034954 -0.045958 -0.441143
1341848011.554674 -0.634950 -1.257164 1.392730 0.897139 0.023363 -0.040325 -0.439283
1341848011.622723 -0.637801 -1.250606 1.390600 0.898005 0.017972 -0.035277 -0.438200
1341848011.654892 -0.638895 -1.247524 1.389760 0.898257 0.015254 -0.035004 -0.437809
1341848011.754796 -0.640268 -1.234948 1.385338 0.900608 0.008032 -0.026630 -0.433740
1341848011.858763 -0.639422 -1.218125 1.381927 0.902677 -0.006268 -0.023555 -0.429629
1341848011.958828 -0.637034 -1.202956 1.379110 0.903375 -0.014183 -0.022274 -0.428037
1341848012.058861 -0.634375 -1.184224 1.374731 0.905137 -0.014525 -0.016585 -0.424548
1341848012.126859 -0.632317 -1.168321 1.371420 0.906543 -0.014614 -0.012593 -0.421673
1341848012.190967 -0.631294 -1.152102 1.367702 0.907313 -0.011925 -0.015009 -0.420020
1341848012.258713 -0.630976 -1.134515 1.363449 0.909065 -0.007468 -0.014853 -0.416322
1341848012.326868 -0.631105 -1.116274 1.358589 0.910583 0.000838 -0.012512 -0.413137
1341848012.358782 -0.631252 -1.107632 1.356572 0.910909 0.004714 -0.010663 -0.412442
1341848012.426830 -0.631773 -1.088768 1.352115 0.912903 0.011725 -0.008609 -0.407918
1341848012.458805 -0.632017 -1.079209 1.350743 0.912869 0.014163 -0.008258 -0.407923
1341848012.526756 -0.633176 -1.060363 1.348152 0.914335 0.020645 -0.006432 -0.404380
1341848012.562690 -0.634575 -1.051097 1.346972 0.914125 0.024610 -0.007064 -0.404623
1341848012.662763 -0.639490 -1.028919 1.342879 0.913830 0.038705 -0.005684 -0.404208
1341848012.726854 -0.643485 -1.016768 1.339558 0.913074 0.049036 -0.004633 -0.404809
1341848012.762672 -0.645952 -1.010731 1.337915 0.912772 0.055264 -0.004468 -0.404689
1341848012.830669 -0.651069 -1.000468 1.334461 0.912516 0.070751 -0.009189 -0.402770
1341848012.862795 -0.653009 -0.995814 1.332842 0.911369 0.079262 -0.008324 -0.403800
1341848012.962752 -0.657831 -0.983906 1.328432 0.907784 0.101332 -0.009611 -0.406899
1341848013.030944 -0.660568 -0.977758 1.324595 0.906064 0.115558 -0.011146 -0.406902
1341848013.062714 -0.661862 -0.975380 1.322849 0.904925 0.121448 -0.013481 -0.407652
1341848013.162759 -0.667062 -0.969318 1.317369 0.902051 0.140615 -0.023559 -0.407402
1341848013.262723 -0.673268 -0.966772 1.311227 0.900818 0.155090 -0.036960 -0.403867
1341848013.366705 -0.681714 -0.967475 1.303053 0.897132 0.175619 -0.044248 -0.402932
1341848013.430850 -0.688025 -0.970106 1.298374 0.898209 0.188925 -0.051115 -0.393593
1341848013.466959 -0.692184 -0.971119 1.296099 0.897162 0.196003 -0.054455 -0.392068
1341848013.566664 -0.703974 -0.975826 1.290908 0.890010 0.222587 -0.057576 -0.393729
1341848013.666669 -0.716605 -0.980811 1.287332 0.883776 0.242524 -0.067335 -0.394447
1341848013.766827 -0.728084 -0.984849 1.285839 0.873735 0.262369 -0.075271 -0.402596
1341848013.866791 -0.739846 -0.988081 1.282957 0.868505 0.278910 -0.084191 -0.401025
1341848013.966740 -0.751678 -0.990079 1.279066 0.862680 0.295480 -0.090337 -0.400392
1341848014.034942 -0.761193 -0.991355 1.276446 0.859075 0.307850 -0.096273 -0.397430
1341848014.070990 -0.767200 -0.991536 1.274266 0.855766 0.316012 -0.099300 -0.397418
1341848014.134725 -0.778478 -0.991823 1.270255 0.850637 0.331740 -0.098689 -0.395760
1341848014.170724 -0.785595 -0.992593 1.267636 0.848467 0.340357 -0.101235 -0.392445
1341848014.270714 -0.807432 -0.996290 1.260851 0.839329 0.363881 -0.107436 -0.389326
1341848014.370553 -0.830763 -1.002936 1.253613 0.829267 0.385658 -0.119042 -0.386541
1341848014.470783 -0.855009 -1.011878 1.246963 0.814478 0.410791 -0.131196 -0.388154
1341848014.570790 -0.877537 -1.023497 1.243043 0.797472 0.435031 -0.142682 -0.392974
1341848014.670828 -0.899395 -1.034633 1.241443 0.786489 0.452027 -0.155837 -0.390923
1341848014.774750 -0.922762 -1.044540 1.241781 0.774619 0.465016 -0.169479 -0.393704
1341848014.874686 -0.944685 -1.052555 1.240703 0.766166 0.475216 -0.185230 -0.390959
1341848014.974705 -0.966424 -1.058927 1.236432 0.760901 0.486487 -0.198370 -0.380802
1341848015.074864 -0.982586 -1.061393 1.226026 0.755658 0.506506 -0.191617 -0.368396
1341848015.174708 -0.995725 -1.059577 1.217816 0.749004 0.525144 -0.189030 -0.357050
1341848015.243495 -1.004631 -1.057263 1.212641 0.742660 0.537317 -0.191399 -0.350876
1341848015.274780 -1.008403 -1.056537 1.210549 0.738866 0.543053 -0.194307 -0.348447
1341848015.342895 -1.017232 -1.054895 1.207074 0.729578 0.555221 -0.205432 -0.342408
1341848015.374733 -1.020995 -1.054172 1.205968 0.726084 0.561223 -0.209587 -0.337497
1341848015.442783 -1.028399 -1.052842 1.204175 0.718529 0.572753 -0.220247 -0.327354
1341848015.474959 -1.031414 -1.052003 1.203788 0.712433 0.580527 -0.224268 -0.324239
1341848015.542834 -1.036554 -1.051093 1.202695 0.700767 0.596248 -0.232634 -0.315113
1341848015.581753 -1.039220 -1.051476 1.201691 0.693827 0.605547 -0.238079 -0.308602
1341848015.685811 -1.045486 -1.052489 1.199425 0.671378 0.629632 -0.248778 -0.301538
1341848015.749815 -1.048925 -1.053283 1.200286 0.658815 0.639834 -0.259973 -0.298310
1341848015.785761 -1.050291 -1.054073 1.200988 0.652473 0.644687 -0.265964 -0.296515
1341848015.853811 -1.051734 -1.055153 1.202991 0.639871 0.654130 -0.275912 -0.294198
1341848015.885654 -1.052100 -1.055488 1.203794 0.634192 0.657929 -0.280035 -0.294128
1341848015.954005 -1.051647 -1.056677 1.205819 0.618598 0.668758 -0.285308 -0.297822
1341848015.986663 -1.051372 -1.057252 1.206688 0.613660 0.671743 -0.289643 -0.297135
1341848016.085724 -1.050196 -1.059133 1.208435 0.599189 0.679389 -0.302197 -0.296783
1341848016.153821 -1.049632 -1.059849 1.208881 0.592779 0.684618 -0.303906 -0.295892
1341848016.185769 -1.049042 -1.060003 1.209141 0.590751 0.686809 -0.303154 -0.295641
1341848016.253686 -1.047557 -1.061409 1.210156 0.588912 0.688504 -0.303936 -0.294565
1341848016.289960 -1.046822 -1.062142 1.210763 0.590564 0.687934 -0.301037 -0.295562
1341848016.353746 -1.044996 -1.064664 1.212364 0.595929 0.682284 -0.301515 -0.297397
1341848016.389789 -1.043156 -1.067132 1.213328 0.601097 0.678529 -0.301267 -0.295837
1341848016.453901 -1.039804 -1.071992 1.214528 0.607763 0.670409 -0.304941 -0.296963
1341848016.490058 -1.037431 -1.075588 1.215621 0.609576 0.667745 -0.306369 -0.297778
1341848016.554210 -1.034173 -1.081786 1.216674 0.611695 0.662871 -0.308152 -0.302445
1341848016.589825 -1.032357 -1.085956 1.217493 0.612647 0.660481 -0.311541 -0.302276
1341848016.657837 -1.028910 -1.094445 1.219092 0.617608 0.654932 -0.315345 -0.300303
1341848016.689891 -1.026978 -1.099245 1.219875 0.618720 0.653628 -0.317192 -0.298905
1341848016.757848 -1.021833 -1.110262 1.221251 0.617238 0.653468 -0.316799 -0.302711
1341848016.818817 -1.016580 -1.121561 1.222610 0.617816 0.653158 -0.316552 -0.302461
1341848016.882757 -1.010035 -1.133999 1.223741 0.617889 0.652043 -0.317838 -0.303368
1341848016.950706 -1.001671 -1.147133 1.224918 0.618982 0.650817 -0.318475 -0.303106
1341848016.986658 -0.997044 -1.154244 1.225300 0.619884 0.650497 -0.316053 -0.304481
1341848017.050760 -0.987890 -1.166105 1.227188 0.623131 0.647504 -0.315133 -0.305183
1341848017.086845 -0.982943 -1.172113 1.228413 0.624918 0.645446 -0.314278 -0.306768
1341848017.150678 -0.973594 -1.181857 1.232028 0.631047 0.638369 -0.311527 -0.311796
1341848017.186855 -0.967686 -1.187514 1.234594 0.634925 0.633718 -0.311149 -0.313782
1341848017.254693 -0.955708 -1.197641 1.239870 0.640562 0.624836 -0.310170 -0.321024
1341848017.286638 -0.949539 -1.202267 1.242518 0.643884 0.620209 -0.310495 -0.323028
1341848017.354737 -0.936240 -1.212223 1.249306 0.646039 0.608791 -0.317441 -0.333526
1341848017.386825 -0.929928 -1.216563 1.252055 0.650139 0.603816 -0.315765 -0.336182
1341848017.454792 -0.916875 -1.224961 1.257524 0.656567 0.592896 -0.318739 -0.340294
1341848017.486699 -0.910705 -1.228747 1.259633 0.658351 0.589899 -0.318297 -0.342462
1341848017.554797 -0.898822 -1.235916 1.263648 0.660967 0.583321 -0.317606 -0.349265
1341848017.587838 -0.893518 -1.238852 1.265460 0.663080 0.580635 -0.316510 -0.350728
1341848017.654814 -0.883810 -1.244238 1.269395 0.667101 0.573521 -0.315912 -0.355316
1341848017.686820 -0.879517 -1.246901 1.271644 0.667031 0.570545 -0.318000 -0.358362
1341848017.790699 -0.867398 -1.256283 1.278658 0.670477 0.559305 -0.323245 -0.364899
1341848017.854726 -0.860782 -1.263130 1.281423 0.671768 0.555471 -0.321569 -0.369828
1341848017.890737 -0.856844 -1.266906 1.282947 0.672845 0.553312 -0.321678 -0.371010
1341848017.958643 -0.850763 -1.273757 1.284301 0.673746 0.551480 -0.319128 -0.374291
1341848017.990683 -0.847812 -1.276487 1.285029 0.674642 0.550296 -0.317912 -0.375452
1341848018.058766 -0.843103 -1.283166 1.285606 0.679626 0.546641 -0.313032 -0.375903
1341848018.090894 -0.841312 -1.286416 1.285980 0.681477 0.544813 -0.310228 -0.377527
1341848018.159145 -0.838570 -1.293932 1.287224 0.688231 0.537242 -0.309642 -0.376604
1341848018.190824 -0.837876 -1.298377 1.287759 0.690278 0.534759 -0.306827 -0.378691
1341848018.258766 -0.836912 -1.308337 1.288920 0.695459 0.529178 -0.302434 -0.380581
1341848018.290747 -0.836460 -1.314553 1.289623 0.699303 0.525972 -0.300529 -0.379489
1341848018.333905 -0.836588 -1.322555 1.290157 0.701438 0.521525 -0.299235 -0.382694
1341848018.397728 -0.836592 -1.335974 1.290857 0.703626 0.515739 -0.295775 -0.389154
1341848018.465663 -0.836217 -1.352626 1.290889 0.714045 0.503982 -0.297040 -0.384589
1341848018.501822 -0.835743 -1.362202 1.290217 0.716395 0.499824 -0.295282 -0.386992
1341848018.565849 -0.834791 -1.379975 1.288888 0.721187 0.492719 -0.292746 -0.389123
1341848018.601739 -0.834300 -1.390092 1.288678 0.722769 0.489161 -0.291660 -0.391486
1341848018.669811 -0.833085 -1.410645 1.288669 0.728192 0.482618 -0.285704 -0.393942
1341848018.701756 -0.832430 -1.420619 1.289477 0.731223 0.479188 -0.283493 -0.394112
1341848018.769715 -0.831262 -1.441881 1.291949 0.733094 0.476115 -0.278246 -0.398080
1341848018.802234 -0.831034 -1.452707 1.293512 0.734032 0.474630 -0.278075 -0.398243
1341848018.869787 -0.830628 -1.473341 1.297674 0.733613 0.470889 -0.276816 -0.404288
1341848018.901964 -0.830285 -1.482600 1.299565 0.736059 0.467934 -0.276456 -0.403519
1341848018.969688 -0.829532 -1.501346 1.304500 0.738242 0.463672 -0.278270 -0.403204
1341848019.002336 -0.828984 -1.510012 1.306769 0.739730 0.462036 -0.275898 -0.403983
1341848019.069833 -0.828395 -1.526347 1.312020 0.739585 0.458978 -0.275210 -0.408181
1341848019.130792 -0.827671 -1.540985 1.315167 0.741874 0.454750 -0.270723 -0.411745
1341848019.198644 -0.826899 -1.557380 1.317710 0.747372 0.447088 -0.266301 -0.413076
1341848019.262728 -0.824910 -1.575778 1.318949 0.750429 0.441303 -0.260041 -0.417716
1341848019.298715 -0.824122 -1.586282 1.319174 0.753743 0.437441 -0.256094 -0.418249
1341848019.398715 -0.818493 -1.621552 1.320925 0.760587 0.428145 -0.244809 -0.422219
1341848019.498756 -0.814026 -1.659037 1.322836 0.763702 0.416271 -0.238090 -0.432194
1341848019.567087 -0.811984 -1.686579 1.323837 0.768839 0.406640 -0.238660 -0.431940
1341848019.598737 -0.811842 -1.699604 1.323493 0.769073 0.403613 -0.238316 -0.434546
1341848019.666875 -0.812180 -1.726245 1.322577 0.771491 0.398698 -0.235583 -0.436282
1341848019.698668 -0.812702 -1.738139 1.322028 0.773161 0.396033 -0.235336 -0.435886
1341848019.766703 -0.813787 -1.761399 1.321995 0.775101 0.391392 -0.228439 -0.440280
1341848019.798719 -0.814278 -1.771732 1.322447 0.776735 0.388528 -0.228468 -0.439922
1341848019.834660 -0.814807 -1.782254 1.323305 0.778910 0.383846 -0.227175 -0.440854
1341848019.898833 -0.816391 -1.798180 1.324818 0.781494 0.375091 -0.224661 -0.445087
1341848019.966705 -0.818875 -1.813258 1.325608 0.787917 0.362834 -0.223279 -0.444617
1341848020.002811 -0.820422 -1.819983 1.325565 0.789701 0.358126 -0.219363 -0.447211
1341848020.066696 -0.824002 -1.834253 1.325802 0.793647 0.348088 -0.215050 -0.450236
1341848020.102776 -0.825815 -1.841679 1.326175 0.795675 0.343388 -0.214720 -0.450423
1341848020.170835 -0.830294 -1.856798 1.326791 0.797926 0.336752 -0.205379 -0.455776
1341848020.202706 -0.833228 -1.863560 1.327358 0.799630 0.332938 -0.203354 -0.456499
1341848020.271152 -0.839881 -1.876810 1.328609 0.802410 0.324319 -0.197563 -0.460353
1341848020.302754 -0.844073 -1.884236 1.329531 0.803631 0.319594 -0.195468 -0.462416
1341848020.370812 -0.853222 -1.898653 1.330603 0.807262 0.307444 -0.190979 -0.466190
1341848020.438816 -0.863908 -1.912706 1.331169 0.808643 0.297435 -0.185481 -0.472468
1341848020.502691 -0.874659 -1.924955 1.332171 0.808464 0.284496 -0.181221 -0.482293
1341848020.602764 -0.890971 -1.946055 1.332100 0.814785 0.265325 -0.177663 -0.483905
1341848020.706669 -0.908546 -1.967664 1.331813 0.821161 0.251572 -0.170750 -0.482960
1341848020.807216 -0.925761 -1.987127 1.334415 0.828343 0.241302 -0.167981 -0.476869
1341848020.906582 -0.943121 -2.005569 1.339454 0.831058 0.233026 -0.163573 -0.477792
1341848021.006632 -0.961795 -2.021717 1.343616 0.832274 0.226133 -0.158784 -0.480595
1341848021.074762 -0.975167 -2.031763 1.345056 0.835418 0.218006 -0.157006 -0.479479
1341848021.106691 -0.981966 -2.036703 1.345332 0.836457 0.215593 -0.153604 -0.479859
1341848021.175038 -0.996988 -2.047599 1.345554 0.838163 0.209052 -0.148233 -0.481464
1341848021.206698 -1.004522 -2.052949 1.345456 0.839345 0.205068 -0.147021 -0.481489
1341848021.274899 -1.020794 -2.064446 1.345990 0.839284 0.196298 -0.138819 -0.487646
1341848021.307283 -1.029136 -2.070281 1.346758 0.839640 0.190141 -0.137640 -0.489802
1341848021.384830 -1.049470 -2.084540 1.350430 -0.836838 -0.174848 0.130854 0.502003
1341848021.455728 -1.067867 -2.098672 1.355060 -0.837808 -0.157965 0.129061 0.506427
1341848021.514696 -1.083931 -2.109765 1.358421 -0.837834 -0.146821 0.127093 0.510221
1341848021.550755 -1.094057 -2.116824 1.359686 -0.839404 -0.140714 0.125936 0.509648
1341848021.617752 -1.113740 -2.128688 1.360316 -0.838504 -0.139467 0.116167 0.513776
1341848021.710743 -1.140150 -2.142946 1.360421 -0.839049 -0.133023 0.107067 0.516564
1341848021.778676 -1.159415 -2.150759 1.360539 -0.841240 -0.123598 0.103501 0.516068
1341848021.810867 -1.168362 -2.153410 1.360257 -0.842376 -0.120958 0.100032 0.515525
1341848021.878887 -1.188202 -2.158115 1.360772 -0.842707 -0.114998 0.090904 0.518031
1341848021.910628 -1.197454 -2.160512 1.361521 -0.843596 -0.112962 0.089573 0.517264
1341848021.978747 -1.219985 -2.164406 1.363831 -0.842747 -0.107655 0.083212 0.520829
1341848022.010782 -1.229914 -2.165439 1.364826 -0.842264 -0.105281 0.080681 0.522492
1341848022.078665 -1.252992 -2.165433 1.366652 -0.841648 -0.098316 0.076404 0.525477
1341848022.110954 -1.264172 -2.164630 1.367297 -0.841759 -0.094528 0.072805 0.526503
1341848022.178988 -1.287038 -2.161878 1.369393 -0.841375 -0.087706 0.066828 0.529083
1341848022.214773 -1.299350 -2.159377 1.370925 -0.840857 -0.083211 0.063505 0.531039
1341848022.278764 -1.319674 -2.154025 1.374799 -0.839764 -0.070541 0.059704 0.535028
1341848022.314757 -1.330825 -2.151675 1.377563 -0.840451 -0.061718 0.061372 0.534852
1341848022.354110 -1.341329 -2.149343 1.380921 -0.839210 -0.055373 0.058786 0.537777
1341848022.417848 -1.360933 -2.143930 1.388027 -0.838466 -0.043271 0.055288 0.540413
1341848022.521730 -1.389624 -2.135476 1.401125 -0.836202 -0.028792 0.049196 0.545451
1341848022.621801 -1.416100 -2.127095 1.413852 -0.834713 -0.016515 0.041224 0.548892
1341848022.721700 -1.441809 -2.115735 1.423520 -0.836160 0.002132 0.033966 0.547428
1341848022.814772 -1.466800 -2.103550 1.426734 -0.839406 0.016890 0.023797 0.542721
1341848022.882710 -1.486333 -2.094261 1.428230 -0.841676 0.026482 0.015648 0.539106
1341848022.982728 -1.514939 -2.075765 1.429412 -0.844030 0.040797 -0.014017 0.534558
1341848023.082738 -1.546153 -2.057990 1.431238 -0.847798 0.067557 -0.027174 0.525297
1341848023.186687 -1.579811 -2.042009 1.430878 -0.846991 0.091552 -0.040697 0.522080
1341848023.286758 -1.611348 -2.027450 1.425267 -0.853301 0.111037 -0.050750 0.506925
1341848023.354762 -1.630453 -2.017197 1.419914 0.856604 -0.117051 0.066382 -0.498119
1341848023.418717 -1.647202 -2.008122 1.415317 0.857821 -0.124788 0.070766 -0.493521
1341848023.454710 -1.655256 -2.002589 1.413107 0.858939 -0.130775 0.072606 -0.489744
1341848023.518675 -1.669080 -1.992182 1.410803 0.860933 -0.138937 0.076581 -0.483348
1341848023.555068 -1.676524 -1.985535 1.409835 0.859386 -0.142402 0.082606 -0.484101
1341848023.622845 -1.689740 -1.972991 1.410111 0.855903 -0.150028 0.084971 -0.487547
1341848023.687172 -1.701522 -1.959317 1.410699 0.853244 -0.159013 0.092229 -0.488041
1341848023.754690 -1.712474 -1.943798 1.411873 0.851545 -0.167570 0.093978 -0.487811
1341848023.822788 -1.721894 -1.925531 1.412257 0.847969 -0.175514 0.103330 -0.489354
1341848023.854825 -1.726363 -1.917191 1.412947 0.848483 -0.179005 0.105156 -0.486801
1341848023.922784 -1.734268 -1.896683 1.414934 0.844489 -0.186184 0.111116 -0.489722
1341848023.954826 -1.737302 -1.887128 1.416594 0.842539 -0.190933 0.113720 -0.490652
1341848024.022671 -1.744639 -1.866696 1.419518 0.841761 -0.206436 0.112445 -0.485982
1341848024.054725 -1.748292 -1.857385 1.421047 0.840804 -0.211006 0.112158 -0.485743
1341848024.122843 -1.754995 -1.838115 1.423474 0.838634 -0.223038 0.112972 -0.483925
1341848024.158762 -1.758347 -1.828149 1.424642 0.837803 -0.227414 0.112386 -0.483465
1341848024.222838 -1.762822 -1.810532 1.425778 0.836569 -0.235342 0.115476 -0.481073
1341848024.258826 -1.765130 -1.800571 1.425939 0.835617 -0.240207 0.117703 -0.479782
1341848024.322705 -1.769809 -1.784475 1.425947 0.836422 -0.246849 0.119419 -0.474555
1341848024.358743 -1.772180 -1.775319 1.425642 0.835869 -0.249372 0.124143 -0.472995
1341848024.426783 -1.777114 -1.758898 1.425444 0.835159 -0.255740 0.129696 -0.469346
1341848024.458795 -1.779667 -1.752340 1.424863 0.835002 -0.258566 0.130739 -0.467785
1341848024.526783 -1.786490 -1.736036 1.422194 0.834616 -0.264691 0.136824 -0.463285
1341848024.558627 -1.790555 -1.728997 1.420803 0.834416 -0.266915 0.138579 -0.461846
1341848024.626657 -1.799247 -1.713887 1.417326 0.833895 -0.273812 0.143976 -0.457075
1341848024.658717 -1.804159 -1.706361 1.415690 0.833283 -0.276866 0.146408 -0.455577
1341848024.727054 -1.814422 -1.691242 1.411648 0.832618 -0.284315 0.149161 -0.451290
1341848024.758938 -1.820458 -1.685002 1.410312 0.831630 -0.288845 0.151452 -0.449470
1341848024.826727 -1.833616 -1.671069 1.407761 0.829879 -0.294099 0.156740 -0.447480
1341848024.862797 -1.841658 -1.664935 1.407012 0.827754 -0.298478 0.155715 -0.448873
1341848024.926754 -1.858338 -1.652781 1.405470 0.824153 -0.309053 0.156570 -0.448045
1341848024.962678 -1.867423 -1.646622 1.404617 0.821471 -0.313080 0.155349 -0.450591
1341848025.026872 -1.885096 -1.635886 1.402112 0.821951 -0.320715 0.155137 -0.444376
1341848025.062647 -1.894706 -1.629860 1.400701 0.820924 -0.322150 0.157516 -0.444401
1341848025.131056 -1.912445 -1.617933 1.397605 0.819596 -0.327879 0.162327 -0.440916
1341848025.230646 -1.937153 -1.601624 1.394850 0.815387 -0.339453 0.164270 -0.439239
1341848025.330653 -1.959917 -1.585148 1.393548 0.813007 -0.347632 0.167082 -0.436183
1341848025.430687 -1.978361 -1.568753 1.393539 0.810792 -0.353685 0.171055 -0.433894
1341848025.530800 -1.994635 -1.552293 1.394051 0.809375 -0.358470 0.175552 -0.430805
1341848025.630731 -2.009286 -1.536259 1.392719 0.807290 -0.364376 0.180483 -0.427713
1341848025.730719 -2.022195 -1.520733 1.390378 0.806093 -0.370544 0.185237 -0.422608
1341848025.834828 -2.034282 -1.504050 1.389142 0.802688 -0.377930 0.188616 -0.421053
1341848025.934824 -2.046507 -1.486372 1.386757 0.798847 -0.387613 0.187868 -0.419887
1341848026.034640 -2.059409 -1.467022 1.383006 0.794523 -0.397478 0.189142 -0.418295
1341848026.134670 -2.073659 -1.446834 1.379725 0.789833 -0.408752 0.189336 -0.416217
1341848026.234940 -2.088351 -1.427864 1.376257 0.785775 -0.422025 0.187996 -0.411230
1341848026.334824 -2.102145 -1.409837 1.372108 0.782135 -0.434066 0.186309 -0.406376
1341848026.402725 -2.111229 -1.398192 1.369803 0.778979 -0.439580 0.187134 -0.406131
1341848026.470839 -2.119848 -1.386497 1.368438 0.774415 -0.446301 0.187639 -0.407295
1341848026.502672 -2.124187 -1.381108 1.368107 0.772856 -0.449199 0.189311 -0.406295
1341848026.570847 -2.133391 -1.369177 1.367570 0.770029 -0.451114 0.193975 -0.407340
1341848026.602721 -2.137494 -1.363432 1.367225 0.769574 -0.451080 0.195808 -0.407359
1341848026.641972 -2.143211 -1.356409 1.366970 0.768475 -0.454091 0.197131 -0.405446
1341848026.702795 -2.152392 -1.344963 1.366394 0.766782 -0.454156 0.199440 -0.407444
1341848026.770813 -2.164712 -1.332311 1.365419 0.766635 -0.454589 0.200734 -0.406602
1341848026.806747 -2.172629 -1.325439 1.364539 0.767542 -0.455242 0.200123 -0.404457
1341848026.878025 -2.189381 -1.312018 1.362675 0.768384 -0.454950 0.202700 -0.401894
1341848026.938881 -2.205670 -1.300145 1.360861 0.769584 -0.453244 0.203083 -0.401332
1341848027.006815 -2.226017 -1.287607 1.358710 0.770185 -0.453576 0.204165 -0.399250
1341848027.074785 -2.247330 -1.276839 1.357397 0.768778 -0.455966 0.203665 -0.399495
1341848027.106663 -2.256979 -1.272204 1.356969 0.767669 -0.457309 0.204503 -0.399665
1341848027.174831 -2.278815 -1.262602 1.357359 0.764102 -0.459854 0.207317 -0.402121
1341848027.207212 -2.289204 -1.258353 1.357448 0.761651 -0.462687 0.208806 -0.402752
1341848027.274701 -2.310527 -1.250369 1.357262 0.759577 -0.463605 0.211079 -0.404423
1341848027.306705 -2.320939 -1.247052 1.357374 0.758347 -0.464981 0.211424 -0.404973
1341848027.374943 -2.343651 -1.239147 1.358291 0.755536 -0.467195 0.211302 -0.407733
1341848027.406837 -2.353952 -1.235619 1.358739 0.754987 -0.466614 0.211422 -0.409350
1341848027.474800 -2.375216 -1.226789 1.359661 0.753262 -0.463215 0.212909 -0.415570
1341848027.506714 -2.384822 -1.222523 1.360307 0.752913 -0.461625 0.212401 -0.418223
1341848027.574717 -2.403651 -1.213395 1.361518 0.753329 -0.456467 0.211873 -0.423373
1341848027.610716 -2.412506 -1.208114 1.362066 0.752997 -0.455349 0.212113 -0.425043
1341848027.674731 -2.426625 -1.198551 1.362681 0.753852 -0.452664 0.211327 -0.426783
1341848027.711026 -2.433666 -1.192663 1.362877 0.754262 -0.452338 0.211119 -0.426507
1341848027.778768 -2.445942 -1.180338 1.362776 0.755599 -0.448265 0.211147 -0.428422
1341848027.810746 -2.451274 -1.174168 1.362432 0.756375 -0.446577 0.211573 -0.428606
1341848027.878669 -2.462114 -1.160324 1.361316 0.758728 -0.443095 0.210564 -0.428557
1341848027.911127 -2.467179 -1.153426 1.360911 0.760495 -0.440545 0.210359 -0.428155
1341848027.978757 -2.476741 -1.138678 1.361059 0.762028 -0.435854 0.212205 -0.429318
1341848028.011034 -2.481162 -1.131830 1.361573 0.762942 -0.433644 0.212564 -0.429755
1341848028.078967 -2.489527 -1.117517 1.363344 0.763361 -0.431575 0.212128 -0.431306
1341848028.110971 -2.492501 -1.111287 1.364319 0.763028 -0.431094 0.210591 -0.433125
1341848028.186050 -2.499907 -1.092318 1.367115 0.760503 -0.431217 0.211287 -0.437088
1341848028.254235 -2.505103 -1.075416 1.368540 0.758988 -0.433641 0.210977 -0.437471
1341848028.314908 -2.509729 -1.060372 1.369711 0.757658 -0.434977 0.212150 -0.437884
1341848028.378956 -2.514796 -1.043418 1.370956 0.754744 -0.438156 0.213411 -0.439133
1341848028.414628 -2.518131 -1.034038 1.371910 0.753611 -0.439221 0.213370 -0.440033
1341848028.482785 -2.525071 -1.015069 1.373711 0.750946 -0.441985 0.214940 -0.441055
1341848028.514701 -2.528887 -1.006373 1.374308 0.750726 -0.444182 0.212742 -0.440288
1341848028.582747 -2.538517 -0.987121 1.375673 0.749898 -0.444571 0.213699 -0.440843
1341848028.614649 -2.543730 -0.977141 1.376349 0.750701 -0.444957 0.212775 -0.439532
1341848028.653766 -2.549489 -0.965593 1.377170 0.750510 -0.445270 0.211766 -0.440029
1341848028.721828 -2.558482 -0.946235 1.378380 0.750382 -0.446032 0.211755 -0.439480
1341848028.782861 -2.566361 -0.929170 1.379426 0.749622 -0.446548 0.210381 -0.440910
1341848028.814757 -2.570373 -0.920398 1.379743 0.749680 -0.446221 0.211005 -0.440844
1341848028.882714 -2.578279 -0.902973 1.380567 0.750003 -0.446008 0.209564 -0.441198
1341848028.914838 -2.582586 -0.893502 1.380842 0.750113 -0.447196 0.207496 -0.440784
1341848028.982690 -2.591300 -0.876068 1.382002 0.751448 -0.447496 0.206017 -0.438897
1341848029.018728 -2.595261 -0.867406 1.382870 0.751865 -0.446747 0.207967 -0.438026
1341848029.082877 -2.600959 -0.852670 1.383645 0.751718 -0.446715 0.210781 -0.436963
1341848029.118800 -2.604312 -0.844396 1.383534 0.752021 -0.447520 0.209779 -0.436100
1341848029.182676 -2.611124 -0.830595 1.382533 0.752793 -0.448459 0.212417 -0.432512
1341848029.218708 -2.615723 -0.823079 1.382188 0.753314 -0.448727 0.213131 -0.430973
1341848029.286969 -2.624617 -0.808930 1.381760 0.753413 -0.448474 0.218048 -0.428597
1341848029.320225 -2.629092 -0.802054 1.381691 0.752980 -0.450421 0.220348 -0.426131
1341848029.386923 -2.639715 -0.788968 1.382030 0.751022 -0.453045 0.220459 -0.426748
1341848029.418757 -2.645355 -0.782769 1.381762 0.750486 -0.454712 0.222320 -0.424950
1341848029.486788 -2.658101 -0.769493 1.381934 0.747477 -0.458008 0.225024 -0.425290
1341848029.518925 -2.664813 -0.763424 1.382125 0.746381 -0.460101 0.227402 -0.423686
1341848029.586990 -2.680668 -0.749941 1.383062 0.742065 -0.465025 0.228711 -0.425186
1341848029.618715 -2.687859 -0.744126 1.383234 0.739847 -0.468668 0.229269 -0.424751
1341848029.686830 -2.704736 -0.730783 1.383882 0.735766 -0.475085 0.231237 -0.423642
1341848029.718752 -2.712461 -0.725035 1.383683 0.734466 -0.478599 0.232454 -0.421269
1341848029.786949 -2.728823 -0.713087 1.383550 0.730497 -0.483678 0.235277 -0.420803
1341848029.822778 -2.737319 -0.707094 1.382952 0.729407 -0.486163 0.236230 -0.419293
1341848029.887992 -2.752363 -0.696172 1.382181 0.725800 -0.492328 0.238152 -0.417266
1341848029.922779 -2.760006 -0.690527 1.381109 0.724120 -0.495369 0.238367 -0.416463
1341848029.990762 -2.775352 -0.679742 1.378710 0.721332 -0.499884 0.241069 -0.414345
1341848030.022873 -2.782221 -0.674656 1.377579 0.720773 -0.502398 0.241152 -0.412225
1341848030.090782 -2.795424 -0.663746 1.375664 0.718133 -0.506580 0.244031 -0.410014
1341848030.122796 -2.801026 -0.658736 1.375107 0.716984 -0.508194 0.245911 -0.408902
1341848030.190683 -2.811400 -0.647916 1.374098 0.714869 -0.513451 0.247630 -0.404982
1341848030.222713 -2.815674 -0.642396 1.373490 0.713115 -0.515896 0.249883 -0.403580
1341848030.290864 -2.823994 -0.630985 1.372278 0.711033 -0.520587 0.253332 -0.399055
1341848030.322775 -2.827928 -0.625325 1.371579 0.709866 -0.522840 0.254264 -0.397591
1341848030.390832 -2.836132 -0.613012 1.369455 0.707349 -0.528461 0.257898 -0.392268
1341848030.422795 -2.839718 -0.607107 1.367968 0.706364 -0.530974 0.259229 -0.389765
1341848030.490846 -2.846647 -0.593961 1.365262 0.704419 -0.534676 0.262033 -0.386335
1341848030.526716 -2.849774 -0.586748 1.363799 0.702772 -0.537080 0.263445 -0.385037
1341848030.565795 -2.853280 -0.578667 1.362833 0.700391 -0.540029 0.265119 -0.384101
1341848030.626961 -2.859152 -0.565611 1.361616 0.696636 -0.545844 0.266638 -0.381650
1341848030.690656 -2.865451 -0.550451 1.361177 0.691137 -0.551470 0.267081 -0.383247
1341848030.726765 -2.869216 -0.541758 1.360841 0.688788 -0.554668 0.268011 -0.382209
1341848030.794692 -2.876514 -0.526175 1.361180 0.682955 -0.560386 0.272117 -0.381435
1341848030.827483 -2.881177 -0.517044 1.361825 0.679615 -0.563346 0.274152 -0.381583
1341848030.894711 -2.890259 -0.499781 1.364102 0.671399 -0.575240 0.272045 -0.379886
1341848030.926741 -2.894541 -0.491195 1.365256 0.667777 -0.578465 0.270989 -0.382122
1341848030.994735 -2.903365 -0.474245 1.368104 0.660893 -0.583741 0.276173 -0.382356
1341848031.026698 -2.908006 -0.464804 1.369632 0.658511 -0.585684 0.276079 -0.383559
1341848031.094761 -2.917429 -0.445396 1.372259 0.652046 -0.593093 0.273445 -0.385105
1341848031.126776 -2.921564 -0.436631 1.372841 0.650385 -0.593892 0.273281 -0.386794
1341848031.194685 -2.930080 -0.417650 1.374742 0.647411 -0.597187 0.270954 -0.388343
1341848031.230953 -2.933705 -0.409132 1.375504 0.647047 -0.598004 0.270489 -0.388017
1341848031.294747 -2.940844 -0.392142 1.377146 0.645483 -0.601835 0.265984 -0.387813
1341848031.330754 -2.944746 -0.384210 1.378893 0.644938 -0.602729 0.266732 -0.386817
1341848031.394753 -2.951042 -0.371439 1.382067 0.643335 -0.603715 0.269741 -0.385860
1341848031.430611 -2.954179 -0.365046 1.383421 0.642414 -0.604532 0.271369 -0.384973
1341848031.472150 -2.958228 -0.357400 1.385494 0.640859 -0.605226 0.273819 -0.384740
1341848031.562876 -2.967502 -0.343301 1.388141 0.637338 -0.608589 0.279774 -0.380981
1341848031.630816 -2.975524 -0.333600 1.389856 0.633856 -0.612357 0.283088 -0.378295
1341848031.698757 -2.984378 -0.323609 1.391184 0.630375 -0.615307 0.286997 -0.376375
1341848031.730668 -2.988781 -0.318784 1.392119 0.627852 -0.616051 0.290251 -0.376878
1341848031.798743 -2.998923 -0.309156 1.393598 0.622897 -0.620129 0.294614 -0.375021
1341848031.830821 -3.003933 -0.304930 1.394681 -0.619144 0.623116 -0.295930 0.375249
1341848031.898722 -3.014555 -0.295109 1.396796 -0.613643 0.626880 -0.301723 0.373401
1341848031.930844 -3.020146 -0.289080 1.397566 -0.609482 0.631676 -0.300441 0.373166
1341848031.998742 -3.031412 -0.277083 1.398850 -0.604071 0.636163 -0.304092 0.371380
1341848032.034711 -3.037825 -0.270785 1.399546 -0.603608 0.636031 -0.307312 0.369705
1341848032.098732 -3.049507 -0.258185 1.399839 -0.600019 0.639557 -0.308160 0.368758
1341848032.134739 -3.055989 -0.250577 1.400023 -0.598797 0.640133 -0.309575 0.368559
1341848032.234663 -3.072984 -0.230618 1.398920 -0.595304 0.643024 -0.310360 0.368523
1341848032.302842 -3.084323 -0.218940 1.398078 -0.594894 0.644102 -0.312635 0.365367
1341848032.334617 -3.088950 -0.213742 1.397885 -0.593445 0.645103 -0.313597 0.365132
1341848032.434730 -3.103960 -0.197632 1.398147 -0.588812 0.648169 -0.317972 0.363415
1341848032.534733 -3.118575 -0.180582 1.399372 -0.584669 0.650417 -0.320681 0.363710
1341848032.603044 -3.128073 -0.167071 1.401816 -0.583400 0.649450 -0.322370 0.365973
1341848032.634746 -3.132301 -0.160682 1.403352 -0.581955 0.648948 -0.323756 0.367936
1341848032.738725 -3.144562 -0.137503 1.408138 -0.578820 0.648375 -0.328028 0.370102
1341848032.802941 -3.151505 -0.121595 1.410045 -0.579552 0.647725 -0.328514 0.369662
1341848032.838781 -3.154717 -0.112575 1.410990 -0.579313 0.647006 -0.328745 0.371089
1341848032.902707 -3.159407 -0.096903 1.411552 -0.577749 0.649111 -0.327273 0.371152
1341848032.938845 -3.161076 -0.088217 1.411350 -0.577038 0.649890 -0.327536 0.370662
1341848033.039238 -3.163169 -0.063850 1.411770 -0.574354 0.652448 -0.329993 0.368148
1341848033.139110 -3.163257 -0.040897 1.412778 -0.567261 0.655618 -0.336106 0.367985
1341848033.206854 -3.163714 -0.025611 1.412979 -0.562456 0.662053 -0.333352 0.366342
1341848033.238728 -3.164241 -0.017934 1.413272 -0.559731 0.663483 -0.335293 0.366156
1341848033.306665 -3.164981 -0.003196 1.414068 -0.556751 0.666894 -0.337084 0.362843
1341848033.338836 -3.165324 0.004312 1.414276 -0.554625 0.669186 -0.337153 0.361815
1341848033.406805 -3.165766 0.019634 1.414313 -0.554197 0.670444 -0.338863 0.358527
1341848033.443097 -3.166108 0.027647 1.414610 -0.551485 0.671940 -0.339686 0.359130
1341848033.506807 -3.167030 0.041477 1.414682 -0.549911 0.674227 -0.340078 0.356878
1341848033.542876 -3.167263 0.048781 1.415210 -0.548371 0.675055 -0.340197 0.357569
1341848033.606870 -3.167492 0.060883 1.416296 -0.543944 0.679637 -0.339867 0.355962
1341848033.642934 -3.167478 0.067715 1.417507 -0.542309 0.680223 -0.339971 0.357234
1341848033.710808 -3.168603 0.080314 1.420098 -0.539678 0.683616 -0.339802 0.354897
1341848033.742797 -3.169302 0.086292 1.421501 -0.538581 0.683952 -0.339623 0.356084
1341848033.811114 -3.171091 0.098836 1.423233 -0.534842 0.686627 -0.341650 0.354630
1341848033.842774 -3.171873 0.103631 1.424237 -0.534368 0.686802 -0.342334 0.354347
1341848033.911229 -3.175509 0.114840 1.425784 -0.528399 0.692246 -0.343181 0.351875
1341848033.942752 -3.177257 0.119276 1.426419 -0.525253 0.693513 -0.347484 0.349863
1341848034.010755 -3.181183 0.127858 1.429563 -0.517274 0.695666 -0.357325 0.347556
1341848034.042713 -3.183381 0.131304 1.430901 -0.512528 0.698666 -0.360708 0.345066
1341848034.110771 -3.188501 0.139014 1.434329 -0.503203 0.703762 -0.363011 0.346019
1341848034.142710 -3.191217 0.142206 1.435675 -0.496962 0.706960 -0.367829 0.343420
1341848034.210696 -3.198407 0.150754 1.438302 -0.490040 0.710377 -0.372737 0.341017
1341848034.246723 -3.202784 0.155868 1.439608 -0.484537 0.714691 -0.373079 0.339490
1341848034.318061 -3.210971 0.166620 1.442426 -0.477333 0.717513 -0.377896 0.338412
1341848034.386162 -3.219037 0.179063 1.444576 -0.471060 0.721724 -0.377854 0.338296
1341848034.453838 -3.227596 0.194098 1.445464 -0.466870 0.724713 -0.379033 0.336389
1341848034.553684 -3.239995 0.220738 1.444914 -0.466091 0.724224 -0.382246 0.334884
1341848034.653784 -3.252631 0.249065 1.441193 -0.466497 0.727013 -0.379044 0.331902
1341848034.746742 -3.263755 0.273990 1.436995 -0.466515 0.728560 -0.377580 0.330149
1341848034.814737 -3.270847 0.291307 1.433101 -0.465687 0.730016 -0.376757 0.329040
1341848034.846851 -3.273961 0.298769 1.431301 -0.466752 0.730028 -0.376310 0.328012
1341848034.914816 -3.278994 0.312248 1.428143 -0.465228 0.732581 -0.375726 0.325142
1341848034.951491 -3.280615 0.318753 1.426629 -0.464435 0.733231 -0.376754 0.323618
1341848035.014942 -3.282690 0.329511 1.424169 -0.462620 0.735683 -0.377017 0.320331
1341848035.050945 -3.283602 0.335936 1.422778 -0.462144 0.737470 -0.375522 0.318660
1341848035.118886 -3.284702 0.348598 1.419791 -0.460798 0.738309 -0.377615 0.316184
1341848035.218946 -3.286405 0.368689 1.416839 -0.460144 0.741079 -0.376161 0.312364
1341848035.319914 -3.285048 0.389118 1.417139 -0.456695 0.741579 -0.378011 0.314003
1341848035.422709 -3.282710 0.412327 1.419551 -0.451298 0.744377 -0.377472 0.315828
1341848035.518623 -3.279448 0.435366 1.421636 -0.444202 0.747221 -0.377398 0.319243
1341848035.618790 -3.275337 0.459221 1.423185 -0.434766 0.751218 -0.379268 0.320634
1341848035.718791 -3.269383 0.482309 1.423087 -0.423287 0.760518 -0.376351 0.317492
1341848035.818784 -3.263624 0.504886 1.423770 -0.416408 0.765566 -0.377414 0.313163
1341848035.886689 -3.259620 0.519654 1.426238 -0.410190 0.768048 -0.378396 0.314106
1341848035.954633 -3.256015 0.535099 1.428149 -0.405388 0.769513 -0.378570 0.316535
1341848035.986741 -3.254079 0.542403 1.428712 -0.402717 0.770490 -0.377198 0.319197
1341848036.054911 -3.250497 0.557766 1.429301 -0.399558 0.775091 -0.371809 0.318348
1341848036.087013 -3.248168 0.564490 1.429479 -0.397587 0.775337 -0.373033 0.318783
1341848036.154810 -3.243126 0.578300 1.430250 -0.397047 0.777728 -0.372748 0.313928
1341848036.190835 -3.240633 0.585767 1.431178 -0.395709 0.778851 -0.372661 0.312937
1341848036.254692 -3.236102 0.599170 1.431925 -0.396082 0.778923 -0.375053 0.309408
1341848036.290758 -3.233777 0.606380 1.432154 -0.395226 0.779638 -0.377202 0.306071
1341848036.354859 -3.229211 0.620556 1.432407 -0.394238 0.780139 -0.379642 0.303036
1341848036.390843 -3.227113 0.628838 1.432791 -0.391406 0.781387 -0.379412 0.303780
1341848036.458823 -3.222979 0.645763 1.432485 -0.390398 0.782390 -0.381999 0.299218
1341848036.558942 -3.216660 0.671780 1.433678 -0.386752 0.781476 -0.387453 0.299330
1341848036.590723 -3.214608 0.680969 1.434355 -0.384601 0.782621 -0.388105 0.298262
1341848036.658670 -3.210469 0.700699 1.436922 -0.377956 0.784221 -0.390701 0.299165
1341848036.691175 -3.208591 0.710827 1.438521 -0.375488 0.783929 -0.393780 0.299002
1341848036.758851 -3.205114 0.733158 1.442122 -0.367762 0.785904 -0.396293 0.300096
1341848036.790720 -3.203727 0.743784 1.444003 -0.364268 0.785676 -0.399501 0.300702
1341848036.858633 -3.200988 0.767161 1.447597 -0.358161 0.788345 -0.401653 0.298175
1341848036.926846 -3.198070 0.790774 1.451485 -0.351704 0.790261 -0.403591 0.298170
1341848037.061042 -3.192143 0.838028 1.456508 -0.345376 0.788536 -0.414095 0.295722
1341848037.094661 -3.190625 0.849823 1.457915 -0.342917 0.787698 -0.417499 0.296030
1341848037.162789 -3.187758 0.873798 1.461507 -0.340803 0.784071 -0.423847 0.299065
1341848037.263738 -3.181876 0.909364 1.468205 -0.340626 0.776600 -0.431629 0.307512
1341848037.362746 -3.172714 0.941001 1.473426 -0.341389 0.770820 -0.437583 0.312747
1341848037.462765 -3.161966 0.971343 1.477454 -0.343407 0.767409 -0.443197 0.311016
1341848037.562958 -3.149125 1.000031 1.479336 -0.345144 0.766827 -0.445055 0.307861
1341848037.662669 -3.134037 1.026400 1.479246 -0.344575 0.767870 -0.447581 0.302183
1341848037.730964 -3.123093 1.042565 1.479354 -0.342358 0.769360 -0.449682 0.297762
1341848037.769764 -3.116107 1.051412 1.478857 -0.340869 0.771203 -0.449335 0.295214
1341848037.866711 -3.097216 1.073412 1.477106 -0.332149 0.776250 -0.448840 0.292671
1341848037.966864 -3.077662 1.096884 1.472839 -0.323158 0.785298 -0.444765 0.284710
1341848038.066849 -3.059613 1.119483 1.468966 -0.316761 0.791339 -0.443270 0.277412
1341848038.166674 -3.042347 1.141144 1.465535 -0.311258 0.797863 -0.441101 0.268260
1341848038.274093 -3.024105 1.163679 1.464657 -0.305167 0.801980 -0.441147 0.262850
1341848038.341933 -3.012699 1.178046 1.465495 -0.302135 0.803593 -0.442330 0.259417
1341848038.409802 -3.001705 1.192908 1.467617 -0.303027 0.803430 -0.445079 0.254124
1341848038.441825 -2.996464 1.199589 1.469106 -0.299437 0.804545 -0.445064 0.254877
1341848038.566862 -2.976412 1.227355 1.473423 -0.296417 0.801164 -0.454190 0.252951
1341848038.634739 -2.967132 1.245375 1.475383 -0.296670 0.799397 -0.457044 0.253105
1341848038.734794 -2.954042 1.273499 1.477275 -0.296435 0.798214 -0.460388 0.251047
1341848038.838770 -2.943062 1.305923 1.477809 -0.291562 0.799814 -0.460733 0.251027
1341848038.938767 -2.935641 1.336959 1.477918 -0.283268 0.802660 -0.461610 0.249825
1341848039.038895 -2.929852 1.368561 1.477011 -0.274480 0.807256 -0.462569 0.242958
1341848039.138656 -2.924039 1.398197 1.477152 -0.266568 0.809767 -0.463597 0.241446
1341848039.238881 -2.920105 1.427233 1.477866 -0.261155 0.810251 -0.466749 0.239660
1341848039.338889 -2.916164 1.453643 1.477787 -0.256355 0.812684 -0.465738 0.238568
1341848039.438853 -2.909388 1.476257 1.476032 -0.254476 0.814480 -0.466213 0.233472
1341848039.507121 -2.902267 1.490174 1.475417 -0.252786 0.815741 -0.467139 0.229015
1341848039.538659 -2.898561 1.496868 1.475494 -0.252198 0.815354 -0.469099 0.227023
1341848039.606721 -2.889433 1.511499 1.475701 -0.251117 0.815548 -0.469647 0.226392
1341848039.642714 -2.884549 1.519086 1.475650 -0.251042 0.816095 -0.470815 0.222035
1341848039.707168 -2.874859 1.532849 1.475647 -0.251591 0.817829 -0.468706 0.219482
1341848039.742862 -2.869076 1.539863 1.474949 -0.250440 0.818579 -0.469231 0.216865
1341848039.806875 -2.857673 1.552263 1.473542 -0.250467 0.817039 -0.473607 0.213097
1341848039.843282 -2.851038 1.559180 1.472897 -0.248396 0.818191 -0.473569 0.211175
1341848039.913822 -2.837213 1.572342 1.472251 -0.243545 0.818327 -0.476690 0.209268
1341848039.943367 -2.831012 1.577932 1.471724 -0.241042 0.819900 -0.475613 0.208459
1341848040.010707 -2.815799 1.590704 1.470465 -0.235924 0.821002 -0.475791 0.209569
1341848040.042768 -2.808292 1.596480 1.469289 -0.233680 0.823017 -0.473965 0.208310
1341848040.110819 -2.792800 1.609306 1.466918 -0.226727 0.828125 -0.469577 0.205671
1341848040.142744 -2.785739 1.615584 1.466026 -0.224239 0.829595 -0.469550 0.202512
1341848040.211029 -2.770926 1.629242 1.464992 -0.218941 0.832994 -0.467100 0.200009
1341848040.242681 -2.764377 1.635201 1.465102 -0.216269 0.835595 -0.464929 0.197103
1341848040.310719 -2.750014 1.647068 1.467074 -0.209662 0.836526 -0.467461 0.194284
1341848040.346920 -2.742790 1.653204 1.468308 -0.205622 0.838930 -0.464874 0.194445
1341848040.410884 -2.730429 1.663642 1.471660 -0.199250 0.840042 -0.466126 0.193277
1341848040.446720 -2.723806 1.669417 1.473974 -0.195318 0.841019 -0.465695 0.194079
1341848040.517796 -2.710538 1.681166 1.479141 -0.190386 0.840254 -0.468943 0.194471
1341848040.578879 -2.698796 1.691442 1.483769 -0.187259 0.840371 -0.470427 0.193416
1341848040.646758 -2.686533 1.702495 1.488781 -0.183356 0.841372 -0.471553 0.190030
1341848040.714653 -2.674121 1.711161 1.492433 -0.173750 0.842029 -0.477537 0.180987
1341848040.746821 -2.667795 1.714999 1.493834 -0.169979 0.841193 -0.482251 0.175885
1341848040.814675 -2.655008 1.723566 1.495692 -0.160852 0.842888 -0.486274 0.164937
1341848040.846908 -2.648679 1.727609 1.496399 -0.158574 0.843015 -0.487870 0.161751
1341848040.914699 -2.635290 1.734921 1.496702 -0.149344 0.843476 -0.492053 0.155335
1341848040.946862 -2.629252 1.738428 1.496612 -0.144843 0.844304 -0.492313 0.154267
1341848041.058859 -2.608903 1.750602 1.492475 -0.125032 0.848775 -0.491031 0.151120
1341848041.122188 -2.598387 1.757460 1.488023 -0.115779 0.854344 -0.485416 0.145130
1341848041.189954 -2.586787 1.765294 1.484369 -0.103432 0.859044 -0.480334 0.143609
1341848041.250726 -2.575009 1.772232 1.480963 -0.097976 0.860970 -0.478156 0.143172
1341848041.355465 -2.554118 1.782110 1.476484 -0.090228 0.864037 -0.475820 0.137456
1341848041.450845 -2.533942 1.787883 1.473066 -0.079295 0.868625 -0.471761 0.129011
1341848041.550730 -2.509046 1.789850 1.469137 -0.071912 0.874595 -0.465201 0.116189
1341848041.650957 -2.480110 1.791482 1.466316 -0.065520 0.874738 -0.467993 0.107350
1341848041.750776 -2.448752 1.792104 1.465349 -0.056251 0.873087 -0.472676 0.105512
1341848041.854747 -2.413266 1.791106 1.466378 -0.045154 0.872351 -0.474430 0.109000
1341848041.994975 -2.367671 1.786152 1.472350 -0.030461 0.873317 -0.473652 0.109739
1341848042.054627 -2.349153 1.782156 1.476203 -0.024330 0.871956 -0.476587 0.109387
1341848042.154788 -2.319031 1.775033 1.480534 -0.014941 0.873348 -0.475015 0.106772
1341848042.254762 -2.289523 1.768145 1.480584 -0.006882 0.874715 -0.474417 0.098767
1341848042.354987 -2.260452 1.763131 1.478769 0.000226 0.877246 -0.471400 0.090677
1341848042.429737 -2.238562 1.760962 1.475677 0.008690 0.878461 -0.469968 0.085792
1341848042.490921 -2.220580 1.759827 1.472236 0.016662 0.880888 -0.465786 0.082469
1341848042.558691 -2.200689 1.758305 1.468748 0.027111 0.880440 -0.467118 0.076747
1341848042.658741 -2.171395 1.758799 1.464766 0.041883 0.879089 -0.469519 0.070718
1341848042.761637 -2.144493 1.761042 1.461742 0.061425 0.879025 -0.467959 0.067496
1341848042.829708 -2.127359 1.761844 1.458903 0.072095 0.880083 -0.465600 0.058928
1341848042.861726 -2.119499 1.762718 1.457774 0.077269 0.880548 -0.464200 0.056417
1341848042.965708 -2.094537 1.765410 1.455782 0.089446 0.879111 -0.465723 0.047586
1341848043.065737 -2.070972 1.764642 1.454044 0.101079 0.879502 -0.463016 0.043311
1341848043.165792 -2.045202 1.760866 1.451859 0.108415 0.880082 -0.460853 0.036286
1341848043.265717 -2.019234 1.755771 1.451816 0.115120 0.878460 -0.462801 0.029506
1341848043.369819 -1.991326 1.747139 1.452469 0.121146 0.877232 -0.463954 0.023135
1341848043.469625 -1.962472 1.735170 1.453161 0.129374 0.877141 -0.462050 0.019921
1341848043.569664 -1.933547 1.719146 1.453071 0.137744 0.875280 -0.463171 0.019578
1341848043.670144 -1.903945 1.699931 1.450662 0.143621 0.875600 -0.460813 0.018702
1341848043.769828 -1.877304 1.679731 1.449005 0.151756 0.877320 -0.454955 0.017187
1341848043.837855 -1.860573 1.664778 1.448598 0.154737 0.875169 -0.458145 0.015475
1341848043.869697 -1.852874 1.657918 1.448291 0.155017 0.875483 -0.457530 0.012836
1341848043.938034 -1.836529 1.643965 1.448081 0.156771 0.875561 -0.456760 0.013640
1341848043.969826 -1.829149 1.638225 1.447646 0.156758 0.877040 -0.453999 0.010648
1341848044.037703 -1.813853 1.626519 1.448559 0.157648 0.875331 -0.457015 0.008990
1341848044.073762 -1.805680 1.620883 1.448694 0.158688 0.876943 -0.453590 0.006719
1341848044.173825 -1.784399 1.604795 1.448801 0.164040 0.877364 -0.450858 0.007075
1341848044.237767 -1.771582 1.594823 1.448196 0.166409 0.876670 -0.451363 0.005441
1341848044.273822 -1.764166 1.589502 1.447748 0.169797 0.877661 -0.448180 0.003966
1341848044.337838 -1.752319 1.579801 1.446699 0.172213 0.875973 -0.450569 0.000696
1341848044.373688 -1.746119 1.575288 1.445918 0.176686 0.876392 -0.448016 0.000740
1341848044.441696 -1.735505 1.564637 1.444117 0.186563 0.874947 -0.446833 -0.001370
1341848044.473716 -1.731065 1.559697 1.443123 0.191976 0.873975 -0.446436 -0.002734
1341848044.541856 -1.721469 1.548870 1.440839 0.203116 0.872336 -0.444654 -0.007561
1341848044.573760 -1.716241 1.543846 1.439583 0.208754 0.871453 -0.443745 -0.009106
1341848044.641741 -1.705457 1.533101 1.437141 0.221723 0.869674 -0.440850 -0.012598
1341848044.705966 -1.694630 1.523144 1.435267 0.231298 0.866146 -0.442823 -0.014148
1341848044.771011 -1.682311 1.514222 1.433943 0.239760 0.862690 -0.444944 -0.017513
1341848044.834852 -1.669113 1.506383 1.432873 0.245723 0.861563 -0.443701 -0.021399
1341848044.870686 -1.661703 1.501953 1.432956 0.249898 0.858991 -0.446346 -0.021460
1341848044.970797 -1.640892 1.489827 1.431606 0.255256 0.858295 -0.444721 -0.019929
1341848045.070849 -1.621120 1.476239 1.427922 0.260132 0.859777 -0.439094 -0.017655
1341848045.170759 -1.602961 1.457452 1.424632 0.263367 0.859108 -0.438258 -0.022368
1341848045.270833 -1.584902 1.437612 1.422642 0.264965 0.858924 -0.437428 -0.026454
1341848045.370799 -1.567891 1.414812 1.419227 0.265859 0.858566 -0.437362 -0.029984
1341848045.474692 -1.549969 1.388614 1.415089 0.263466 0.860933 -0.434336 -0.027061
1341848045.606920 -1.528938 1.354013 1.411127 0.259994 0.861030 -0.436220 -0.027245
1341848045.706968 -1.513526 1.327166 1.406571 0.253787 0.862985 -0.436064 -0.026420
1341848045.774776 -1.503742 1.309234 1.402718 0.251008 0.865139 -0.433449 -0.025524
1341848045.874777 -1.488672 1.282351 1.395690 0.243816 0.866799 -0.434352 -0.023471
1341848045.974768 -1.472458 1.258612 1.388457 0.232824 0.868267 -0.437674 -0.018642
1341848046.074722 -1.454191 1.239160 1.381007 0.220201 0.870803 -0.439330 -0.014265
1341848046.181848 -1.435164 1.222092 1.374130 0.206320 0.872992 -0.441648 -0.016276
1341848046.283599 -1.413222 1.210249 1.367705 0.195692 0.876457 -0.439724 -0.013094
1341848046.382309 -1.393151 1.202094 1.362206 0.185033 0.879586 -0.438062 -0.013891
1341848046.485848 -1.369972 1.197565 1.355770 0.178544 0.882492 -0.434887 -0.014254
1341848046.586076 -1.345713 1.198873 1.351110 0.169747 0.882971 -0.437446 -0.013744
1341848046.685899 -1.320090 1.205645 1.348481 0.164831 0.882563 -0.440262 -0.009072
1341848046.778736 -1.296470 1.213882 1.347513 0.160147 0.881663 -0.443804 -0.007855
1341848046.878793 -1.271302 1.224355 1.346187 0.158978 0.880997 -0.445548 -0.007591
1341848046.982780 -1.245006 1.236980 1.344260 0.158862 0.881549 -0.444504 -0.007143
1341848047.089866 -1.218396 1.249102 1.340922 0.156797 0.882009 -0.444323 -0.007205
1341848047.214887 -1.183601 1.264418 1.337372 0.151333 0.884411 -0.441444 -0.006508
1341848047.282779 -1.164199 1.272400 1.336524 0.148286 0.884498 -0.442336 -0.003724
1341848047.383038 -1.134851 1.284946 1.337519 0.142608 0.885634 -0.441945 0.000996
1341848047.482648 -1.106594 1.296411 1.340681 0.134826 0.884134 -0.447335 0.004464
1341848047.582955 -1.079654 1.305315 1.344712 0.127835 0.884374 -0.448864 0.007859
1341848047.689728 -1.051591 1.311445 1.348975 0.123701 0.883964 -0.450790 0.009710
1341848047.786695 -1.026674 1.314759 1.351156 0.121268 0.884265 -0.450870 0.009251
1341848047.886853 -1.001510 1.316945 1.353084 0.119525 0.884802 -0.450336 0.006017
1341848047.986771 -0.975328 1.318274 1.355877 0.120692 0.884263 -0.451107 0.003791
1341848048.086776 -0.948736 1.319090 1.358403 0.121372 0.883733 -0.451973 0.002412
1341848048.186720 -0.923553 1.319909 1.361403 0.124807 0.883198 -0.452088 -0.000908
1341848048.286640 -0.898906 1.319671 1.366271 0.130099 0.880398 -0.456016 -0.004769
1341848048.386709 -0.874860 1.322368 1.370866 0.132010 0.879282 -0.457526 -0.010319
1341848048.490668 -0.849474 1.325871 1.376161 0.133427 0.876974 -0.461380 -0.015583
1341848048.590630 -0.827119 1.329075 1.381750 0.135202 0.872890 -0.468505 -0.016950
1341848048.690791 -0.807443 1.332856 1.387898 0.137749 0.868407 -0.476060 -0.016177
1341848048.791156 -0.788936 1.336041 1.393440 0.140406 0.864862 -0.481671 -0.017095
1341848048.891041 -0.768873 1.339544 1.399419 0.137214 0.860991 -0.489383 -0.019272
1341848048.990810 -0.746571 1.344486 1.407483 0.130725 0.857633 -0.496986 -0.019545
1341848049.090709 -0.724450 1.349030 1.416540 0.124771 0.853512 -0.505396 -0.022907
1341848049.194708 -0.699975 1.354824 1.422784 0.120277 0.851057 -0.510530 -0.024387
1341848049.294747 -0.675420 1.362191 1.425979 0.117888 0.849958 -0.512848 -0.025705
1341848049.394779 -0.650863 1.372177 1.429438 0.120809 0.849713 -0.512648 -0.024162
1341848049.494728 -0.626685 1.383486 1.433427 0.126393 0.846595 -0.516430 -0.024537
1341848049.594759 -0.600039 1.395831 1.435769 0.131285 0.845367 -0.517202 -0.024922
1341848049.695064 -0.569578 1.409892 1.435959 0.131118 0.845169 -0.517551 -0.025272
1341848049.794722 -0.537684 1.424368 1.434771 0.126337 0.846133 -0.517305 -0.022209
1341848049.930835 -0.496624 1.443771 1.433340 0.117114 0.847951 -0.516670 -0.017752
1341848049.998757 -0.477768 1.451695 1.432993 0.113503 0.848948 -0.515949 -0.014177
1341848050.098678 -0.452557 1.460361 1.431278 0.105694 0.848664 -0.518156 -0.010644
1341848050.198726 -0.426698 1.466535 1.427361 0.094866 0.851032 -0.516394 -0.009093
1341848050.298842 -0.401403 1.471300 1.423949 0.083558 0.852349 -0.516201 -0.007483
1341848050.398693 -0.376991 1.475476 1.422079 0.071858 0.853514 -0.516082 -0.003145
1341848050.498791 -0.354126 1.478746 1.421733 0.059392 0.853703 -0.517363 -0.000324
1341848050.598790 -0.331295 1.481445 1.422012 0.048140 0.853569 -0.518733 0.004377
1341848050.702846 -0.306508 1.484240 1.422912 0.036509 0.852667 -0.521119 0.007797
1341848050.802875 -0.281808 1.486535 1.423997 0.027162 0.853223 -0.520587 0.016207
1341848050.902725 -0.256960 1.487875 1.424239 0.014597 0.852905 -0.521422 0.021439
1341848051.002763 -0.232880 1.489168 1.424397 0.004201 0.850819 -0.524876 0.024400
1341848051.102734 -0.210386 1.492787 1.424309 -0.004320 0.848710 -0.528037 0.029150
1341848051.238747 -0.186846 1.496994 1.426650 -0.012296 0.846603 -0.530705 0.038273
1341848051.302718 -0.177872 1.498332 1.428857 -0.017435 0.843205 -0.535927 0.038522
1341848051.406688 -0.166900 1.501340 1.432017 -0.027036 0.838189 -0.542987 0.043288
1341848051.506718 -0.159488 1.505142 1.431948 -0.041555 0.835721 -0.545554 0.047060
1341848051.606760 -0.153599 1.508748 1.431053 -0.068481 0.829538 -0.552190 0.047566
1341848051.706714 -0.147287 1.516084 1.429383 -0.089143 0.824146 -0.556687 0.054179
1341848051.806694 -0.143101 1.525758 1.427943 -0.109572 0.820777 -0.557565 0.058658
1341848051.906707 -0.143207 1.533754 1.424894 -0.129892 0.816628 -0.559846 0.053107
1341848052.006755 -0.149366 1.543436 1.420637 -0.139631 0.818199 -0.555356 0.051319
1341848052.143014 -0.167088 1.556800 1.417715 -0.148325 0.817159 -0.555608 0.039387
1341848052.178064 -0.172509 1.561035 1.416677 -0.149251 0.817819 -0.554644 0.035580
1341848052.311125 -0.194587 1.579809 1.413468 -0.156002 0.819775 -0.550564 0.022600
1341848052.379476 -0.206295 1.589453 1.413204 -0.155707 0.819008 -0.552009 0.016334
1341848052.481496 -0.223015 1.604469 1.414036 -0.155442 0.818747 -0.552617 0.010312
1341848052.579155 -0.240795 1.621334 1.413533 -0.159051 0.818116 -0.552612 0.003127
1341848052.678720 -0.260827 1.638318 1.412284 -0.169690 0.814690 -0.554443 -0.008833
1341848052.778710 -0.281807 1.656168 1.413410 -0.165228 0.818165 -0.550682 -0.007454
1341848052.878813 -0.304862 1.675127 1.415973 -0.163681 0.816391 -0.553477 -0.019428
1341848052.978684 -0.327213 1.693213 1.418509 -0.156338 0.818554 -0.552126 -0.026185
1341848053.082651 -0.351202 1.711019 1.421831 -0.145229 0.819873 -0.552768 -0.034115
1341848053.183210 -0.375047 1.726936 1.424998 -0.130795 0.822128 -0.552465 -0.042205
1341848053.289822 -0.398291 1.743052 1.430099 -0.118406 0.820888 -0.556521 -0.049070
1341848053.386096 -0.416573 1.757770 1.434687 -0.103305 0.821971 -0.557592 -0.052754
1341848053.485736 -0.432606 1.773428 1.436771 -0.085586 0.825883 -0.554416 -0.056707
1341848053.589737 -0.447671 1.789159 1.437674 -0.066548 0.830672 -0.549149 -0.063176
1341848053.689724 -0.461226 1.802558 1.437487 -0.041837 0.837293 -0.540920 -0.067796
1341848053.789882 -0.472410 1.815447 1.439653 -0.016521 0.840215 -0.536773 -0.075102
1341848053.889790 -0.479183 1.827489 1.446657 0.008356 0.840399 -0.536114 -0.079005
1341848053.986823 -0.479259 1.843598 1.456878 0.028696 0.838593 -0.537997 -0.080602
1341848054.086777 -0.474342 1.860200 1.466843 0.051421 0.839559 -0.536336 -0.069566
1341848054.186687 -0.463503 1.875676 1.475374 0.065381 0.840981 -0.533599 -0.061216
1341848054.286801 -0.449378 1.893139 1.485286 0.068648 0.838680 -0.536168 -0.066544
1341848054.387103 -0.435689 1.911810 1.492873 0.073302 0.843204 -0.528243 -0.067778
1341848054.486883 -0.424545 1.928966 1.500150 0.076934 0.845742 -0.523995 -0.065040
1341848054.590790 -0.418360 1.946855 1.509951 0.084424 0.843876 -0.525791 -0.065503
1341848054.691021 -0.415781 1.965035 1.517855 0.093198 0.843590 -0.524563 -0.067109
1341848054.790887 -0.415211 1.985217 1.525319 0.099339 0.838814 -0.530428 -0.071892
1341848054.890895 -0.415383 2.006564 1.531549 0.112757 0.836141 -0.532193 -0.070182
1341848054.991052 -0.411320 2.028198 1.537353 0.125885 0.831520 -0.536446 -0.070383
1341848055.090735 -0.403929 2.053050 1.543338 0.133712 0.826183 -0.542237 -0.074310
1341848055.190986 -0.391609 2.084010 1.549498 0.144271 0.822191 -0.545324 -0.076222
1341848055.294725 -0.373248 2.118831 1.554844 0.149779 0.820512 -0.546694 -0.073845
1341848055.394711 -0.352712 2.152465 1.557826 0.151727 0.819215 -0.547568 -0.077682
1341848055.494734 -0.331922 2.184496 1.559168 0.156606 0.818134 -0.547080 -0.082672
1341848055.594685 -0.311689 2.213966 1.559676 0.162085 0.815975 -0.547655 -0.089371
1341848055.694797 -0.292096 2.238963 1.559232 0.169450 0.814911 -0.546323 -0.093479
1341848055.794951 -0.274633 2.258432 1.560670 0.181758 0.813950 -0.543093 -0.097466
1341848055.894792 -0.257312 2.271736 1.564596 0.194451 0.809232 -0.544971 -0.101679
1341848055.994709 -0.234067 2.279781 1.565423 0.201262 0.807149 -0.545263 -0.103402
1341848056.098792 -0.203377 2.283553 1.564856 0.206678 0.806590 -0.543985 -0.103815
1341848056.198744 -0.167275 2.283142 1.563638 0.208492 0.804729 -0.546098 -0.103536
1341848056.298771 -0.125243 2.280323 1.559517 0.207975 0.805917 -0.545268 -0.099634
1341848056.398744 -0.080216 2.275028 1.554391 0.208979 0.805996 -0.545880 -0.093342
1341848056.498895 -0.033781 2.268750 1.548645 0.216219 0.813142 -0.534697 -0.078408
1341848056.598948 0.009896 2.262057 1.546837 0.216940 0.815745 -0.530959 -0.074699
1341848056.698889 0.051039 2.255133 1.545690 0.215799 0.819414 -0.527110 -0.064393
1341848056.802861 0.089566 2.247398 1.545203 0.208112 0.824125 -0.523128 -0.062003
1341848056.902748 0.119592 2.239528 1.548386 0.206413 0.824831 -0.522729 -0.061663
1341848057.002703 0.146985 2.231594 1.549348 0.206991 0.826361 -0.519633 -0.065299
1341848057.102757 0.176968 2.224182 1.547771 0.206703 0.827982 -0.516360 -0.071352
1341848057.202641 0.210676 2.217928 1.544048 0.206135 0.831384 -0.510408 -0.076110
1341848057.302860 0.247048 2.212522 1.537764 0.207681 0.834651 -0.503790 -0.080132
1341848057.402722 0.286036 2.207902 1.531174 0.212780 0.837561 -0.496158 -0.083927
1341848057.506720 0.329267 2.204962 1.526454 0.222351 0.836097 -0.493715 -0.088014
1341848057.606668 0.371421 2.202635 1.523911 0.236044 0.837222 -0.485382 -0.088013
1341848057.706823 0.411334 2.199422 1.522287 0.250510 0.835818 -0.479196 -0.094993
1341848057.806842 0.452096 2.196708 1.520947 0.262484 0.833214 -0.477233 -0.095425
1341848057.906831 0.492645 2.191913 1.519654 0.267812 0.829712 -0.480417 -0.095152
1341848058.006833 0.532475 2.183754 1.518998 0.268461 0.830980 -0.478571 -0.091492
1341848058.106790 0.570726 2.171462 1.521527 0.262897 0.830777 -0.482800 -0.087170
1341848058.207081 0.611793 2.156919 1.522290 0.255366 0.830567 -0.487734 -0.084038
1341848058.310701 0.648318 2.142440 1.522352 0.249112 0.827145 -0.496395 -0.085822
1341848058.410669 0.680251 2.126294 1.523198 0.249071 0.826437 -0.497874 -0.084178
1341848058.542970 0.712185 2.102584 1.525314 0.260010 0.822154 -0.499488 -0.083484
1341848058.610842 0.726461 2.089801 1.524503 0.268547 0.819464 -0.499539 -0.082597
1341848058.710728 0.747162 2.071431 1.521926 0.272129 0.814305 -0.504550 -0.091011
1341848058.810874 0.765877 2.054895 1.520081 0.276678 0.815025 -0.501237 -0.089137
1341848058.946807 0.783002 2.036954 1.520381 0.288100 0.811931 -0.499256 -0.092249
1341848059.014660 0.789129 2.029711 1.521683 0.291313 0.807945 -0.503385 -0.094684
1341848059.114675 0.795875 2.020749 1.521761 0.297031 0.804928 -0.503078 -0.103806
1341848059.214738 0.800332 2.015915 1.521260 0.301307 0.803368 -0.501312 -0.111806
1341848059.314667 0.801481 2.015368 1.521720 0.309533 0.796592 -0.505322 -0.119499
1341848059.414736 0.802180 2.016829 1.521426 0.316525 0.791604 -0.507990 -0.122971
1341848059.514652 0.803463 2.018810 1.520606 0.321600 0.788976 -0.507227 -0.129660
1341848059.614734 0.806913 2.021508 1.521546 0.325244 0.784174 -0.511079 -0.134483
1341848059.718703 0.812740 2.021750 1.521508 0.326629 0.783486 -0.510420 -0.137604
1341848059.818759 0.818939 2.021288 1.521639 0.327351 0.782101 -0.511187 -0.140882
1341848059.918755 0.826196 2.023073 1.522406 0.323680 0.778609 -0.517997 -0.143801
1341848060.018660 0.831850 2.024954 1.523083 0.321901 0.775461 -0.523462 -0.145010
1341848060.118813 0.836296 2.027911 1.523265 0.315318 0.770873 -0.532998 -0.149141
1341848060.218851 0.836745 2.030991 1.520868 0.311167 0.767949 -0.537734 -0.155793
1341848060.318914 0.833007 2.035401 1.517448 0.309315 0.767783 -0.537312 -0.161642
1341848060.418639 0.827732 2.040584 1.513595 0.305380 0.769805 -0.535149 -0.166610
1341848060.522925 0.820296 2.045431 1.509834 0.298655 0.768586 -0.538209 -0.174389
1341848060.622697 0.812124 2.050223 1.508081 0.296756 0.766913 -0.539479 -0.180950
1341848060.723165 0.803976 2.054118 1.507880 0.296038 0.766591 -0.540085 -0.181683
1341848060.823967 0.796972 2.055594 1.508739 0.292149 0.767015 -0.543544 -0.175777
1341848060.923126 0.785412 2.055769 1.510627 0.288443 0.766188 -0.548950 -0.168553
1341848061.030587 0.767813 2.053917 1.514866 0.285930 0.765650 -0.552705 -0.162914
1341848061.100583 0.754600 2.052382 1.519273 0.284353 0.765203 -0.554043 -0.163229
1341848061.259408 0.724118 2.051221 1.535015 0.281504 0.755993 -0.567364 -0.165314
1341848061.326612 0.712663 2.051613 1.541117 0.282924 0.752955 -0.571012 -0.164186
1341848061.426913 0.696979 2.052259 1.547388 0.285238 0.749117 -0.574853 -0.164339
1341848061.526736 0.684981 2.052950 1.549635 0.285983 0.747916 -0.575623 -0.165812
1341848061.626731 0.674510 2.053792 1.550673 0.287711 0.747229 -0.575418 -0.166629
1341848061.726726 0.665457 2.054240 1.551651 0.289767 0.746555 -0.574528 -0.169138
1341848061.826740 0.658755 2.053271 1.552234 0.290042 0.748157 -0.571451 -0.171992
1341848061.930667 0.653021 2.050498 1.551046 0.287827 0.750159 -0.569693 -0.172822
1341848062.030704 0.646096 2.044896 1.549093 0.284851 0.753652 -0.566792 -0.172090
1341848062.130773 0.636480 2.037330 1.547301 0.279653 0.757234 -0.565382 -0.169510
1341848062.230750 0.628187 2.030145 1.544952 0.270369 0.761561 -0.563579 -0.171186
1341848062.330839 0.621014 2.024619 1.541908 0.264847 0.765998 -0.561830 -0.165681
1341848062.430832 0.613496 2.022260 1.540963 0.262240 0.767030 -0.563170 -0.160422
1341848062.530743 0.604987 2.022747 1.539849 0.262602 0.767458 -0.564969 -0.151190
1341848062.630793 0.593328 2.026321 1.538063 0.263580 0.768381 -0.565369 -0.143089
1341848062.734924 0.576718 2.032196 1.537397 0.261632 0.767724 -0.567907 -0.140110
1341848062.834828 0.559262 2.037957 1.537404 0.259102 0.768975 -0.568535 -0.135319
1341848062.934962 0.541855 2.043658 1.537566 0.248544 0.772758 -0.568370 -0.134259
1341848063.034972 0.520903 2.048500 1.538489 0.241133 0.776801 -0.566624 -0.131804
1341848063.135045 0.497371 2.055048 1.540780 0.235235 0.777887 -0.568429 -0.128239
1341848063.234990 0.474102 2.061779 1.541641 0.229279 0.780734 -0.567787 -0.124509
1341848063.334854 0.451921 2.066486 1.541563 0.221300 0.783753 -0.566483 -0.125915
1341848063.439276 0.429872 2.069086 1.539524 0.215836 0.789360 -0.559856 -0.129953
1341848063.541802 0.407381 2.067724 1.536209 0.215159 0.790524 -0.558359 -0.130437
1341848063.609732 0.392658 2.066233 1.532848 0.216617 0.793422 -0.554158 -0.128323
1341848063.709890 0.373423 2.062861 1.526566 0.216139 0.797473 -0.550103 -0.121274
1341848063.809840 0.352533 2.056274 1.522299 0.210283 0.801207 -0.547281 -0.119713
1341848063.913769 0.326148 2.044127 1.521730 0.205611 0.800743 -0.549666 -0.120009
1341848064.013951 0.298108 2.026917 1.524700 0.202965 0.801304 -0.550585 -0.116508
1341848064.113685 0.268061 2.007814 1.527264 0.199576 0.801246 -0.551984 -0.116134
1341848064.213863 0.232701 1.990986 1.528874 0.199822 0.801089 -0.553079 -0.111498
1341848064.313795 0.192527 1.976952 1.529753 0.199158 0.799923 -0.554904 -0.111985
1341848064.418063 0.148777 1.964652 1.531790 0.198621 0.799739 -0.554738 -0.115032
1341848064.518010 0.109259 1.953818 1.536676 0.191297 0.800725 -0.554670 -0.120774
1341848064.617693 0.075865 1.949342 1.543017 0.193894 0.798254 -0.557749 -0.118797
1341848064.685821 0.057320 1.949140 1.544752 0.195021 0.798779 -0.557813 -0.112979
1341848064.749892 0.041117 1.949042 1.543990 0.192457 0.799937 -0.556412 -0.116043
1341848064.810737 0.027316 1.949440 1.543230 0.190280 0.798677 -0.559717 -0.112358
1341848064.910832 0.004091 1.951942 1.541741 0.190605 0.798751 -0.560907 -0.105119
1341848065.010770 -0.020045 1.955718 1.540540 0.192742 0.798551 -0.561634 -0.098660
1341848065.110686 -0.044739 1.959310 1.538037 0.194262 0.798925 -0.561744 -0.091781
1341848065.214760 -0.070181 1.964552 1.535970 0.190565 0.796772 -0.566148 -0.091190
1341848065.314761 -0.095058 1.970814 1.535700 0.184493 0.798391 -0.565965 -0.090653
1341848065.414914 -0.121196 1.977602 1.537369 0.178828 0.800104 -0.565461 -0.090049
1341848065.514745 -0.148421 1.983060 1.540715 0.174006 0.798623 -0.568810 -0.091533
1341848065.614763 -0.172906 1.986755 1.543907 0.169312 0.797908 -0.571188 -0.091761
1341848065.714808 -0.191929 1.990702 1.545104 0.161888 0.799175 -0.571990 -0.089097
1341848065.814742 -0.205894 1.995424 1.542456 0.150633 0.802889 -0.570436 -0.085331
1341848065.918698 -0.218667 2.000208 1.537140 0.136130 0.808708 -0.567286 -0.075149
1341848066.018773 -0.230160 2.004544 1.529787 0.120325 0.813865 -0.564276 -0.068830
1341848066.118721 -0.244867 2.007838 1.523948 0.110772 0.817846 -0.561369 -0.061013
1341848066.218688 -0.261866 2.006891 1.521643 0.105021 0.820367 -0.559493 -0.054187
1341848066.318695 -0.282604 2.004167 1.521434 0.099804 0.821190 -0.559445 -0.052046
1341848066.418820 -0.305814 1.995976 1.525141 0.097910 0.818492 -0.563898 -0.050028
1341848066.522806 -0.329130 1.985929 1.526959 0.090607 0.819979 -0.563206 -0.047154
1341848066.623500 -0.352653 1.975111 1.527214 0.078541 0.818670 -0.566577 -0.050997
1341848066.732527 -0.379978 1.962372 1.529693 0.069184 0.817495 -0.569257 -0.053508
1341848066.833355 -0.406020 1.953037 1.531323 0.057542 0.814167 -0.574940 -0.057137
1341848066.930221 -0.428665 1.947755 1.531378 0.051550 0.813981 -0.575792 -0.056932
1341848067.054702 -0.454016 1.942488 1.530863 0.045899 0.816032 -0.573076 -0.059744
1341848067.122963 -0.464840 1.940546 1.532168 0.042465 0.815027 -0.574594 -0.061395
1341848067.222948 -0.478399 1.940238 1.534605 0.043000 0.812860 -0.577853 -0.059119
1341848067.322816 -0.492239 1.941296 1.536259 0.048778 0.812647 -0.578053 -0.055502
1341848067.426869 -0.505824 1.945190 1.535662 0.056880 0.813277 -0.576671 -0.052872
1341848067.526659 -0.517700 1.950752 1.533824 0.063761 0.814674 -0.574059 -0.051928
1341848067.626656 -0.527954 1.957313 1.534317 0.066227 0.813744 -0.574451 -0.058659
1341848067.726732 -0.536965 1.964249 1.538776 0.070166 0.810278 -0.578730 -0.059979
1341848067.826795 -0.545683 1.972365 1.542166 0.077100 0.807959 -0.581098 -0.059849
