#timestamp x y z qx qy qz qw
1341847981.826678 -0.578954 2.726139 1.727731 0.013751 0.859662 -0.510140 -0.023432
1341847981.862719 -0.568366 2.730811 1.719347 0.014095 0.859160 -0.510934 -0.024311
1341847982.027112 -0.539034 2.724768 1.730878 0.012516 0.862572 -0.505134 -0.025541
1341847982.094786 -0.535272 2.731660 1.727410 0.009723 0.860917 -0.508002 -0.025719
1341847982.194674 -0.527238 2.734330 1.731697 0.008992 0.859638 -0.510343 -0.022163
1341847982.294994 -0.515084 2.728339 1.734573 0.011513 0.859797 -0.509659 -0.029381
1341847982.330655 -0.500628 2.720752 1.725530 0.014945 0.858168 -0.512156 -0.031940
1341847982.398909 -0.499369 2.724047 1.745633 0.017509 0.857425 -0.513685 -0.025360
1341847982.462624 -0.500703 2.726911 1.747527 0.020126 0.856428 -0.515172 -0.026896
1341847982.498616 -0.492455 2.731030 1.739919 0.022340 0.855601 -0.516308 -0.029542
1341847982.566660 -0.491820 2.730312 1.749046 0.024984 0.857741 -0.512563 -0.030576
1341847982.598726 -0.485434 2.725600 1.746016 0.027481 0.858954 -0.510220 -0.033443
1341847982.666620 -0.474097 2.720432 1.748437 0.031723 0.860114 -0.507739 -0.037384
1341847982.698638 -0.463033 2.723239 1.744869 0.033784 0.860235 -0.507080 -0.041522
1341847982.766706 -0.446924 2.710490 1.746863 0.038155 0.860698 -0.505489 -0.047162
1341847982.798737 -0.445496 2.713478 1.737535 0.040264 0.859621 -0.507176 -0.046932
1341847982.866670 -0.404739 2.697773 1.744962 0.044184 0.858633 -0.507986 -0.052425
1341847982.898700 -0.401093 2.709251 1.741445 0.045561 0.856948 -0.510964 -0.049806
1341847982.998783 -0.372760 2.715763 1.730562 0.046399 0.857486 -0.510217 -0.047357
1341847983.102757 -0.350580 2.705515 1.736413 0.047338 0.860360 -0.505285 -0.047187
1341847983.202653 -0.315786 2.707076 1.736917 0.049753 0.859263 -0.507172 -0.044364
1341847983.302701 -0.290028 2.703919 1.738650 0.051089 0.862289 -0.501718 -0.046118
1341847983.402670 -0.240377 2.696958 1.728265 0.056169 0.860732 -0.502876 -0.055689
1341847983.502767 -0.230249 2.695834 1.737170 0.055096 0.861545 -0.501757 -0.054256
1341847983.602741 -0.198700 2.689680 1.741332 0.056619 0.861385 -0.501002 -0.061710
1341847983.702857 -0.160706 2.699348 1.734515 0.060670 0.856698 -0.508248 -0.063814
1341847983.806672 -0.119452 2.696512 1.752833 0.063696 0.856417 -0.508399 -0.063427
1341847983.906692 -0.072079 2.710014 1.734277 0.067981 0.851587 -0.516383 -0.059383
1341847984.006722 -0.041457 2.718773 1.745212 0.068436 0.853650 -0.512724 -0.060931
1341847984.106759 -0.003041 2.726238 1.726367 0.069905 0.855950 -0.507678 -0.068741
1341847984.206711 0.053254 2.712624 1.714156 0.069964 0.859214 -0.500835 -0.077600
1341847984.306662 0.090031 2.703967 1.707992 0.070656 0.862235 -0.495877 -0.075265
1341847984.406718 0.118577 2.688629 1.692621 0.071544 0.864799 -0.492000 -0.070278
1341847984.506747 0.146432 2.664865 1.679584 0.072133 0.865469 -0.490651 -0.070860
1341847984.610792 0.189441 2.622039 1.667443 0.077680 0.865374 -0.488872 -0.078088
1341847984.710651 0.212483 2.590461 1.651488 0.079140 0.862260 -0.494600 -0.074932
1341847984.810639 0.240509 2.549818 1.651254 0.081870 0.860746 -0.496699 -0.075530
1341847984.910613 0.257672 2.521480 1.641789 0.086560 0.857309 -0.502306 -0.072230
1341847985.010633 0.273778 2.484831 1.640933 0.091142 0.860014 -0.497682 -0.066198
1341847985.110771 0.283261 2.444585 1.638018 0.097398 0.861606 -0.492771 -0.072982
1341847985.210840 0.298594 2.398804 1.634825 0.105130 0.860345 -0.492264 -0.080189
1341847985.314648 0.311708 2.356783 1.641912 0.110498 0.859218 -0.491670 -0.088289
1341847985.414650 0.323216 2.326107 1.635092 0.114176 0.858350 -0.491430 -0.093246
1341847985.514673 0.333093 2.290004 1.638380 0.118421 0.857980 -0.490305 -0.097203
1341847985.614773 0.354525 2.238513 1.637872 0.126764 0.856293 -0.489597 -0.104825
1341847985.714719 0.366467 2.202064 1.629793 0.135798 0.850612 -0.496755 -0.106076
1341847985.814703 0.391017 2.160290 1.620485 0.147233 0.840733 -0.509363 -0.109727
1341847985.914968 0.402409 2.130674 1.646577 0.159429 0.839854 -0.507649 -0.107335
1341847986.018756 0.412852 2.099180 1.642105 0.167774 0.836514 -0.508370 -0.116863
1341847986.118719 0.424345 2.057232 1.654240 0.174929 0.837628 -0.503344 -0.120098
1341847986.218674 0.435019 2.021718 1.646322 0.182775 0.835305 -0.502070 -0.129555
1341847986.286733 0.440262 1.993366 1.646691 0.189444 0.832592 -0.503272 -0.132734
1341847986.394467 0.445054 1.960227 1.652020 0.197947 0.828739 -0.504994 -0.137803
1341847986.493735 0.452199 1.910131 1.647137 0.206645 0.827564 -0.501405 -0.145015
1341847986.593712 0.451422 1.871324 1.647014 0.210623 0.827769 -0.498039 -0.149646
1341847986.693739 0.459076 1.830974 1.632522 0.220567 0.822948 -0.501139 -0.151544
1341847986.793794 0.463321 1.795649 1.635244 0.230065 0.824549 -0.495331 -0.147769
1341847986.886746 0.466904 1.758269 1.623608 0.238765 0.823895 -0.492218 -0.148018
1341847986.990631 0.471492 1.716601 1.626007 0.245527 0.826135 -0.484465 -0.150039
1341847987.091223 0.474649 1.682428 1.618859 0.252851 0.826206 -0.480376 -0.150626
1341847987.190716 0.477276 1.649184 1.617839 0.257055 0.826522 -0.473281 -0.163671
1341847987.290653 0.482828 1.611360 1.612934 0.264495 0.825663 -0.467306 -0.173054
1341847987.390720 0.492971 1.571768 1.603352 0.269026 0.819115 -0.468079 -0.193852
1341847987.490754 0.508197 1.546396 1.586193 0.276847 0.807674 -0.477226 -0.208024
1341847987.590776 0.522378 1.521013 1.570361 0.288140 0.800389 -0.479317 -0.215888
1341847987.691638 0.535206 1.496930 1.549447 0.299255 0.795214 -0.480266 -0.217776
1341847987.794708 0.549051 1.472029 1.533920 0.308683 0.791528 -0.481914 -0.214376
1341847987.897796 0.562015 1.436085 1.520518 0.315357 0.789175 -0.482670 -0.211620
1341847987.997794 0.576756 1.407087 1.515418 0.312298 0.787650 -0.485822 -0.214603
1341847988.098165 0.590887 1.377936 1.511085 0.303865 0.785668 -0.490045 -0.224160
1341847988.201710 0.604272 1.365120 1.492559 0.305505 0.780540 -0.496756 -0.225074
1341847988.301776 0.609553 1.337066 1.486210 0.310146 0.780852 -0.492863 -0.226196
1341847988.401745 0.615370 1.318578 1.469180 0.319845 0.778098 -0.493158 -0.221491
1341847988.502496 0.622955 1.300037 1.466860 0.323847 0.776608 -0.491623 -0.224300
1341847988.569700 0.630344 1.295701 1.454994 0.329443 0.775381 -0.492194 -0.219081
1341847988.601796 0.633460 1.289854 1.457877 0.329461 0.777085 -0.488988 -0.220191
1341847988.669807 0.641680 1.278829 1.452852 0.329816 0.778354 -0.484464 -0.225127
1341847988.706192 0.645355 1.276843 1.449629 0.330743 0.778095 -0.483889 -0.225894
1341847988.769740 0.656319 1.266771 1.447990 0.337402 0.776056 -0.483261 -0.224401
1341847988.806051 0.662053 1.262703 1.452186 0.339192 0.775823 -0.482921 -0.223237
1341847988.873917 0.673145 1.258400 1.456446 0.342313 0.776906 -0.477768 -0.225780
1341847988.937824 0.689364 1.253410 1.454574 0.347735 0.774536 -0.476589 -0.228117
1341847988.998737 0.705206 1.243848 1.453618 0.354446 0.773560 -0.473125 -0.228311
1341847989.098821 0.727286 1.223773 1.459362 0.356556 0.775215 -0.467406 -0.231173
1341847989.202743 0.759814 1.212438 1.465210 0.357733 0.770503 -0.475471 -0.228648
1341847989.302773 0.790691 1.200696 1.476866 0.349918 0.773607 -0.476702 -0.227696
1341847989.402777 0.819292 1.184618 1.491841 0.336590 0.783225 -0.466157 -0.236566
1341847989.470712 0.843313 1.184768 1.496825 0.331354 0.784201 -0.466490 -0.240043
1341847989.502614 0.850000 1.180617 1.500150 0.331427 0.785968 -0.462705 -0.241482
1341847989.602804 0.871411 1.166324 1.511952 0.332225 0.787983 -0.457441 -0.243837
1341847989.702606 0.896260 1.161401 1.514723 0.332571 0.786052 -0.455854 -0.252420
1341847989.802890 0.924587 1.156330 1.516613 0.334311 0.785717 -0.451744 -0.258481
1341847989.902718 0.956914 1.149388 1.520605 0.336016 0.783360 -0.450854 -0.264898
1341847990.006923 0.989989 1.140915 1.525784 0.340011 0.781470 -0.452566 -0.262454
1341847990.106701 1.028701 1.136314 1.529472 0.340757 0.779598 -0.453717 -0.265053
1341847990.207022 1.065318 1.128852 1.530226 0.342888 0.776327 -0.459369 -0.262155
1341847990.306743 1.102578 1.123639 1.536121 0.343172 0.775972 -0.461276 -0.259471
1341847990.374663 1.122268 1.116035 1.536076 0.343664 0.776265 -0.460408 -0.259484
1341847990.406760 1.135031 1.115618 1.537172 0.342942 0.776822 -0.460459 -0.258682
1341847990.506783 1.162126 1.107027 1.536578 0.344760 0.778098 -0.457751 -0.257231
1341847990.642783 1.194290 1.096439 1.535179 0.353135 0.776727 -0.454304 -0.256122
1341847990.710795 1.213186 1.092016 1.533128 0.359207 0.773703 -0.455187 -0.255264
1341847990.774671 1.224385 1.081203 1.533544 0.366012 0.772621 -0.453364 -0.252098
1341847990.810771 1.234369 1.078746 1.535276 0.367327 0.770907 -0.454240 -0.253850
1341847990.910825 1.256003 1.068029 1.535694 0.372236 0.769070 -0.451393 -0.257324
1341847991.010797 1.273441 1.053390 1.537235 0.376066 0.766982 -0.448295 -0.263335
1341847991.111319 1.290269 1.038772 1.538735 0.382866 0.762664 -0.448831 -0.265158
1341847991.210687 1.308346 1.016424 1.538599 0.387636 0.758852 -0.448316 -0.269991
1341847991.310807 1.330617 0.993640 1.536270 0.392334 0.754062 -0.449421 -0.274747
1341847991.414715 1.353318 0.972123 1.534905 0.403919 0.751491 -0.449244 -0.265125
1341847991.514709 1.366828 0.949594 1.532039 0.410286 0.749996 -0.442794 -0.270379
1341847991.614853 1.382289 0.934080 1.535102 0.423634 0.744201 -0.441233 -0.268352
1341847991.746823 1.396047 0.915163 1.544199 0.440392 0.732954 -0.438097 -0.277317
1341847991.814748 1.398855 0.902539 1.548930 0.446546 0.730365 -0.433831 -0.280986
1341847991.915817 1.412614 0.885277 1.552450 0.453186 0.724041 -0.431912 -0.289549
1341847992.014724 1.422408 0.863387 1.559010 0.455485 0.721726 -0.427301 -0.298428
1341847992.114842 1.437345 0.845253 1.559146 0.457587 0.719897 -0.424718 -0.303277
1341847992.218736 1.454624 0.818427 1.557357 0.462536 0.715732 -0.423386 -0.307461
1341847992.318683 1.475026 0.792922 1.557577 0.468550 0.709693 -0.420771 -0.315830
1341847992.418855 1.497310 0.768644 1.559665 0.477942 0.702634 -0.419725 -0.318916
1341847992.518735 1.524142 0.746639 1.559923 0.487684 0.695319 -0.419658 -0.320285
1341847992.618832 1.551917 0.722001 1.561195 0.492040 0.693007 -0.416127 -0.323228
1341847992.718718 1.570428 0.691011 1.559439 0.495390 0.690948 -0.413016 -0.326492
1341847992.818723 1.595709 0.671314 1.558561 0.498015 0.688736 -0.412604 -0.327692
1341847992.922713 1.613165 0.647096 1.558011 0.501848 0.688332 -0.406296 -0.330562
1341847993.022736 1.625821 0.622904 1.554815 0.505827 0.685009 -0.404678 -0.333373
1341847993.122668 1.638629 0.599830 1.553964 0.508333 0.684905 -0.399485 -0.336028
1341847993.222703 1.643343 0.569605 1.548779 0.513210 0.679830 -0.397329 -0.341433
1341847993.322794 1.650146 0.539873 1.552016 0.518626 0.673389 -0.399902 -0.343004
1341847993.422745 1.657422 0.507374 1.548216 0.523737 0.668462 -0.396156 -0.349168
1341847993.522707 1.670865 0.479515 1.545488 0.531500 0.660696 -0.397556 -0.350625
1341847993.626764 1.679834 0.445289 1.540272 0.539636 0.657989 -0.394175 -0.347087
1341847993.727062 1.675448 0.409032 1.536228 0.544264 0.661403 -0.383198 -0.345663
1341847993.826735 1.683503 0.377089 1.533118 0.547572 0.658583 -0.378252 -0.351225
1341847993.933661 1.682999 0.344430 1.535754 0.549587 0.658291 -0.373033 -0.354194
1341847994.034008 1.681147 0.316315 1.541326 0.550870 0.656513 -0.367199 -0.361522
1341847994.133885 1.687374 0.292101 1.548109 0.553857 0.650707 -0.367712 -0.366892
1341847994.233618 1.687192 0.259349 1.550101 0.560664 0.640999 -0.370882 -0.370435
1341847994.333755 1.700112 0.231429 1.552867 0.563922 0.633560 -0.372064 -0.377043
1341847994.433802 1.714826 0.198279 1.556986 0.567725 0.625580 -0.375659 -0.381075
1341847994.537738 1.730370 0.160045 1.557566 0.572748 0.618658 -0.377432 -0.383101
1341847994.637836 1.746483 0.124313 1.553173 0.579937 0.613091 -0.374863 -0.383759
1341847994.769803 1.759398 0.075488 1.550255 0.586744 0.608058 -0.368445 -0.387615
1341847994.831306 1.783418 0.056734 1.544631 0.592759 0.605619 -0.361497 -0.388821
1341847994.930711 1.786673 0.024701 1.541190 0.598638 0.604916 -0.354238 -0.387588
1341847995.030768 1.788562 -0.004168 1.539306 0.607109 0.596947 -0.349306 -0.391227
1341847995.134939 1.788237 -0.031262 1.538589 0.614363 0.586974 -0.346102 -0.397785
1341847995.234663 1.791594 -0.057424 1.538399 0.619099 0.578951 -0.344453 -0.403590
1341847995.334686 1.797000 -0.079731 1.540961 0.623199 0.572106 -0.344310 -0.407148
1341847995.434743 1.797315 -0.107831 1.538866 0.625495 0.569553 -0.339929 -0.410870
1341847995.534752 1.791584 -0.138349 1.535834 0.628487 0.564774 -0.341315 -0.411752
1341847995.634814 1.793816 -0.162649 1.531751 0.636991 0.560114 -0.343794 -0.402890
1341847995.734774 1.780581 -0.185730 1.525765 0.644678 0.557076 -0.337579 -0.400121
1341847995.838779 1.773594 -0.207808 1.524746 0.648500 0.553760 -0.335163 -0.400579
1341847995.938733 1.769607 -0.225044 1.523772 0.650660 0.551680 -0.330584 -0.403739
1341847996.038762 1.768445 -0.236375 1.524220 0.653610 0.546729 -0.326840 -0.408726
1341847996.138845 1.769287 -0.248444 1.530728 0.655526 0.541035 -0.325381 -0.414361
1341847996.239003 1.772688 -0.260269 1.529934 0.657483 0.534162 -0.323031 -0.421945
1341847996.338944 1.775158 -0.273242 1.527194 0.661561 0.528188 -0.321617 -0.424166
1341847996.438632 1.779458 -0.289592 1.527942 0.667565 0.519453 -0.319149 -0.427398
1341847996.538771 1.780138 -0.308136 1.526810 0.671044 0.511964 -0.319333 -0.430834
1341847996.642752 1.794353 -0.330866 1.521242 0.675109 0.508244 -0.316579 -0.430922
1341847996.742663 1.798177 -0.351751 1.512623 0.680201 0.505984 -0.304495 -0.434269
1341847996.842763 1.794923 -0.376072 1.508619 0.687860 0.499519 -0.296842 -0.434988
1341847996.942686 1.797604 -0.409000 1.503201 0.691487 0.493458 -0.298929 -0.434725
1341847997.042675 1.803757 -0.443585 1.505623 0.691831 0.489897 -0.301180 -0.436648
1341847997.142993 1.810677 -0.481240 1.502389 0.690315 0.489756 -0.300853 -0.439421
1341847997.242959 1.815731 -0.514442 1.499304 0.688366 0.491648 -0.300012 -0.440940
1341847997.346642 1.812696 -0.540273 1.500860 0.689885 0.491236 -0.296395 -0.441470
1341847997.446693 1.804320 -0.568306 1.505163 0.691332 0.485166 -0.293665 -0.447699
1341847997.546599 1.800823 -0.596481 1.508233 0.693320 0.478188 -0.289582 -0.454737
1341847997.646995 1.787117 -0.627820 1.509923 0.693640 0.472911 -0.283926 -0.463255
1341847997.746602 1.771322 -0.660445 1.509838 0.692355 0.467659 -0.285286 -0.469630
1341847997.846906 1.758781 -0.698849 1.513393 0.693588 0.460280 -0.286775 -0.474170
1341847997.946999 1.743541 -0.731837 1.513091 0.700338 0.451411 -0.288485 -0.471733
1341847998.050805 1.726328 -0.766799 1.515808 0.703516 0.446679 -0.289309 -0.471003
1341847998.122275 1.715307 -0.789507 1.514037 0.705014 0.446116 -0.292579 -0.467262
1341847998.253760 1.694127 -0.827550 1.513474 0.704198 0.451587 -0.288742 -0.465620
1341847998.318804 1.685796 -0.851812 1.515452 0.702406 0.453841 -0.289348 -0.465760
1341847998.419237 1.673336 -0.883339 1.510694 0.699747 0.460261 -0.287941 -0.464332
1341847998.550746 1.657144 -0.930869 1.506760 0.696534 0.470802 -0.281465 -0.462562
1341847998.650736 1.652053 -0.971236 1.501042 0.695700 0.474189 -0.277315 -0.462865
1341847998.750838 1.640803 -1.009953 1.495309 0.697810 0.472582 -0.276055 -0.462083
1341847998.854711 1.632603 -1.044821 1.487699 0.699381 0.470469 -0.272213 -0.464139
1341847998.954799 1.628194 -1.092116 1.478986 0.704653 0.467777 -0.270542 -0.459843
1341847999.054894 1.620442 -1.119971 1.474154 0.708595 0.466917 -0.269246 -0.455399
1341847999.122718 1.614043 -1.140416 1.469077 0.710491 0.468586 -0.266672 -0.452234
1341847999.222717 1.597502 -1.164863 1.462104 0.713343 0.462279 -0.260929 -0.457554
1341847999.322701 1.587559 -1.194909 1.464014 0.718734 0.446156 -0.262903 -0.463949
1341847999.423935 1.578929 -1.214702 1.462261 0.722311 0.434752 -0.265478 -0.467739
1341847999.522673 1.566252 -1.235305 1.465268 0.729764 0.415598 -0.261685 -0.475651
1341847999.622896 1.550369 -1.259034 1.461070 0.736230 0.400494 -0.258783 -0.480209
1341847999.722697 1.523169 -1.272326 1.461089 0.741943 0.388091 -0.254881 -0.483675
1341847999.826747 1.496538 -1.284668 1.461094 0.746595 0.375018 -0.252698 -0.487956
1341847999.958786 1.461050 -1.296836 1.449502 0.762133 0.352412 -0.244761 -0.484820
1341848000.026656 1.437703 -1.299505 1.447326 0.769859 0.343522 -0.240204 -0.481261
1341848000.126737 1.414017 -1.304371 1.439111 0.779139 0.333307 -0.229111 -0.478913
1341848000.227063 1.390295 -1.303272 1.436251 0.787595 0.325296 -0.218884 -0.475360
1341848000.327132 1.364465 -1.306844 1.432037 0.794840 0.316553 -0.210337 -0.473057
1341848000.426772 1.340331 -1.307031 1.427037 0.799856 0.310616 -0.206107 -0.470391
1341848000.530849 1.311289 -1.307449 1.422517 0.802590 0.304821 -0.199773 -0.472255
1341848000.630641 1.285349 -1.308744 1.420012 0.803502 0.296797 -0.197014 -0.476951
1341848000.730805 1.257915 -1.309785 1.424328 0.805336 0.285997 -0.192972 -0.482081
1341848000.830729 1.223447 -1.313391 1.425310 0.807625 0.272433 -0.193076 -0.486049
1341848000.930722 1.196599 -1.320436 1.426075 0.809511 0.260696 -0.192964 -0.489382
1341848001.030740 1.164899 -1.322965 1.427833 0.811270 0.253750 -0.191727 -0.490603
1341848001.130714 1.133002 -1.328884 1.426361 0.813536 0.244811 -0.192014 -0.491281
1341848001.266775 1.091642 -1.336018 1.420379 0.814040 0.239718 -0.178514 -0.498003
1341848001.334803 1.072348 -1.340118 1.413281 -0.814610 -0.233297 0.170718 0.502830
1341848001.434718 1.043967 -1.329083 1.409598 -0.817835 -0.222462 0.158891 0.506369
1341848001.534905 1.015750 -1.313558 1.403847 -0.821741 -0.210691 0.144931 0.509260
1341848001.634657 0.989560 -1.303548 1.396928 -0.824261 -0.192299 0.130536 0.516310
1341848001.734859 0.964274 -1.294067 1.394666 -0.825418 -0.179182 0.122357 0.521160
1341848001.802763 0.946058 -1.286405 1.397764 -0.825893 -0.168990 0.119547 0.524453
1341848001.834761 0.940001 -1.282639 1.395799 -0.827755 -0.164286 0.116060 0.523796
1341848001.902749 0.925591 -1.278511 1.395174 -0.828686 -0.158024 0.114184 0.524662
1341848001.934732 0.909924 -1.272698 1.397495 -0.831136 -0.151763 0.107797 0.523985
1341848002.002731 0.891746 -1.265746 1.401075 -0.832934 -0.140939 0.109026 0.523900
1341848002.038858 0.884127 -1.263417 1.400785 -0.834383 -0.136067 0.108979 0.522890
1341848002.102720 0.860344 -1.254708 1.404901 -0.835755 -0.127065 0.105582 0.523660
1341848002.138653 0.852993 -1.249270 1.407948 -0.836446 -0.126711 0.103971 0.522964
1341848002.202698 0.835466 -1.242017 1.405203 -0.838061 -0.117164 0.100712 0.523243
1341848002.238731 0.825438 -1.236186 1.406820 -0.838863 -0.114866 0.099086 0.522778
1341848002.306708 0.808446 -1.230466 1.402701 -0.840330 -0.111532 0.090393 0.522718
1341848002.338850 0.800894 -1.224881 1.400103 -0.841652 -0.108747 0.087545 0.521662
1341848002.406793 0.784758 -1.220749 1.394396 -0.844381 -0.100269 0.082901 0.519706
1341848002.438766 0.777346 -1.213674 1.395753 -0.844752 -0.098852 0.080606 0.519735
1341848002.506756 0.759094 -1.207333 1.387076 -0.846898 -0.093407 0.075764 0.517976
1341848002.538812 0.754372 -1.202368 1.387334 -0.847816 -0.091978 0.073371 0.517073
1341848002.606780 0.737923 -1.198174 1.379146 -0.850591 -0.088177 0.068257 0.513869
1341848002.639359 0.730803 -1.192344 1.379449 -0.851535 -0.088794 0.064938 0.512628
1341848002.713789 0.713254 -1.188251 1.366553 -0.853555 -0.087354 0.061532 0.509929
1341848002.774760 0.702331 -1.186265 1.364872 -0.856254 -0.088739 0.057286 0.505641
1341848002.842833 0.680584 -1.179642 1.354840 -0.856058 -0.083928 0.059337 0.506557
1341848002.906656 0.662483 -1.173525 1.349635 -0.854960 -0.083996 0.062418 0.508027
1341848002.943323 0.654302 -1.173504 1.347217 -0.853442 -0.087021 0.066633 0.509534
1341848003.010885 0.632908 -1.164659 1.347712 -0.852941 -0.095377 0.065885 0.508974
1341848003.042638 0.627097 -1.167064 1.346729 -0.850683 -0.095720 0.068114 0.512384
1341848003.110641 0.606623 -1.165224 1.346130 -0.850581 -0.101091 0.066750 0.511701
1341848003.142626 0.601128 -1.162647 1.345038 -0.849526 -0.102478 0.066430 0.513217
1341848003.242926 0.576002 -1.161637 1.339663 -0.847976 -0.106184 0.058122 0.516027
1341848003.310739 0.557724 -1.156324 1.336650 -0.847344 -0.112176 0.055041 0.516135
1341848003.342708 0.548221 -1.152550 1.331381 -0.845938 -0.114688 0.054061 0.517990
1341848003.442728 0.518305 -1.152699 1.323556 -0.841858 -0.127941 0.054911 0.521431
1341848003.546854 0.493428 -1.145557 1.315436 -0.838962 -0.146679 0.063356 0.520206
1341848003.649972 0.463989 -1.140959 1.315521 -0.836631 -0.160444 0.071875 0.518787
1341848003.753761 0.441316 -1.132465 1.311211 -0.831690 -0.178155 0.074481 0.520581
1341848003.853971 0.419406 -1.115179 1.303899 -0.829490 -0.191435 0.081594 0.518306
1341848003.953824 0.397896 -1.099350 1.300417 -0.827569 -0.202776 0.085436 0.516442
1341848004.021643 0.383627 -1.083608 1.300905 -0.827176 -0.207764 0.091013 0.514130
1341848004.053778 0.377859 -1.078568 1.295662 -0.825924 -0.210594 0.091643 0.514880
1341848004.121698 0.363485 -1.059608 1.297848 -0.826923 -0.215481 0.097642 0.510129
1341848004.153695 0.353270 -1.056934 1.295302 -0.825629 -0.218847 0.097983 0.510726
1341848004.221773 0.337488 -1.047630 1.288156 -0.824193 -0.224738 0.102400 0.509621
1341848004.257760 0.331923 -1.037858 1.286971 -0.823356 -0.231105 0.104231 0.507752
1341848004.321820 0.308632 -1.034108 1.287354 -0.823413 -0.239198 0.104263 0.503890
1341848004.357934 0.304834 -1.025713 1.281647 -0.821235 -0.246999 0.108707 0.502740
1341848004.421857 0.287317 -1.018105 1.273843 -0.818458 -0.260280 0.108944 0.500511
1341848004.457752 0.280836 -1.012722 1.269542 0.817054 0.267208 -0.110528 -0.498805
1341848004.525726 0.264875 -1.005187 1.263683 0.816780 0.277640 -0.112381 -0.493110
1341848004.557784 0.257651 -1.006047 1.262207 0.816724 0.281834 -0.113172 -0.490636
1341848004.625757 0.247251 -0.994116 1.253904 0.817226 0.290713 -0.116858 -0.483706
1341848004.657882 0.244000 -0.996298 1.250580 0.816374 0.294804 -0.116489 -0.482756
1341848004.725815 0.228778 -0.989775 1.244203 0.817762 0.302134 -0.117598 -0.475554
1341848004.757723 0.227005 -0.989996 1.241864 0.816454 0.306793 -0.117893 -0.474745
1341848004.825782 0.214623 -0.982542 1.239319 0.818311 0.312067 -0.119787 -0.467581
1341848004.857706 0.212678 -0.983290 1.233554 0.816733 0.315937 -0.121281 -0.467355
1341848004.925788 0.204800 -0.981383 1.234385 0.817103 0.321572 -0.122144 -0.462617
1341848004.957758 0.200115 -0.984699 1.231189 0.816030 0.324089 -0.122356 -0.462699
1341848005.025661 0.195974 -0.980407 1.228091 0.815058 0.330768 -0.125955 -0.458704
1341848005.057739 0.191735 -0.981306 1.225706 0.812612 0.335460 -0.125737 -0.459694
1341848005.125700 0.185563 -0.983207 1.222200 0.811907 0.339882 -0.127459 -0.457211
1341848005.157668 0.183536 -0.984841 1.222785 0.810700 0.342524 -0.131265 -0.456302
1341848005.225713 0.179914 -0.986588 1.218275 0.807299 0.349283 -0.133689 -0.456505
1341848005.257748 0.174292 -0.986319 1.220142 0.807233 0.351569 -0.134459 -0.454638
1341848005.357655 0.163794 -0.987874 1.216192 0.803845 0.361489 -0.139056 -0.451466
1341848005.425692 0.162835 -0.989430 1.208484 0.799998 0.368162 -0.146192 -0.450652
1341848005.461850 0.155843 -0.989194 1.212229 0.800725 0.370629 -0.146154 -0.447340
1341848005.525844 0.150205 -0.993666 1.206730 0.797970 0.377033 -0.148793 -0.446040
1341848005.561789 0.145326 -0.993471 1.207263 0.796975 0.380574 -0.149807 -0.444469
1341848005.629831 0.140132 -0.995845 1.208140 0.794524 0.387000 -0.152766 -0.442295
1341848005.661802 0.135129 -0.997334 1.205109 0.792840 0.389585 -0.153606 -0.442756
1341848005.729741 0.127016 -1.002128 1.205539 0.788924 0.396001 -0.157096 -0.442836
1341848005.761746 0.123577 -1.002549 1.208704 0.787895 0.398736 -0.158545 -0.441696
1341848005.829917 0.119968 -1.006034 1.207293 0.784145 0.403560 -0.166284 -0.441141
1341848005.861699 0.113655 -1.010106 1.208042 0.782536 0.407443 -0.164860 -0.440964
1341848005.929656 0.109049 -1.017304 1.206594 0.778588 0.411458 -0.170519 -0.442070
1341848005.965681 0.105849 -1.017586 1.210355 0.778331 0.414392 -0.171455 -0.439412
1341848006.065849 0.098879 -1.021307 1.207883 0.770313 0.423356 -0.182060 -0.440729
1341848006.165815 0.088570 -1.027006 1.206370 0.762310 0.427218 -0.193231 -0.446127
1341848006.265787 0.080073 -1.034210 1.208637 0.755037 0.432901 -0.204422 -0.448026
1341848006.366035 0.071871 -1.041735 1.206838 0.748800 0.440264 -0.214198 -0.446750
1341848006.469715 0.061726 -1.049873 1.204835 0.746227 0.444666 -0.217857 -0.444922
1341848006.569740 0.048167 -1.056386 1.202579 0.744393 0.448140 -0.220188 -0.443358
1341848006.670119 0.037192 -1.068956 1.202835 0.742923 0.449323 -0.222317 -0.443564
1341848006.769742 0.023379 -1.081828 1.206841 0.744087 0.447188 -0.224164 -0.442840
1341848006.870724 0.010514 -1.097338 1.209461 0.744996 0.442240 -0.227168 -0.444747
1341848006.969708 0.002195 -1.113998 1.212706 0.745201 0.435894 -0.227662 -0.450380
1341848007.069678 -0.004284 -1.133845 1.216126 0.751623 0.422579 -0.227817 -0.452316
1341848007.169651 -0.011901 -1.155527 1.221102 0.757170 0.412634 -0.222680 -0.454798
1341848007.298875 -0.020739 -1.185009 1.225984 0.766094 0.399294 -0.221385 -0.452386
1341848007.366699 -0.025093 -1.200091 1.228982 0.765307 0.396616 -0.220583 -0.456447
1341848007.434791 -0.031123 -1.216885 1.235183 0.765020 0.394112 -0.221960 -0.458426
1341848007.466689 -0.029657 -1.225852 1.232574 0.763447 0.393761 -0.222632 -0.461016
1341848007.534834 -0.038592 -1.243325 1.241817 0.768057 0.387801 -0.221269 -0.459063
1341848007.566719 -0.037381 -1.249093 1.239100 0.767001 0.387831 -0.222798 -0.460063
1341848007.634799 -0.046531 -1.260024 1.244024 0.769833 0.382887 -0.216939 -0.462268
1341848007.666675 -0.047727 -1.274776 1.242042 0.772465 0.376367 -0.217188 -0.463115
1341848007.734605 -0.062243 -1.279840 1.255337 0.782222 0.364887 -0.215296 -0.456765
1341848007.766913 -0.062551 -1.287881 1.251510 0.780326 0.361109 -0.215010 -0.463101
1341848007.834962 -0.072074 -1.301778 1.256351 0.786200 0.351966 -0.210558 -0.462250
1341848007.866745 -0.077145 -1.305004 1.253211 0.787327 0.348016 -0.208301 -0.464340
1341848007.934851 -0.088168 -1.317773 1.261500 0.795666 0.335021 -0.199488 -0.463554
1341848007.970690 -0.090907 -1.323929 1.264216 0.797189 0.329502 -0.203364 -0.463207
1341848008.034820 -0.096890 -1.335269 1.260227 0.800894 0.320522 -0.199669 -0.464721
1341848008.070825 -0.104120 -1.340818 1.262401 0.803214 0.316207 -0.197256 -0.464705
1341848008.138809 -0.115878 -1.350646 1.263799 0.806875 0.308961 -0.191780 -0.465528
1341848008.171058 -0.122700 -1.358362 1.263054 0.807955 0.305042 -0.188791 -0.467456
1341848008.238657 -0.134748 -1.373357 1.259826 0.812286 0.295658 -0.186366 -0.466954
1341848008.270710 -0.140003 -1.374711 1.260098 0.815277 0.291407 -0.184898 -0.464993
1341848008.370731 -0.161578 -1.391486 1.261644 0.822133 0.279868 -0.179128 -0.462261
1341848008.470807 -0.182281 -1.410222 1.264717 0.826999 0.267886 -0.174164 -0.462576
1341848008.570727 -0.198998 -1.424407 1.273591 0.832519 0.253881 -0.172897 -0.461045
1341848008.674639 -0.216793 -1.440693 1.279912 0.837286 0.240794 -0.170889 -0.460182
1341848008.775071 -0.235129 -1.456526 1.284208 0.838797 0.232784 -0.164132 -0.463995
1341848008.874631 -0.250754 -1.469680 1.287875 0.840346 0.226535 -0.157037 -0.466734
1341848008.974723 -0.268409 -1.480517 1.291536 0.843364 0.217305 -0.149041 -0.468297
1341848009.074794 -0.285935 -1.493708 1.290748 0.846779 0.209979 -0.143509 -0.467204
1341848009.174693 -0.295985 -1.497375 1.285722 0.847041 0.200439 -0.134993 -0.473416
1341848009.274683 -0.321147 -1.511991 1.277674 0.855210 0.176740 -0.125062 -0.470891
1341848009.378700 -0.341115 -1.519084 1.275599 0.860957 0.159395 -0.113486 -0.469539
1341848009.479022 -0.359188 -1.529685 1.275065 0.865351 0.148061 -0.105423 -0.467046
1341848009.578814 -0.383884 -1.538653 1.269207 0.866478 0.142845 -0.098458 -0.468099
1341848009.678666 -0.404147 -1.533232 1.263806 0.864735 0.145848 -0.096824 -0.470730
1341848009.778767 -0.437768 -1.536271 1.260761 0.862469 0.146971 -0.093304 -0.475226
1341848009.878688 -0.460097 -1.534227 1.253532 0.862576 0.145167 -0.096277 -0.474995
1341848009.978905 -0.482357 -1.520520 1.257081 0.863185 0.148078 -0.096266 -0.472987
1341848010.082650 -0.498534 -1.503437 1.248545 0.863212 0.147573 -0.097853 -0.472770
1341848010.182709 -0.526252 -1.483201 1.247046 0.866832 0.141733 -0.092670 -0.468963
1341848010.282749 -0.540844 -1.451652 1.246497 0.868478 0.135531 -0.092524 -0.467779
1341848010.382819 -0.559711 -1.422556 1.248882 0.871090 0.127950 -0.090037 -0.465537
1341848010.450872 -0.567116 -1.403857 1.255269 0.873920 0.123596 -0.088815 -0.461628
1341848010.550631 -0.582180 -1.379189 1.258360 0.877271 0.114208 -0.083490 -0.458674
1341848010.650956 -0.592041 -1.356354 1.263421 0.879673 0.105905 -0.078107 -0.457011
1341848010.750922 -0.592301 -1.340982 1.265819 0.880570 0.101204 -0.074367 -0.456972
1341848010.850765 -0.596426 -1.323877 1.271297 0.880743 0.089661 -0.070580 -0.459642
1341848010.950793 -0.600838 -1.309627 1.276484 0.881387 0.080599 -0.066049 -0.460758
1341848011.051016 -0.606061 -1.300523 1.276404 0.881686 0.074171 -0.063499 -0.461624
1341848011.154630 -0.612519 -1.293179 1.276293 0.882217 0.065880 -0.061147 -0.462184
1341848011.254693 -0.615555 -1.281321 1.278155 0.883988 0.061693 -0.054290 -0.460230
1341848011.354750 -0.625948 -1.271462 1.280893 0.884407 0.050184 -0.047151 -0.461610
1341848011.454654 -0.626863 -1.262395 1.279287 0.884351 0.038861 -0.044817 -0.463038
1341848011.554674 -0.637997 -1.253349 1.277155 0.885889 0.025577 -0.037031 -0.461708
1341848011.622723 -0.637932 -1.248826 1.271607 0.885807 0.021645 -0.032786 -0.462389
1341848011.654892 -0.642201 -1.244908 1.273326 0.886599 0.017819 -0.031364 -0.461130
1341848011.754796 -0.640755 -1.232542 1.267795 0.888706 0.011086 -0.024633 -0.457681
1341848011.858763 -0.641960 -1.214573 1.265071 0.891023 -0.002184 -0.020929 -0.453471
1341848011.958828 -0.638512 -1.196244 1.264826 0.892587 -0.011051 -0.020370 -0.450280
1341848012.058861 -0.633423 -1.180261 1.259415 0.893711 -0.010760 -0.015749 -0.448238
1341848012.126859 -0.634141 -1.162076 1.257385 0.894880 -0.011242 -0.010854 -0.446034
1341848012.190967 -0.636618 -1.148027 1.252097 0.895389 -0.010473 -0.011308 -0.445017
1341848012.258713 -0.635122 -1.127802 1.251032 0.897776 -0.005446 -0.012007 -0.440254
1341848012.326868 -0.631804 -1.108515 1.248497 0.899897 0.002720 -0.011161 -0.435951
1341848012.358782 -0.632946 -1.099673 1.246742 0.900042 0.006916 -0.008448 -0.435668
1341848012.426830 -0.633126 -1.082020 1.241846 0.901854 0.015273 -0.006284 -0.431725
1341848012.458805 -0.633861 -1.070234 1.242622 0.902624 0.017532 -0.005020 -0.430044
1341848012.526756 -0.636712 -1.053805 1.240357 0.903642 0.023195 -0.002424 -0.427654
1341848012.562690 -0.636889 -1.040254 1.242136 0.904711 0.026955 -0.003779 -0.425155
1341848012.662763 -0.647514 -1.020755 1.236653 0.903771 0.039888 0.001215 -0.426151
1341848012.726854 -0.646135 -1.006402 1.234877 0.904305 0.052412 -0.001541 -0.423655
1341848012.762672 -0.649636 -0.999438 1.233504 0.904311 0.057316 -0.001460 -0.423006
1341848012.830669 -0.655641 -0.989498 1.232750 0.904110 0.072734 -0.004785 -0.421037
1341848012.862795 -0.656952 -0.981477 1.234996 0.903420 0.081986 -0.004314 -0.420822
1341848012.962752 -0.662742 -0.972467 1.228708 0.898596 0.103913 -0.003959 -0.426277
1341848013.030944 -0.668418 -0.970114 1.220402 0.895546 0.117110 -0.003097 -0.429271
1341848013.062714 -0.669062 -0.964789 1.221207 0.895391 0.123346 -0.005888 -0.427815
1341848013.162759 -0.676244 -0.962066 1.208910 0.891072 0.141284 -0.015153 -0.431045
1341848013.262723 -0.683639 -0.962773 1.202606 0.889781 0.155446 -0.027374 -0.428225
1341848013.366705 -0.686090 -0.960002 1.197119 0.887706 0.176605 -0.036251 -0.423645
1341848013.430850 -0.697388 -0.966713 1.184212 0.885943 0.189315 -0.040833 -0.421423
1341848013.466959 -0.695812 -0.960622 1.186836 0.886980 0.198368 -0.047891 -0.414274
1341848013.566664 -0.711245 -0.966666 1.182032 0.880315 0.225236 -0.048579 -0.414674
1341848013.666669 -0.723977 -0.967848 1.184860 0.876305 0.245627 -0.059786 -0.410101
1341848013.766827 -0.734260 -0.972673 1.179932 0.865001 0.266755 -0.067572 -0.419582
1341848013.866791 -0.742954 -0.973261 1.178570 0.859277 0.283828 -0.077503 -0.418424
1341848013.966740 -0.757191 -0.980701 1.173455 0.853131 0.299686 -0.081456 -0.419190
1341848014.034942 -0.768465 -0.983752 1.168050 0.848802 0.312031 -0.086251 -0.418009
1341848014.070990 -0.768936 -0.980522 1.166868 0.846136 0.321246 -0.091202 -0.415375
1341848014.134725 -0.784596 -0.984596 1.162136 0.841101 0.335854 -0.088648 -0.414600
1341848014.170724 -0.790019 -0.985145 1.155647 0.838467 0.343313 -0.091717 -0.413155
1341848014.270714 -0.811934 -0.986967 1.149874 0.829149 0.367436 -0.098322 -0.409676
1341848014.370553 -0.837652 -0.993036 1.139596 0.819839 0.387854 -0.110091 -0.406588
1341848014.470783 -0.865820 -0.999673 1.136569 0.807427 0.413469 -0.118576 -0.403788
1341848014.570790 -0.889988 -1.010856 1.130391 0.790096 0.439640 -0.128835 -0.407267
1341848014.670828 -0.911662 -1.020007 1.126869 0.778653 0.456843 -0.144149 -0.405234
1341848014.774750 -0.934214 -1.032563 1.124447 0.765972 0.469719 -0.157283 -0.409772
1341848014.874686 -0.950326 -1.038867 1.125320 0.757487 0.481432 -0.176772 -0.403966
1341848014.974705 -0.968054 -1.044843 1.119209 0.750338 0.493223 -0.190729 -0.396669
1341848015.074864 -0.973833 -1.038797 1.114502 0.743885 0.515345 -0.189946 -0.380756
1341848015.174708 -0.990517 -1.041653 1.103119 0.737504 0.532557 -0.184310 -0.372155
1341848015.243495 -0.998803 -1.038234 1.099233 0.731560 0.544441 -0.187527 -0.365017
1341848015.274780 -1.002964 -1.038238 1.094468 0.727907 0.549543 -0.191136 -0.362797
1341848015.342895 -1.010082 -1.037222 1.091163 0.719291 0.561935 -0.201059 -0.355564
1341848015.374733 -1.012336 -1.037017 1.089243 0.716315 0.566257 -0.207329 -0.351084
1341848015.442783 -1.020392 -1.034637 1.089793 0.707829 0.579982 -0.216130 -0.340422
1341848015.474959 -1.023623 -1.034307 1.087005 0.701851 0.587249 -0.221202 -0.337064
1341848015.542834 -1.023686 -1.031874 1.085676 0.690849 0.599640 -0.233465 -0.329627
1341848015.581753 -1.029714 -1.034279 1.085900 0.685778 0.607965 -0.235087 -0.323761
1341848015.685811 -1.035392 -1.035629 1.083001 0.664023 0.631431 -0.245791 -0.316158
1341848015.749815 -1.038819 -1.035458 1.083163 0.650839 0.642774 -0.257225 -0.311585
1341848015.785761 -1.043866 -1.038626 1.085980 0.644521 0.649664 -0.259352 -0.308653
1341848015.853811 -1.044545 -1.039650 1.089236 0.632296 0.659063 -0.268321 -0.306336
1341848015.885654 -1.048070 -1.040905 1.090508 0.625487 0.665081 -0.271243 -0.304731
1341848015.954005 -1.049459 -1.046151 1.091661 0.611039 0.674784 -0.274677 -0.309597
1341848015.986663 -1.046280 -1.045180 1.092517 0.604778 0.677880 -0.280960 -0.309489
1341848016.085724 -1.045117 -1.043240 1.096637 0.588012 0.687806 -0.294796 -0.307018
1341848016.153821 -1.043861 -1.044531 1.098759 0.580881 0.694318 -0.294547 -0.306172
1341848016.185769 -1.042544 -1.044301 1.099173 0.578775 0.696193 -0.294511 -0.305938
1341848016.253686 -1.042702 -1.049523 1.098435 0.577027 0.698227 -0.292733 -0.306311
1341848016.289960 -1.044622 -1.049318 1.105744 0.575656 0.702109 -0.288053 -0.304448
1341848016.353746 -1.042233 -1.052531 1.101162 0.583882 0.693486 -0.289477 -0.307184
1341848016.389789 -1.036985 -1.052962 1.103992 0.586562 0.690584 -0.291444 -0.306754
1341848016.453901 -1.038152 -1.059280 1.104839 0.595644 0.682746 -0.292555 -0.305742
1341848016.490058 -1.034820 -1.063306 1.104220 0.596372 0.679502 -0.295399 -0.308799
1341848016.554210 -1.031191 -1.069976 1.103956 0.600380 0.672234 -0.298830 -0.313603
1341848016.589825 -1.028601 -1.070668 1.106187 0.599388 0.671860 -0.303243 -0.312060
1341848016.657837 -1.024419 -1.083413 1.103954 0.607118 0.662196 -0.307949 -0.313165
1341848016.689891 -1.018934 -1.086962 1.107378 0.606348 0.662631 -0.310247 -0.311463
1341848016.757848 -1.019469 -1.098753 1.106560 0.606957 0.661358 -0.309154 -0.314059
1341848016.818817 -1.008009 -1.106945 1.108811 0.606293 0.660616 -0.312492 -0.313600
1341848016.882757 -0.999454 -1.119027 1.110650 0.605929 0.660776 -0.312398 -0.314058
1341848016.950706 -0.993429 -1.133106 1.111227 0.608087 0.659752 -0.311567 -0.312863
1341848016.986658 -0.988452 -1.138598 1.112616 0.607584 0.660741 -0.309256 -0.314043
1341848017.050760 -0.978557 -1.151196 1.113569 0.610897 0.657545 -0.308446 -0.315120
1341848017.086845 -0.974139 -1.155950 1.115352 0.612637 0.656532 -0.306261 -0.315983
1341848017.150678 -0.963883 -1.169124 1.117666 0.618945 0.648925 -0.302880 -0.322594
1341848017.186855 -0.959148 -1.174374 1.119991 0.622418 0.645580 -0.301393 -0.324014
1341848017.254693 -0.950560 -1.185106 1.124878 0.628396 0.636950 -0.299408 -0.331314
1341848017.286638 -0.945510 -1.190735 1.125305 0.632167 0.631443 -0.299977 -0.334152
1341848017.354737 -0.932214 -1.199025 1.136892 0.633715 0.622792 -0.305493 -0.342358
1341848017.386825 -0.925648 -1.202705 1.137970 0.637784 0.617345 -0.305120 -0.344990
1341848017.454792 -0.908349 -1.211592 1.143112 0.643439 0.607260 -0.307927 -0.349862
1341848017.486699 -0.907319 -1.215649 1.145200 0.646301 0.604353 -0.306221 -0.351114
1341848017.554797 -0.893371 -1.221503 1.148933 0.648019 0.598408 -0.305864 -0.358367
1341848017.587838 -0.890078 -1.225856 1.148974 0.650918 0.594446 -0.305166 -0.360296
1341848017.654814 -0.878939 -1.231246 1.154104 0.654024 0.587912 -0.305163 -0.365360
1341848017.686820 -0.884859 -1.234011 1.155764 0.655140 0.585495 -0.304443 -0.367835
1341848017.790699 -0.868246 -1.243254 1.163018 0.658881 0.572919 -0.311989 -0.374570
1341848017.854726 -0.857302 -1.249208 1.163664 0.659924 0.566669 -0.314983 -0.379700
1341848017.890737 -0.853361 -1.254117 1.167215 0.659470 0.567131 -0.313346 -0.381150
1341848017.958643 -0.848630 -1.260092 1.167587 0.661258 0.565075 -0.310306 -0.383586
1341848017.990683 -0.841539 -1.263775 1.169650 0.661398 0.563727 -0.310298 -0.385330
1341848018.058766 -0.838966 -1.268705 1.170202 0.665113 0.561305 -0.305894 -0.385993
1341848018.090894 -0.833231 -1.271999 1.170653 0.666507 0.558565 -0.304465 -0.388685
1341848018.159145 -0.834903 -1.279987 1.170110 0.673467 0.551955 -0.302081 -0.387988
1341848018.190824 -0.830524 -1.284332 1.171597 0.674272 0.550099 -0.300131 -0.390731
1341848018.258766 -0.832191 -1.293493 1.170017 0.679894 0.542987 -0.297747 -0.392754
1341848018.290747 -0.828065 -1.298775 1.171237 0.683558 0.538843 -0.298204 -0.391756
1341848018.333905 -0.830325 -1.305887 1.171731 0.685136 0.538313 -0.293232 -0.393475
1341848018.397728 -0.827304 -1.318627 1.173466 0.688528 0.531499 -0.290154 -0.399060
1341848018.465663 -0.830373 -1.334855 1.171556 0.698396 0.521045 -0.291104 -0.394986
1341848018.501822 -0.829668 -1.342327 1.172213 0.700690 0.518094 -0.289818 -0.395748
1341848018.565849 -0.827335 -1.361256 1.168081 0.704906 0.511352 -0.287508 -0.398704
1341848018.601739 -0.828326 -1.369825 1.169260 0.705977 0.510094 -0.284903 -0.400290
1341848018.669811 -0.822525 -1.390356 1.169324 0.711088 0.502799 -0.282490 -0.402177
1341848018.701756 -0.820825 -1.400288 1.167857 0.712922 0.501079 -0.280820 -0.402247
1341848018.769715 -0.821913 -1.420893 1.168576 0.715237 0.497963 -0.275520 -0.405657
1341848018.802234 -0.823114 -1.431474 1.169774 0.716859 0.496276 -0.275173 -0.405095
1341848018.869787 -0.824679 -1.452896 1.173236 0.715293 0.495042 -0.272779 -0.410951
1341848018.901964 -0.820530 -1.462480 1.174386 0.715911 0.492471 -0.274753 -0.411649
1341848018.969688 -0.818342 -1.481244 1.179091 0.718387 0.488315 -0.277536 -0.410417
1341848019.002336 -0.816347 -1.490655 1.180372 0.718659 0.488290 -0.275511 -0.411335
1341848019.069833 -0.813803 -1.506429 1.186474 0.717416 0.488271 -0.275157 -0.413757
1341848019.130792 -0.811546 -1.519315 1.189674 0.719091 0.485734 -0.272781 -0.415405
1341848019.198644 -0.805972 -1.537374 1.192099 0.723000 0.480622 -0.268927 -0.417076
1341848019.262728 -0.805718 -1.553048 1.193021 0.726004 0.475443 -0.263989 -0.420929
1341848019.298715 -0.800029 -1.563421 1.191371 0.727672 0.473149 -0.261633 -0.422105
1341848019.398715 -0.794962 -1.596029 1.189947 0.733310 0.463867 -0.252151 -0.428373
1341848019.498756 -0.791995 -1.631972 1.192291 0.738851 0.451375 -0.243335 -0.437204
1341848019.567087 -0.787643 -1.660148 1.191489 0.744640 0.438396 -0.243150 -0.440679
1341848019.598737 -0.789548 -1.672568 1.191045 0.746922 0.434159 -0.241126 -0.442122
1341848019.666875 -0.789205 -1.698552 1.187395 0.750989 0.425595 -0.237554 -0.445480
1341848019.698668 -0.788805 -1.709539 1.186485 0.753306 0.422359 -0.236745 -0.445080
1341848019.766703 -0.790159 -1.732834 1.186693 0.756533 0.416017 -0.229321 -0.449444
1341848019.798719 -0.789140 -1.745339 1.184088 0.758192 0.411589 -0.227596 -0.451596
1341848019.834660 -0.791376 -1.754006 1.185791 0.760470 0.407226 -0.225695 -0.452674
1341848019.898833 -0.790865 -1.774443 1.189846 0.765070 0.396162 -0.222336 -0.456389
1341848019.966705 -0.791917 -1.788865 1.189571 0.771575 0.384159 -0.220152 -0.456757
1341848020.002811 -0.793404 -1.794214 1.189478 0.773839 0.378473 -0.217513 -0.458932
1341848020.066696 -0.803158 -1.811252 1.185845 0.779540 0.364815 -0.210433 -0.463621
1341848020.102776 -0.803710 -1.819880 1.185683 0.781814 0.359087 -0.208871 -0.464970
1341848020.170835 -0.809377 -1.833234 1.187874 0.785102 0.350252 -0.201124 -0.469560
1341848020.202706 -0.812484 -1.842253 1.186416 0.786994 0.344193 -0.198340 -0.472052
1341848020.271152 -0.822712 -1.852942 1.188375 0.791343 0.333045 -0.191840 -0.475452
1341848020.302754 -0.824848 -1.862199 1.188759 0.792726 0.326563 -0.189426 -0.478602
1341848020.370812 -0.838474 -1.873556 1.187785 0.796695 0.313966 -0.184833 -0.482223
1341848020.438816 -0.849116 -1.888708 1.187972 0.798419 0.302848 -0.179162 -0.488582
1341848020.502691 -0.855678 -1.901333 1.190310 0.798606 0.291574 -0.175605 -0.496363
1341848020.602764 -0.872145 -1.925462 1.187566 0.804522 0.271067 -0.172516 -0.499505
1341848020.706669 -0.884959 -1.948890 1.188380 0.810596 0.257788 -0.167437 -0.498443
1341848020.807216 -0.903553 -1.968349 1.189909 0.816813 0.246426 -0.163588 -0.495307
1341848020.906582 -0.922015 -1.988587 1.193746 0.819359 0.238516 -0.158693 -0.496566
1341848021.006632 -0.940443 -2.002350 1.198476 0.821366 0.230587 -0.154379 -0.498352
1341848021.074762 -0.955242 -2.011589 1.197942 0.824362 0.222389 -0.152096 -0.497832
1341848021.106691 -0.959541 -2.015022 1.198164 0.824664 0.220881 -0.149807 -0.498698
1341848021.175038 -0.975859 -2.025214 1.199542 -0.826804 -0.213511 0.144072 0.500052
1341848021.206698 -0.982017 -2.032705 1.197351 -0.827492 -0.209395 0.142432 0.501122
1341848021.274899 -1.000660 -2.042058 1.199092 -0.828267 -0.200831 0.134695 0.505468
1341848021.307283 -1.009897 -2.044184 1.198380 -0.828638 -0.195433 0.133518 0.507285
1341848021.384830 -1.026643 -2.054293 1.202766 -0.827001 -0.183851 0.127145 0.515851
1341848021.455728 -1.044886 -2.066484 1.203984 -0.827286 -0.166734 0.125548 0.521571
1341848021.514696 -1.062778 -2.082891 1.207504 -0.826700 -0.152118 0.123224 0.527487
1341848021.550755 -1.070885 -2.092441 1.209952 -0.827543 -0.146084 0.123057 0.527910
1341848021.617752 -1.090306 -2.102291 1.208997 -0.827295 -0.142797 0.114989 0.531009
1341848021.710743 -1.117912 -2.123507 1.210461 -0.827670 -0.136590 0.103453 0.534419
1341848021.778676 -1.135773 -2.127992 1.209493 -0.829925 -0.128971 0.100213 0.533431
1341848021.810867 -1.144195 -2.137059 1.210215 -0.830799 -0.125950 0.096687 0.533442
1341848021.878887 -1.167206 -2.135640 1.208971 -0.832420 -0.118883 0.088769 0.533914
1341848021.910628 -1.177437 -2.138307 1.211355 -0.832603 -0.117015 0.086229 0.534457
1341848021.978747 -1.197477 -2.136574 1.213871 -0.831874 -0.111257 0.081981 0.537482
1341848022.010782 -1.207721 -2.140986 1.213940 -0.831027 -0.109106 0.078949 0.539682
1341848022.078665 -1.225887 -2.141267 1.215676 -0.831014 -0.102347 0.075055 0.541579
1341848022.110954 -1.238364 -2.138644 1.215420 -0.831095 -0.098999 0.071126 0.542606
1341848022.178988 -1.263264 -2.136341 1.218357 -0.830406 -0.091399 0.064756 0.545782
1341848022.214773 -1.274197 -2.133092 1.220688 -0.830178 -0.087767 0.061866 0.547059
1341848022.278764 -1.293614 -2.132656 1.225152 -0.828734 -0.075146 0.058404 0.551491
1341848022.314757 -1.307121 -2.127377 1.226174 -0.829623 -0.066263 0.059154 0.551212
1341848022.354110 -1.313757 -2.121788 1.232488 -0.829198 -0.061021 0.058298 0.552548
1341848022.417848 -1.338209 -2.118264 1.236929 -0.828416 -0.047408 0.053626 0.555521
1341848022.521730 -1.366138 -2.111650 1.248201 -0.825658 -0.032888 0.047844 0.561175
1341848022.621801 -1.390539 -2.100765 1.262092 -0.824506 -0.020484 0.041199 0.563979
1341848022.721700 -1.411636 -2.096789 1.271606 -0.824524 -0.003917 0.035847 0.564677
1341848022.814772 -1.434598 -2.087038 1.272183 -0.827557 0.012079 0.025107 0.560690
1341848022.882710 -1.450990 -2.078125 1.270886 -0.829002 0.021035 0.017409 0.558579
1341848022.982728 -1.481295 -2.055458 1.281338 -0.834186 0.035528 -0.012612 0.550192
1341848023.082738 -1.521383 -2.030634 1.273116 -0.835774 0.065285 -0.027835 0.544467
1341848023.186687 -1.552578 -2.019181 1.271978 -0.834431 0.088688 -0.039989 0.542457
1341848023.286758 -1.586039 -2.004170 1.263909 -0.839802 0.109957 -0.049559 0.529326
1341848023.354762 -1.603160 -1.996151 1.261719 -0.842906 0.115393 -0.064043 0.521625
1341848023.418717 -1.623259 -1.978751 1.254791 -0.844505 0.122325 -0.071318 0.516489
1341848023.454710 -1.630177 -1.973699 1.251941 -0.845478 0.128626 -0.072240 0.513229
1341848023.518675 -1.645487 -1.960843 1.251582 -0.845964 0.136726 -0.076576 0.509693
1341848023.555068 -1.654111 -1.951067 1.250664 -0.845376 0.140110 -0.083349 0.508685
1341848023.622845 -1.668654 -1.937558 1.250679 -0.843054 0.147749 -0.086709 0.509816
1341848023.687172 -1.678557 -1.927805 1.253336 -0.840565 0.157002 -0.091710 0.510284
1341848023.754690 -1.690820 -1.912187 1.253992 -0.838182 0.165916 -0.094234 0.510924
1341848023.822788 -1.698623 -1.895738 1.255513 -0.835974 0.173263 -0.101051 0.510799
1341848023.854825 -1.704072 -1.884997 1.255134 -0.835496 0.177357 -0.103368 0.509712
1341848023.922784 -1.711489 -1.860610 1.259680 -0.834089 0.183868 -0.110153 0.508286
1341848023.954826 -1.715549 -1.852640 1.264313 -0.832169 0.189157 -0.112686 0.508936
1341848024.022671 -1.722348 -1.836292 1.262907 -0.829854 0.204735 -0.110900 0.507077
1341848024.054725 -1.727119 -1.823141 1.264732 -0.829027 0.209844 -0.110667 0.506392
1341848024.122843 -1.733589 -1.807837 1.268664 -0.826872 0.221163 -0.110183 0.505202
1341848024.158762 -1.737050 -1.797176 1.271172 -0.826539 0.226251 -0.109610 0.503616
1341848024.222838 -1.737273 -1.785926 1.273044 -0.825084 0.232706 -0.110674 0.502828
1341848024.258826 -1.743464 -1.768569 1.273577 0.825212 -0.238855 0.114597 -0.498840
1341848024.322705 -1.744754 -1.758121 1.275173 0.825654 -0.244318 0.115562 -0.495227
1341848024.358743 -1.746963 -1.747715 1.275110 0.825591 -0.247727 0.119468 -0.492705
1341848024.426783 -1.752971 -1.732526 1.274608 0.824092 -0.254130 0.124748 -0.490641
1341848024.458795 -1.756059 -1.723929 1.275077 0.824215 -0.257168 0.126619 -0.488367
1341848024.526783 -1.762261 -1.710335 1.271986 0.823747 -0.263449 0.131599 -0.484477
1341848024.558627 -1.770102 -1.694874 1.267728 0.823358 -0.266544 0.136072 -0.482203
1341848024.626657 -1.775276 -1.688420 1.270448 0.824074 -0.271600 0.139012 -0.477296
1341848024.658717 -1.781923 -1.674493 1.265581 0.822973 -0.275824 0.142602 -0.475712
1341848024.727054 -1.793062 -1.661907 1.261946 0.822433 -0.283905 0.144840 -0.471193
1341848024.758938 -1.798498 -1.648287 1.258962 0.821521 -0.287745 0.147318 -0.469684
1341848024.826727 -1.811800 -1.639073 1.257633 0.819114 -0.294334 0.151736 -0.468398
1341848024.862797 -1.821119 -1.630033 1.257910 0.817271 -0.299167 0.152203 -0.468404
1341848024.926754 -1.837031 -1.620035 1.255979 0.813878 -0.308059 0.151869 -0.468656
1341848024.962678 -1.846522 -1.613571 1.254669 0.811742 -0.312211 0.151578 -0.469705
1341848025.026872 -1.864091 -1.603772 1.253388 0.810939 -0.320509 0.150991 -0.465676
1341848025.062647 -1.873225 -1.597962 1.252977 0.809654 -0.322830 0.152879 -0.465693
1341848025.131056 -1.890586 -1.588199 1.250373 0.808411 -0.328687 0.157861 -0.462080
1341848025.230646 -1.914364 -1.573121 1.248513 0.804896 -0.340455 0.158702 -0.459398
1341848025.330653 -1.937507 -1.557504 1.248711 0.802385 -0.347344 0.161200 -0.457761
1341848025.430687 -1.955401 -1.538735 1.247438 0.800722 -0.353293 0.163916 -0.455148
1341848025.530800 -1.972064 -1.524017 1.250210 0.799008 -0.358135 0.170925 -0.451786
1341848025.630731 -1.986498 -1.507483 1.248208 0.797006 -0.363577 0.175965 -0.449032
1341848025.730719 -1.999431 -1.494067 1.248356 0.796220 -0.369242 0.180789 -0.443858
1341848025.834828 -2.011179 -1.475531 1.244816 0.792160 -0.377668 0.182790 -0.443213
1341848025.934824 -2.023928 -1.458829 1.246949 0.788815 -0.386733 0.182321 -0.441552
1341848026.034640 -2.035739 -1.438699 1.242422 0.785238 -0.396643 0.183133 -0.438791
1341848026.134670 -2.052062 -1.419403 1.240994 0.780641 -0.407979 0.183784 -0.436321
1341848026.234940 -2.065409 -1.401460 1.236778 0.776616 -0.420078 0.182125 -0.432703
1341848026.334824 -2.079812 -1.383295 1.235822 0.774020 -0.431429 0.180213 -0.426948
1341848026.402725 -2.089964 -1.372537 1.233212 0.770806 -0.437001 0.181349 -0.426615
1341848026.470839 -2.097244 -1.360852 1.233194 0.766777 -0.443135 0.181448 -0.427506
1341848026.502672 -2.101638 -1.354819 1.232024 0.765042 -0.445804 0.183093 -0.427137
1341848026.570847 -2.110911 -1.342179 1.232501 0.762193 -0.448572 0.187399 -0.427465
1341848026.602721 -2.117335 -1.338059 1.233672 0.761875 -0.448446 0.189663 -0.427165
1341848026.641972 -2.120879 -1.332883 1.232495 0.760806 -0.450010 0.190499 -0.427054
1341848026.702795 -2.132288 -1.318894 1.233047 0.759155 -0.451420 0.193531 -0.427141
1341848026.770813 -2.144935 -1.308349 1.231975 0.758354 -0.452835 0.193958 -0.426873
1341848026.806747 -2.151644 -1.301259 1.230944 0.758759 -0.453296 0.194095 -0.425599
1341848026.878025 -2.167643 -1.290205 1.229927 0.759995 -0.452241 0.195633 -0.423809
1341848026.938881 -2.183962 -1.277079 1.229311 0.761459 -0.450834 0.196755 -0.422157
1341848027.006815 -2.205390 -1.264989 1.226929 0.762120 -0.450504 0.197968 -0.420747
1341848027.074785 -2.226349 -1.255693 1.224537 0.760614 -0.452248 0.197857 -0.421653
1341848027.106663 -2.235885 -1.251432 1.227120 0.760640 -0.454391 0.197501 -0.419462
1341848027.174831 -2.255969 -1.242403 1.226960 0.757560 -0.455743 0.200028 -0.422362
1341848027.207212 -2.268257 -1.238454 1.227574 0.755846 -0.458210 0.200604 -0.422490
1341848027.274701 -2.289373 -1.229992 1.228274 0.753380 -0.460832 0.202893 -0.422951
1341848027.306705 -2.299062 -1.226251 1.228465 0.751999 -0.462358 0.203584 -0.423410
1341848027.374943 -2.321479 -1.218697 1.231648 0.748856 -0.464685 0.203266 -0.426575
1341848027.406837 -2.331214 -1.213799 1.230053 0.747775 -0.463955 0.204316 -0.428758
1341848027.474800 -2.352292 -1.207479 1.233927 0.745958 -0.461520 0.204248 -0.434545
1341848027.506714 -2.363990 -1.201710 1.236145 0.745517 -0.460223 0.204451 -0.436577
1341848027.574717 -2.382324 -1.195294 1.236346 0.745187 -0.455369 0.203666 -0.442556
1341848027.610716 -2.389727 -1.190835 1.237177 0.745844 -0.453144 0.203902 -0.443623
1341848027.674731 -2.405939 -1.182398 1.236669 0.746812 -0.449389 0.203575 -0.445958
1341848027.711026 -2.413196 -1.176379 1.236818 0.747019 -0.449360 0.203561 -0.445648
1341848027.778768 -2.424439 -1.164403 1.238214 0.748771 -0.445807 0.203497 -0.446305
1341848027.810746 -2.432323 -1.158508 1.239160 0.749220 -0.444229 0.203958 -0.446912
1341848027.878669 -2.442215 -1.146362 1.238858 0.752388 -0.440110 0.202522 -0.446319
1341848027.911127 -2.449085 -1.137428 1.239272 0.753033 -0.438527 0.203513 -0.446338
1341848027.978757 -2.456121 -1.122034 1.244229 0.756577 -0.434315 0.203622 -0.444409
1341848028.011034 -2.462567 -1.119656 1.245680 0.757285 -0.430919 0.204251 -0.446218
1341848028.078967 -2.471732 -1.098135 1.249679 0.757435 -0.429652 0.205280 -0.446712
1341848028.110971 -2.474686 -1.096370 1.244149 0.755776 -0.428662 0.202828 -0.451567
1341848028.186050 -2.477207 -1.079223 1.251011 0.755103 -0.428800 0.202506 -0.452705
1341848028.254235 -2.484027 -1.068315 1.250683 0.753574 -0.429420 0.201895 -0.454931
1341848028.314908 -2.488645 -1.051959 1.256042 0.751823 -0.431018 0.202717 -0.455952
1341848028.378956 -2.495614 -1.031375 1.254706 0.748485 -0.434866 0.204250 -0.457104
1341848028.414628 -2.497725 -1.026763 1.256522 0.747386 -0.435574 0.203786 -0.458433
1341848028.482785 -2.505001 -1.008512 1.259139 0.744660 -0.438418 0.205617 -0.459340
1341848028.514701 -2.511041 -1.000600 1.257122 0.742950 -0.440740 0.204026 -0.460594
1341848028.582747 -2.521232 -0.980960 1.260475 0.742553 -0.441846 0.204166 -0.460113
1341848028.614649 -2.528765 -0.969888 1.261275 0.743262 -0.441685 0.204537 -0.458957
1341848028.653766 -2.532352 -0.957977 1.266739 0.744363 -0.442274 0.203273 -0.457163
1341848028.721828 -2.540753 -0.942661 1.268200 0.744524 -0.441831 0.202629 -0.457613
1341848028.782861 -2.551603 -0.919086 1.270651 0.742910 -0.444206 0.202210 -0.458123
1341848028.814757 -2.555532 -0.911459 1.272371 0.743090 -0.443874 0.202228 -0.458144
1341848028.882714 -2.566515 -0.892827 1.271351 0.742313 -0.443911 0.201854 -0.459532
1341848028.914838 -2.569746 -0.885874 1.270754 0.743213 -0.443931 0.199652 -0.459018
1341848028.982690 -2.577000 -0.866755 1.275338 0.744860 -0.444957 0.197941 -0.456089
1341848029.018728 -2.579568 -0.861070 1.277287 0.745856 -0.443430 0.198800 -0.455574
1341848029.082877 -2.588297 -0.846394 1.277326 0.744879 -0.443662 0.201695 -0.455673
1341848029.118800 -2.591946 -0.841474 1.276225 0.744725 -0.444159 0.201055 -0.455725
1341848029.182676 -2.600044 -0.825223 1.276460 0.745713 -0.445534 0.203318 -0.451745
1341848029.218708 -2.603657 -0.818902 1.278545 0.746707 -0.445731 0.203865 -0.449658
1341848029.286969 -2.610493 -0.804764 1.277423 0.747377 -0.445215 0.208045 -0.447133
1341848029.320225 -2.616481 -0.796603 1.278482 0.747309 -0.446740 0.211083 -0.444295
1341848029.386923 -2.626818 -0.781237 1.275558 0.744571 -0.449925 0.212100 -0.445191
1341848029.418757 -2.631733 -0.774787 1.276692 0.744062 -0.451833 0.213449 -0.443462
1341848029.486788 -2.644535 -0.761498 1.276547 0.741058 -0.455508 0.216004 -0.443495
1341848029.518925 -2.651508 -0.756269 1.278926 0.740106 -0.456946 0.218732 -0.442267
1341848029.586990 -2.667581 -0.741910 1.278244 0.735186 -0.462396 0.220542 -0.443906
1341848029.618715 -2.677415 -0.735937 1.278421 0.732785 -0.466329 0.221257 -0.443406
1341848029.686830 -2.690955 -0.724058 1.280037 0.729108 -0.471927 0.222709 -0.442818
1341848029.718752 -2.702230 -0.723228 1.279639 0.727703 -0.474242 0.224360 -0.441821
1341848029.786949 -2.716656 -0.709690 1.279111 0.723871 -0.480096 0.226198 -0.440855
1341848029.822778 -2.725142 -0.702903 1.279605 0.722778 -0.483139 0.227616 -0.438587
1341848029.887992 -2.743220 -0.693964 1.278306 0.718692 -0.489433 0.229008 -0.437600
1341848029.922779 -2.749945 -0.692225 1.278708 0.718163 -0.491205 0.228939 -0.436516
1341848029.990762 -2.764596 -0.680886 1.277370 0.715119 -0.497023 0.230978 -0.433846
1341848030.022873 -2.772301 -0.675876 1.276426 0.714208 -0.499235 0.231835 -0.432347
1341848030.090782 -2.783236 -0.664489 1.276337 0.712452 -0.503262 0.233845 -0.429484
1341848030.122796 -2.790458 -0.658857 1.273992 0.711304 -0.504946 0.235926 -0.428270
1341848030.190683 -2.800674 -0.651687 1.274278 0.709547 -0.509148 0.236966 -0.425628
1341848030.222713 -2.804215 -0.642746 1.273861 0.708261 -0.512219 0.239815 -0.422477
1341848030.290864 -2.813742 -0.630970 1.273571 0.705630 -0.517854 0.243526 -0.417861
1341848030.322775 -2.819120 -0.628780 1.275536 0.705208 -0.519596 0.244083 -0.416083
1341848030.390832 -2.825541 -0.611809 1.270449 0.702364 -0.525541 0.248599 -0.410720
1341848030.422795 -2.831043 -0.608072 1.267619 0.701131 -0.527422 0.250335 -0.409357
1341848030.490846 -2.836905 -0.598547 1.268888 0.699962 -0.531048 0.251324 -0.406052
1341848030.526716 -2.840399 -0.592240 1.268471 0.699099 -0.533190 0.252444 -0.404031
1341848030.565795 -2.841381 -0.583211 1.266511 0.697096 -0.535878 0.254083 -0.402906
1341848030.626961 -2.848463 -0.570695 1.265352 0.692792 -0.542053 0.255474 -0.401187
1341848030.690656 -2.853797 -0.552185 1.263442 0.687141 -0.548643 0.256292 -0.401425
1341848030.726765 -2.858110 -0.547433 1.263934 0.685500 -0.550517 0.257194 -0.401089
1341848030.794692 -2.866794 -0.532462 1.267231 0.679390 -0.556859 0.260805 -0.400398
1341848030.827483 -2.868536 -0.518632 1.267441 0.675877 -0.560761 0.263253 -0.399294
1341848030.894711 -2.881222 -0.506848 1.264357 0.667539 -0.569321 0.261908 -0.402081
1341848030.926741 -2.881628 -0.495375 1.269637 0.664803 -0.573845 0.260594 -0.401037
1341848030.994735 -2.893162 -0.478405 1.273847 0.656991 -0.580094 0.264489 -0.402367
1341848031.026698 -2.899682 -0.467020 1.273996 0.653199 -0.583459 0.264617 -0.403589
1341848031.094761 -2.909404 -0.450402 1.278084 0.646913 -0.589734 0.262096 -0.406230
1341848031.126776 -2.912766 -0.440163 1.281497 0.645260 -0.591914 0.260918 -0.406447
1341848031.194685 -2.923949 -0.423729 1.283772 0.642298 -0.594257 0.259096 -0.408878
1341848031.230953 -2.926581 -0.413648 1.286030 0.642013 -0.595837 0.258597 -0.407339
1341848031.294747 -2.937804 -0.396620 1.283771 0.640042 -0.598559 0.256593 -0.407718
1341848031.330754 -2.937942 -0.389411 1.285645 0.639973 -0.599861 0.255293 -0.406726
1341848031.394753 -2.945481 -0.375712 1.289876 0.638753 -0.600606 0.258731 -0.405372
1341848031.430611 -2.948296 -0.369951 1.292640 0.637695 -0.601733 0.259770 -0.404700
1341848031.472150 -2.952054 -0.364121 1.293493 0.636259 -0.602367 0.262023 -0.404566
1341848031.562876 -2.957451 -0.354877 1.296875 0.634958 -0.604408 0.266040 -0.400926
1341848031.630816 -2.968508 -0.338554 1.300616 0.629518 -0.610675 0.270768 -0.396823
1341848031.698757 -2.978270 -0.330689 1.301399 0.626016 -0.613621 0.274717 -0.395099
1341848031.730668 -2.980198 -0.324032 1.303378 0.623651 -0.615219 0.277235 -0.394596
1341848031.798743 -2.994753 -0.317312 1.303476 0.618689 -0.618455 0.282120 -0.393885
1341848031.830821 -2.997542 -0.312309 1.304611 -0.614952 0.622123 -0.282893 0.393405
1341848031.898722 -3.006136 -0.300973 1.309025 -0.609388 0.627212 -0.288014 0.390256
1341848031.930844 -3.012697 -0.295804 1.306986 -0.605069 0.629846 -0.289764 0.391437
1341848031.998742 -3.023134 -0.285243 1.312071 -0.601132 0.634353 -0.292326 0.388307
1341848032.034711 -3.028213 -0.278562 1.314138 -0.599168 0.635492 -0.295012 0.387447
1341848032.098732 -3.041876 -0.264932 1.313279 -0.595433 0.638638 -0.297008 0.386506
1341848032.134739 -3.047617 -0.256654 1.313198 -0.594817 0.638827 -0.298158 0.386257
1341848032.234663 -3.067914 -0.240969 1.315575 -0.592490 0.641232 -0.299152 0.385078
1341848032.302842 -3.077103 -0.226463 1.314584 -0.591234 0.643054 -0.301169 0.382389
1341848032.334617 -3.082507 -0.223610 1.313706 -0.590152 0.643524 -0.301858 0.382726
1341848032.434730 -3.096828 -0.207771 1.313654 -0.585515 0.646793 -0.306350 0.380763
1341848032.534733 -3.110142 -0.189558 1.315527 -0.581541 0.648983 -0.308734 0.381202
1341848032.603044 -3.119584 -0.177979 1.320381 -0.579897 0.648900 -0.310300 0.382572
1341848032.634746 -3.122806 -0.170049 1.323298 -0.578591 0.648607 -0.311828 0.383802
1341848032.738725 -3.138800 -0.146953 1.326852 -0.575239 0.647479 -0.316485 0.386922
1341848032.802941 -3.144845 -0.133844 1.329220 -0.575796 0.647081 -0.316442 0.386793
1341848032.838781 -3.150206 -0.123881 1.329725 -0.575433 0.646073 -0.317208 0.388388
1341848032.902707 -3.155766 -0.107969 1.330088 -0.573786 0.647953 -0.316049 0.388638
1341848032.938845 -3.159114 -0.102014 1.330670 -0.573754 0.648080 -0.316222 0.388333
1341848033.039238 -3.161424 -0.082209 1.333027 -0.571696 0.650434 -0.317864 0.386084
1341848033.139110 -3.161073 -0.055504 1.335741 -0.564593 0.654410 -0.323743 0.384933
1341848033.206854 -3.160356 -0.043586 1.331866 -0.560023 0.659704 -0.321307 0.384612
1341848033.238728 -3.161196 -0.035297 1.333511 -0.557966 0.661537 -0.322682 0.383302
1341848033.306665 -3.164223 -0.019490 1.335754 -0.554991 0.665652 -0.323799 0.379535
1341848033.338836 -3.163315 -0.013820 1.334259 -0.552847 0.667541 -0.324211 0.378995
1341848033.406805 -3.163314 0.001946 1.336781 -0.551499 0.670434 -0.325073 0.375092
1341848033.443097 -3.163893 0.011522 1.336739 -0.550024 0.671127 -0.326467 0.374809
1341848033.506807 -3.165593 0.025259 1.337374 -0.547810 0.673659 -0.326895 0.373132
1341848033.542876 -3.166292 0.031183 1.336456 -0.546323 0.674157 -0.327452 0.373924
1341848033.606870 -3.166011 0.044334 1.339748 -0.541866 0.679165 -0.326744 0.371960
1341848033.642934 -3.165619 0.051584 1.340905 -0.540066 0.680452 -0.326460 0.372476
1341848033.710808 -3.166764 0.063040 1.344964 -0.538045 0.683162 -0.326254 0.370616
1341848033.742797 -3.165215 0.069852 1.347167 -0.535667 0.684528 -0.325860 0.371884
1341848033.811114 -3.170270 0.081059 1.348726 -0.533837 0.685387 -0.328637 0.370487
1341848033.842774 -3.169580 0.087211 1.349112 -0.531328 0.687471 -0.328359 0.370479
1341848033.911229 -3.170803 0.098040 1.348369 -0.527294 0.690849 -0.330049 0.368451
1341848033.942752 -3.173942 0.103845 1.349885 -0.523405 0.692910 -0.334043 0.366523
1341848034.010755 -3.177711 0.114060 1.356040 -0.516236 0.695867 -0.343097 0.362703
1341848034.042713 -3.180069 0.113166 1.358341 -0.512074 0.698482 -0.346328 0.360499
1341848034.110771 -3.181137 0.123625 1.362215 -0.501839 0.704775 -0.348923 0.360143
1341848034.142710 -3.188994 0.125239 1.360012 -0.496428 0.706482 -0.354718 0.358635
1341848034.210696 -3.193663 0.131742 1.365674 -0.488900 0.710828 -0.359006 0.356111
1341848034.246723 -3.201249 0.139244 1.368564 -0.483312 0.715340 -0.359082 0.354624
1341848034.318061 -3.201936 0.147668 1.369847 -0.476250 0.718874 -0.362660 0.353389
1341848034.386162 -3.212124 0.159554 1.369296 -0.469473 0.722464 -0.364624 0.353114
1341848034.453838 -3.221918 0.171450 1.368104 -0.465555 0.724742 -0.365931 0.352282
1341848034.553684 -3.235289 0.199036 1.371620 -0.463766 0.725646 -0.368543 0.350050
1341848034.653784 -3.249876 0.226892 1.368252 -0.464998 0.727303 -0.366207 0.347419
1341848034.746742 -3.263644 0.258643 1.364047 -0.463689 0.729446 -0.365504 0.345411
1341848034.814737 -3.268092 0.273825 1.361972 -0.463149 0.731065 -0.364747 0.343506
1341848034.846851 -3.274564 0.279298 1.361235 -0.464571 0.730578 -0.364096 0.343313
1341848034.914816 -3.276444 0.295321 1.357631 -0.462825 0.733198 -0.364036 0.340134
1341848034.951491 -3.279343 0.298723 1.357268 -0.463095 0.733598 -0.364279 0.338641
1341848035.014942 -3.279850 0.313843 1.353681 -0.460543 0.736643 -0.364901 0.334822
1341848035.050945 -3.280808 0.317655 1.355717 -0.459894 0.738218 -0.363419 0.333854
1341848035.118886 -3.287414 0.331331 1.349724 -0.459171 0.738357 -0.366085 0.331621
1341848035.218946 -3.286540 0.349536 1.348760 -0.457953 0.741160 -0.364517 0.328769
1341848035.319914 -3.281025 0.369137 1.348796 -0.454680 0.742802 -0.365166 0.328885
1341848035.422709 -3.279604 0.390783 1.351899 -0.449112 0.745037 -0.365475 0.331128
1341848035.518623 -3.277360 0.413174 1.355160 -0.442908 0.747931 -0.364572 0.333945
1341848035.618790 -3.272926 0.442458 1.359475 -0.433330 0.752300 -0.366418 0.334676
1341848035.718791 -3.274589 0.457451 1.360014 -0.423572 0.760357 -0.362280 0.333463
1341848035.818784 -3.269536 0.479645 1.362775 -0.416829 0.765927 -0.363206 0.328163
1341848035.886689 -3.264544 0.494198 1.365961 -0.409931 0.769528 -0.362905 0.328760
1341848035.954633 -3.256563 0.508014 1.369472 -0.404933 0.772062 -0.361878 0.330141
1341848035.986741 -3.259629 0.512993 1.371810 -0.403395 0.772598 -0.360088 0.332717
1341848036.054911 -3.251869 0.531829 1.367495 -0.398808 0.775944 -0.357386 0.333374
1341848036.087013 -3.251997 0.537713 1.373978 -0.397864 0.777305 -0.356859 0.331893
1341848036.154810 -3.246818 0.552868 1.371951 -0.396903 0.779421 -0.357109 0.327787
1341848036.190835 -3.245978 0.560426 1.376018 -0.395167 0.780491 -0.357103 0.327345
1341848036.254692 -3.237114 0.572202 1.374741 -0.396097 0.780270 -0.359852 0.323717
1341848036.290758 -3.238842 0.581902 1.375276 -0.395384 0.780198 -0.363401 0.320784
1341848036.354859 -3.230534 0.594173 1.377388 -0.394104 0.782081 -0.363941 0.317139
1341848036.390843 -3.226190 0.603470 1.377143 -0.392032 0.783006 -0.364451 0.316841
1341848036.458823 -3.224688 0.616604 1.377657 -0.389605 0.784371 -0.366477 0.314111
1341848036.558942 -3.218259 0.646544 1.378544 -0.386811 0.783851 -0.371777 0.312629
1341848036.590723 -3.216188 0.651366 1.381418 -0.385072 0.784548 -0.372089 0.312656
1341848036.658670 -3.210200 0.672806 1.383760 -0.377307 0.786876 -0.374805 0.313028
1341848036.691175 -3.208943 0.681109 1.383698 -0.375157 0.786038 -0.378179 0.313661
1341848036.758851 -3.206532 0.706400 1.389049 -0.367333 0.788313 -0.380893 0.313928
1341848036.790720 -3.207124 0.713553 1.392975 -0.365211 0.788139 -0.382945 0.314342
1341848036.858633 -3.204172 0.733759 1.400812 -0.359543 0.791252 -0.384449 0.311205
1341848036.926846 -3.197728 0.762077 1.400839 -0.351437 0.793787 -0.387066 0.310763
1341848037.061042 -3.187233 0.809758 1.409759 -0.344998 0.792635 -0.397846 0.307287
1341848037.094661 -3.192123 0.820227 1.408144 -0.342285 0.791345 -0.401167 0.309321
1341848037.162789 -3.179085 0.842813 1.424817 -0.339348 0.790903 -0.404164 0.309786
1341848037.263738 -3.175412 0.887396 1.434606 -0.335883 0.782348 -0.415900 0.319596
1341848037.362746 -3.174529 0.914139 1.434564 -0.337520 0.776893 -0.421227 0.324168
1341848037.462765 -3.168379 0.952507 1.432113 -0.339155 0.772057 -0.429858 0.322683
1341848037.562958 -3.158638 0.982858 1.432731 -0.341215 0.770882 -0.432394 0.319920
1341848037.662669 -3.147400 1.004805 1.430992 -0.341958 0.771207 -0.434887 0.314924
1341848037.730964 -3.137107 1.020460 1.437035 -0.340321 0.772667 -0.436604 0.310716
1341848037.769764 -3.125739 1.032672 1.436146 -0.336725 0.775066 -0.436715 0.308496
1341848037.866711 -3.116028 1.055475 1.436964 -0.330057 0.778906 -0.437169 0.305371
1341848037.966864 -3.098026 1.079075 1.433518 -0.321656 0.788251 -0.432209 0.297308
1341848038.066849 -3.078512 1.101313 1.427994 -0.316012 0.795278 -0.429016 0.289164
1341848038.166674 -3.063459 1.126346 1.427682 -0.310930 0.801322 -0.427122 0.280666
1341848038.274093 -3.043944 1.147447 1.429778 -0.305228 0.805355 -0.426981 0.275547
1341848038.341933 -3.028813 1.159452 1.429604 -0.302735 0.807354 -0.427259 0.271994
1341848038.409802 -3.015061 1.174738 1.433004 -0.302123 0.807720 -0.430727 0.266054
1341848038.441825 -3.015409 1.185723 1.434747 -0.300201 0.807618 -0.431679 0.266993
1341848038.566862 -2.994560 1.207071 1.439847 -0.295814 0.806591 -0.438363 0.264089
1341848038.634739 -2.976595 1.232942 1.440965 -0.294583 0.805559 -0.442266 0.262098
1341848038.734794 -2.970725 1.256146 1.450715 -0.295466 0.804791 -0.443766 0.260929
1341848038.838770 -2.959640 1.285635 1.450826 -0.291667 0.805725 -0.444567 0.260957
1341848038.938767 -2.954379 1.320387 1.452471 -0.282915 0.809086 -0.445362 0.258828
1341848039.038895 -2.945464 1.351773 1.453571 -0.274278 0.813934 -0.446186 0.251399
1341848039.138656 -2.941403 1.382923 1.454264 -0.266308 0.816301 -0.447483 0.249985
1341848039.238881 -2.936062 1.410469 1.452558 -0.260266 0.817811 -0.449272 0.248196
1341848039.338889 -2.933697 1.437574 1.452924 -0.255475 0.819595 -0.449467 0.246934
1341848039.438853 -2.929305 1.459531 1.453731 -0.254442 0.821179 -0.449838 0.242014
1341848039.507121 -2.924298 1.472246 1.452783 -0.253746 0.822590 -0.449796 0.237997
1341848039.538659 -2.917368 1.481361 1.452893 -0.252293 0.822751 -0.451590 0.235575
1341848039.606721 -2.907397 1.496190 1.454450 -0.252123 0.823098 -0.452005 0.233740
1341848039.642714 -2.903180 1.504485 1.452794 -0.251150 0.822979 -0.454286 0.230767
1341848039.707168 -2.892753 1.521557 1.454273 -0.250381 0.822575 -0.456214 0.229233
1341848039.742862 -2.893526 1.524528 1.455828 -0.250837 0.823000 -0.455876 0.227879
1341848039.806875 -2.875556 1.535452 1.453988 -0.250118 0.822207 -0.460026 0.223144
1341848039.843282 -2.872812 1.545191 1.450975 -0.248180 0.822484 -0.461058 0.222151
1341848039.913822 -2.855871 1.556824 1.451925 -0.244092 0.823098 -0.463413 0.219495
1341848039.943367 -2.854702 1.564153 1.453894 -0.241835 0.824266 -0.462611 0.219301
1341848040.010707 -2.836204 1.571590 1.447926 -0.236373 0.825608 -0.462486 0.220468
1341848040.042768 -2.830559 1.588816 1.450206 -0.233473 0.827010 -0.462479 0.218307
1341848040.110819 -2.818936 1.598165 1.447023 -0.227792 0.831326 -0.458294 0.216734
1341848040.142744 -2.807232 1.607442 1.442911 -0.224828 0.832832 -0.458990 0.212535
1341848040.211029 -2.792192 1.625600 1.447092 -0.219634 0.837762 -0.454522 0.208148
1341848040.242681 -2.791677 1.623934 1.442221 -0.218584 0.839116 -0.452784 0.207585
1341848040.310719 -2.770166 1.633032 1.444218 -0.210874 0.841670 -0.453169 0.204356
1341848040.346920 -2.767533 1.643439 1.448903 -0.207616 0.843582 -0.451458 0.203592
1341848040.410884 -2.742082 1.650455 1.457669 -0.199236 0.846498 -0.450877 0.201137
1341848040.446720 -2.742607 1.656330 1.452720 -0.196406 0.845596 -0.452914 0.203127
1341848040.517796 -2.728325 1.659261 1.462370 -0.191373 0.846819 -0.452400 0.203980
1341848040.578879 -2.723405 1.674243 1.466137 -0.190238 0.846033 -0.454767 0.203040
1341848040.646758 -2.707349 1.686058 1.471938 -0.185638 0.847095 -0.456093 0.199870
1341848040.714653 -2.693814 1.685990 1.474243 -0.179592 0.847174 -0.462399 0.190344
1341848040.746821 -2.690393 1.692999 1.480868 -0.173862 0.847576 -0.466127 0.184693
1341848040.814675 -2.674990 1.704223 1.479275 -0.165021 0.848150 -0.472478 0.173706
1341848040.846908 -2.669730 1.706575 1.474344 -0.161761 0.847883 -0.474938 0.171353
1341848040.914699 -2.655336 1.718291 1.479237 -0.152097 0.849724 -0.477621 0.163445
1341848040.946862 -2.652322 1.716325 1.477958 -0.149067 0.850087 -0.478281 0.162415
1341848041.058859 -2.626876 1.736788 1.479679 -0.130826 0.854857 -0.476712 0.157639
1341848041.122188 -2.619841 1.741252 1.469043 -0.120353 0.858953 -0.473573 0.153113
1341848041.189954 -2.608895 1.752470 1.468834 -0.106999 0.863311 -0.468979 0.152658
1341848041.250726 -2.594141 1.758357 1.466646 -0.100698 0.866244 -0.465858 0.149859
1341848041.355465 -2.575189 1.772247 1.465399 -0.091480 0.869913 -0.462349 0.145315
1341848041.450845 -2.551509 1.780023 1.462327 -0.083133 0.872406 -0.462093 0.135895
1341848041.550730 -2.527562 1.777054 1.448231 -0.074850 0.875881 -0.459782 0.125821
1341848041.650957 -2.499050 1.776752 1.445670 -0.068610 0.877517 -0.459941 0.117092
1341848041.750776 -2.466987 1.772140 1.443355 -0.059752 0.877745 -0.461464 0.114211
1341848041.854747 -2.430189 1.774916 1.448107 -0.049507 0.877331 -0.462965 0.116198
1341848041.994975 -2.389070 1.775532 1.448448 -0.035663 0.876720 -0.465298 0.116568
1341848042.054627 -2.369445 1.770099 1.455206 -0.028111 0.876779 -0.465797 0.116198
1341848042.154788 -2.339535 1.757448 1.460636 -0.019225 0.878683 -0.463210 0.113948
1341848042.254762 -2.307560 1.752119 1.464113 -0.013077 0.880236 -0.462664 0.104667
1341848042.354987 -2.277020 1.757311 1.462826 -0.002978 0.882047 -0.461224 0.096213
1341848042.429737 -2.253037 1.744486 1.455977 0.002885 0.883881 -0.458713 0.091255
1341848042.490921 -2.237552 1.750024 1.460145 0.011348 0.885892 -0.455615 0.086499
1341848042.558691 -2.218906 1.742820 1.448512 0.020335 0.885604 -0.456714 0.081882
1341848042.658741 -2.186715 1.742736 1.441192 0.037445 0.884731 -0.458287 0.076304
1341848042.761637 -2.156259 1.752553 1.432912 0.057416 0.883181 -0.460044 0.071089
1341848042.829708 -2.149534 1.745692 1.440360 0.064832 0.886086 -0.454410 0.064497
1341848042.861726 -2.142659 1.747171 1.436821 0.070414 0.885966 -0.454173 0.061908
1341848042.965708 -2.107772 1.751846 1.434705 0.084106 0.885004 -0.455082 0.050942
1341848043.065737 -2.092052 1.752370 1.435934 0.095348 0.885538 -0.452130 0.048066
1341848043.165792 -2.061907 1.753757 1.427758 0.105396 0.885142 -0.451426 0.040374
1341848043.265717 -2.032105 1.745966 1.427557 0.112162 0.883754 -0.453146 0.032532
1341848043.369819 -2.012495 1.736330 1.426537 0.117144 0.882622 -0.454402 0.027829
1341848043.469625 -1.975958 1.726413 1.430032 0.124915 0.882025 -0.453770 0.022837
1341848043.569664 -1.942384 1.712290 1.424033 0.135447 0.879443 -0.455799 0.021930
1341848043.670144 -1.918673 1.692149 1.420506 0.141302 0.880633 -0.451666 0.022742
1341848043.769828 -1.886639 1.676355 1.424739 0.148969 0.881995 -0.446683 0.019162
1341848043.837855 -1.868948 1.651159 1.431205 0.153402 0.882892 -0.443497 0.016741
1341848043.869697 -1.855346 1.653682 1.419463 0.155649 0.879776 -0.448981 0.013582
1341848043.938034 -1.844643 1.635231 1.423709 0.156878 0.881292 -0.445522 0.014966
1341848043.969826 -1.840307 1.633765 1.418022 0.156950 0.880557 -0.446987 0.013702
1341848044.037703 -1.820689 1.613475 1.426892 0.158142 0.881990 -0.443839 0.009593
1341848044.073762 -1.810588 1.618379 1.418792 0.159737 0.879595 -0.448016 0.008856
1341848044.173825 -1.795952 1.601625 1.426135 0.160334 0.881972 -0.443088 0.009582
1341848044.237767 -1.775816 1.587148 1.422092 0.164478 0.881454 -0.442675 0.004924
1341848044.273822 -1.765578 1.580590 1.428981 0.166642 0.882389 -0.440018 0.001988
1341848044.337838 -1.758503 1.572478 1.422490 0.169871 0.881892 -0.439782 0.001527
1341848044.373688 -1.752443 1.570834 1.416913 0.172717 0.880684 -0.441093 0.001163
1341848044.441696 -1.745694 1.556121 1.414327 0.180288 0.880676 -0.438070 -0.000177
1341848044.473716 -1.741162 1.550992 1.416928 0.184808 0.880627 -0.436277 -0.002032
1341848044.541856 -1.732237 1.540401 1.407291 0.196032 0.878455 -0.435715 -0.006386
1341848044.573760 -1.729419 1.533692 1.407203 0.201261 0.877774 -0.434680 -0.007767
1341848044.641741 -1.704073 1.524576 1.395929 0.215142 0.873566 -0.436280 -0.015990
1341848044.705966 -1.703262 1.509698 1.405191 0.224854 0.873510 -0.431498 -0.015201
1341848044.771011 -1.686897 1.498190 1.404996 0.235830 0.870201 -0.432149 -0.019527
1341848044.834852 -1.676296 1.491202 1.400213 0.240301 0.868548 -0.432861 -0.022620
1341848044.870686 -1.664263 1.482448 1.407964 0.246098 0.867304 -0.431955 -0.025194
1341848044.970797 -1.640256 1.472402 1.410350 0.256966 0.863936 -0.432487 -0.023205
1341848045.070849 -1.625423 1.461827 1.404158 0.259031 0.865341 -0.428593 -0.019910
1341848045.170759 -1.602841 1.442382 1.395536 0.262693 0.865378 -0.426001 -0.025211
1341848045.270833 -1.586826 1.421482 1.392781 0.263462 0.864895 -0.426224 -0.029617
1341848045.370799 -1.572320 1.398844 1.394918 0.263197 0.866509 -0.422876 -0.032639
1341848045.474692 -1.558479 1.375618 1.392044 0.259908 0.869271 -0.419516 -0.028656
1341848045.606920 -1.535511 1.344271 1.383285 0.256481 0.868502 -0.423219 -0.028399
1341848045.706968 -1.518296 1.313636 1.389726 0.251770 0.872236 -0.418322 -0.028701
1341848045.774776 -1.507538 1.297620 1.378260 0.248571 0.872934 -0.418897 -0.026913
1341848045.874777 -1.486854 1.275039 1.370335 0.242071 0.873800 -0.420915 -0.026573
1341848045.974768 -1.471319 1.249035 1.362509 0.232961 0.875134 -0.423609 -0.020636
1341848046.074722 -1.458247 1.233258 1.345016 0.219093 0.875707 -0.430109 -0.011888
1341848046.181848 -1.439101 1.217499 1.342727 0.207180 0.878950 -0.429339 -0.013831
1341848046.283599 -1.416199 1.206252 1.333216 0.196488 0.882161 -0.427835 -0.011901
1341848046.382309 -1.397023 1.196369 1.333381 0.185983 0.885994 -0.424630 -0.010712
1341848046.485848 -1.373994 1.194361 1.325571 0.179213 0.888202 -0.422908 -0.011303
1341848046.586076 -1.341931 1.189461 1.318707 0.172295 0.889324 -0.423349 -0.013916
1341848046.685899 -1.317075 1.194841 1.315972 0.166697 0.888697 -0.427013 -0.009497
1341848046.778736 -1.293638 1.205019 1.318617 0.161526 0.888430 -0.429608 -0.006186
1341848046.878793 -1.270794 1.218925 1.311569 0.159020 0.887017 -0.433459 -0.005078
1341848046.982780 -1.248986 1.232786 1.310154 0.157624 0.886812 -0.434407 -0.003106
1341848047.089866 -1.215122 1.245462 1.301664 0.157279 0.885992 -0.436173 -0.005837
1341848047.214887 -1.184929 1.261240 1.302003 0.150950 0.888689 -0.432932 -0.003900
1341848047.282779 -1.173546 1.267116 1.311473 0.146688 0.891723 -0.428145 0.002374
1341848047.383038 -1.140978 1.278335 1.314772 0.141295 0.891844 -0.429688 0.004275
1341848047.482648 -1.117503 1.294089 1.320075 0.132450 0.891064 -0.434011 0.009841
1341848047.582955 -1.098365 1.300795 1.324365 0.124355 0.891972 -0.434372 0.015583
1341848047.689728 -1.067168 1.307519 1.324360 0.121443 0.890155 -0.438866 0.016497
1341848047.786695 -1.037721 1.311027 1.329960 0.121005 0.891429 -0.436449 0.014987
1341848047.886853 -1.017686 1.313185 1.337147 0.117395 0.892949 -0.434368 0.013619
1341848047.986771 -0.994208 1.316354 1.336748 0.117723 0.891766 -0.436713 0.013256
1341848048.086776 -0.967222 1.319841 1.339528 0.118085 0.890765 -0.438711 0.011231
1341848048.186720 -0.943320 1.319158 1.345389 0.120850 0.890756 -0.438042 0.008214
1341848048.286640 -0.919483 1.320114 1.346740 0.125951 0.887524 -0.443188 0.004694
1341848048.386709 -0.892371 1.320526 1.353542 0.129368 0.886665 -0.443941 -0.002184
1341848048.490668 -0.869960 1.326481 1.360964 0.131096 0.884512 -0.447679 -0.005970
1341848048.590630 -0.842933 1.325801 1.369959 0.133758 0.881498 -0.452744 -0.009652
1341848048.690791 -0.822744 1.329432 1.375791 0.136066 0.877132 -0.460468 -0.009686
1341848048.791156 -0.809330 1.336095 1.378507 0.138209 0.872895 -0.467857 -0.007960
1341848048.891041 -0.788538 1.337693 1.386492 0.135763 0.869693 -0.474446 -0.010143
1341848048.990810 -0.759849 1.338964 1.398896 0.130958 0.866456 -0.481608 -0.012570
1341848049.090709 -0.735967 1.348886 1.405831 0.124078 0.861409 -0.492268 -0.015876
1341848049.194708 -0.720564 1.354299 1.415732 0.119475 0.859695 -0.496430 -0.014426
1341848049.294747 -0.698126 1.364473 1.416900 0.115827 0.858202 -0.499871 -0.014216
1341848049.394779 -0.670648 1.370148 1.420857 0.119641 0.857373 -0.500381 -0.014708
1341848049.494728 -0.642826 1.381631 1.425843 0.126782 0.854460 -0.503547 -0.016285
1341848049.594759 -0.612260 1.398246 1.425584 0.131245 0.852092 -0.506364 -0.017568
1341848049.695064 -0.583987 1.411071 1.427098 0.131136 0.852266 -0.506095 -0.017712
1341848049.794722 -0.556290 1.427245 1.430007 0.124797 0.854347 -0.504328 -0.013047
1341848049.930835 -0.514116 1.443002 1.430801 0.117289 0.855863 -0.503640 -0.009382
1341848049.998757 -0.498425 1.455995 1.431256 0.112655 0.856441 -0.503785 -0.004195
1341848050.098678 -0.469720 1.464481 1.427568 0.105505 0.856374 -0.505458 -0.001914
1341848050.198726 -0.447327 1.472041 1.427168 0.095439 0.858355 -0.504101 0.000982
1341848050.298842 -0.426432 1.476414 1.428180 0.083048 0.860644 -0.502368 0.004595
1341848050.398693 -0.396508 1.481862 1.426658 0.072778 0.861598 -0.502302 0.006704
1341848050.498791 -0.375408 1.481679 1.431864 0.059054 0.863340 -0.501058 0.009853
1341848050.598790 -0.351923 1.489683 1.422812 0.049411 0.861024 -0.505917 0.015623
1341848050.702846 -0.326479 1.488617 1.433099 0.037192 0.862124 -0.504993 0.018500
1341848050.802875 -0.299969 1.488003 1.433027 0.028856 0.861905 -0.505546 0.026642
1341848050.902725 -0.277521 1.488317 1.437307 0.015682 0.862372 -0.504961 0.032897
1341848051.002763 -0.251915 1.491905 1.437633 0.004617 0.860452 -0.508247 0.035851
1341848051.102734 -0.229221 1.494328 1.438152 -0.003576 0.858457 -0.511253 0.040739
1341848051.238747 -0.209795 1.497906 1.442252 -0.012673 0.856334 -0.513790 0.050504
1341848051.302718 -0.196894 1.500904 1.443843 -0.018404 0.852635 -0.519830 0.049516
1341848051.406688 -0.187800 1.506438 1.449179 -0.027586 0.848255 -0.525991 0.055091
1341848051.506718 -0.180287 1.511567 1.447461 -0.039840 0.844909 -0.530026 0.060116
1341848051.606760 -0.178745 1.514381 1.439845 -0.063097 0.837649 -0.538748 0.064137
1341848051.706714 -0.170987 1.522205 1.438053 -0.084534 0.831132 -0.545042 0.070725
1341848051.806694 -0.171917 1.531176 1.434025 -0.108398 0.825924 -0.547985 0.076240
1341848051.906707 -0.170144 1.547569 1.431640 -0.129273 0.821108 -0.551517 0.069999
1341848052.006755 -0.177628 1.559980 1.425033 -0.142806 0.822071 -0.547176 0.066367
1341848052.143014 -0.193708 1.566580 1.424562 -0.150325 0.822114 -0.546391 0.054672
1341848052.178064 -0.201786 1.578185 1.419773 -0.153437 0.820574 -0.548136 0.051601
1341848052.311125 -0.220672 1.591474 1.419761 -0.159567 0.824282 -0.541933 0.037492
1341848052.379476 -0.230169 1.601300 1.420672 -0.161529 0.823615 -0.542841 0.029846
1341848052.481496 -0.246377 1.610804 1.422579 -0.162319 0.823791 -0.542630 0.023933
1341848052.579155 -0.264670 1.629851 1.421514 -0.164364 0.822290 -0.544552 0.016911
1341848052.678720 -0.284035 1.643845 1.421827 -0.174584 0.819658 -0.545576 0.005280
1341848052.778710 -0.306514 1.667539 1.423524 -0.171417 0.822499 -0.542290 0.005728
1341848052.878813 -0.331918 1.682143 1.424907 -0.172007 0.820801 -0.544668 -0.005938
1341848052.978684 -0.347277 1.698673 1.432347 -0.163939 0.823836 -0.542373 -0.015820
1341848053.082651 -0.373410 1.717972 1.431049 -0.153134 0.823983 -0.545053 -0.022816
1341848053.183210 -0.390912 1.733887 1.435276 -0.137723 0.826917 -0.544196 -0.033050
1341848053.289822 -0.407051 1.741158 1.441931 -0.126488 0.827375 -0.545635 -0.041648
1341848053.386096 -0.424087 1.755063 1.450268 -0.109715 0.829262 -0.546016 -0.046412
1341848053.485736 -0.441402 1.774113 1.447642 -0.090715 0.830795 -0.546947 -0.048986
1341848053.589737 -0.451168 1.788002 1.440026 -0.071851 0.832424 -0.546609 -0.055926
1341848053.689724 -0.469872 1.801165 1.441988 -0.048327 0.838962 -0.538747 -0.059665
1341848053.789882 -0.471472 1.808937 1.445504 -0.023667 0.842137 -0.534205 -0.069792
1341848053.889790 -0.476970 1.817932 1.447992 0.003356 0.842228 -0.533815 -0.075383
1341848053.986823 -0.474184 1.827620 1.457929 0.024459 0.839369 -0.537372 -0.078056
1341848054.086777 -0.472414 1.850263 1.460328 0.047523 0.838461 -0.538921 -0.065487
1341848054.186687 -0.463353 1.863927 1.470832 0.062033 0.841237 -0.534066 -0.056977
1341848054.286801 -0.458037 1.889543 1.472385 0.064173 0.837403 -0.539498 -0.059827
1341848054.387103 -0.443034 1.904717 1.491827 0.069461 0.844255 -0.527716 -0.062651
1341848054.486883 -0.428626 1.921068 1.487656 0.073782 0.845746 -0.525054 -0.059908
1341848054.590790 -0.421984 1.934921 1.505952 0.080616 0.846139 -0.523249 -0.061326
1341848054.691021 -0.424320 1.952525 1.518855 0.087160 0.847571 -0.519869 -0.061346
1341848054.790887 -0.418606 1.969109 1.526057 0.093930 0.843884 -0.523888 -0.067659
1341848054.890895 -0.420481 1.989252 1.534387 0.109180 0.840831 -0.526144 -0.065237
1341848054.991052 -0.416294 2.009928 1.542722 0.121753 0.837251 -0.529015 -0.065802
1341848055.090735 -0.408423 2.037128 1.539801 0.131377 0.830832 -0.536367 -0.069049
1341848055.190986 -0.399474 2.065682 1.557239 0.140570 0.828836 -0.536809 -0.071468
1341848055.294725 -0.379092 2.103836 1.555644 0.147891 0.825176 -0.540615 -0.070344
1341848055.394711 -0.367236 2.143925 1.558354 0.148927 0.823260 -0.542845 -0.073365
1341848055.494734 -0.342448 2.175106 1.556472 0.153771 0.821549 -0.543297 -0.078997
1341848055.594685 -0.326344 2.208425 1.564711 0.157676 0.820503 -0.542812 -0.085255
1341848055.694797 -0.307260 2.232619 1.565354 0.162814 0.820027 -0.541292 -0.089727
1341848055.794951 -0.287991 2.249093 1.567987 0.175817 0.818999 -0.537766 -0.095591
1341848055.894792 -0.272232 2.257024 1.573638 0.188771 0.814601 -0.539331 -0.099558
1341848055.994709 -0.245794 2.273350 1.565658 0.196488 0.810591 -0.542355 -0.100927
1341848056.098792 -0.216792 2.274905 1.564978 0.201841 0.810482 -0.540526 -0.101045
1341848056.198744 -0.178058 2.270962 1.559142 0.205131 0.807916 -0.543056 -0.101409
1341848056.298771 -0.132099 2.274402 1.565318 0.203740 0.809152 -0.542334 -0.098168
1341848056.398744 -0.076118 2.277936 1.565596 0.204623 0.809847 -0.541721 -0.093892
1341848056.498895 -0.026083 2.271139 1.562683 0.211996 0.816843 -0.530490 -0.080037
1341848056.598948 0.024020 2.257176 1.548894 0.215475 0.817891 -0.527896 -0.077148
1341848056.698889 0.068475 2.243658 1.556399 0.214517 0.822739 -0.522047 -0.067452
1341848056.802861 0.103077 2.237733 1.552474 0.206591 0.826262 -0.519990 -0.064971
1341848056.902748 0.127050 2.227802 1.563995 0.202544 0.829140 -0.517209 -0.063230
1341848057.002703 0.150567 2.227527 1.568024 0.202139 0.830707 -0.514401 -0.066763
1341848057.102757 0.181367 2.220160 1.562988 0.202748 0.831996 -0.511248 -0.072813
1341848057.202641 0.216485 2.213768 1.553802 0.202572 0.833695 -0.507884 -0.077267
1341848057.302860 0.253829 2.207726 1.548100 0.205070 0.836888 -0.501074 -0.080555
1341848057.402722 0.292010 2.202653 1.540355 0.209632 0.839086 -0.494823 -0.084496
1341848057.506720 0.332837 2.198394 1.534054 0.219980 0.838498 -0.490730 -0.087828
1341848057.606668 0.375842 2.198959 1.537306 0.230486 0.840863 -0.481981 -0.086720
1341848057.706823 0.418786 2.192848 1.534556 0.245577 0.838965 -0.476634 -0.093005
1341848057.806842 0.462272 2.187994 1.531373 0.258155 0.836167 -0.474664 -0.094206
1341848057.906831 0.501604 2.183485 1.530730 0.265633 0.832715 -0.476909 -0.092644
1341848058.006833 0.532176 2.179864 1.529108 0.267147 0.833365 -0.476135 -0.086207
1341848058.106790 0.573919 2.169741 1.536166 0.262448 0.832934 -0.480156 -0.082411
1341848058.207081 0.614899 2.157831 1.539696 0.253837 0.832665 -0.485541 -0.080540
1341848058.310701 0.650485 2.133319 1.528659 0.249115 0.829403 -0.492925 -0.084008
1341848058.410669 0.684360 2.127412 1.531946 0.248955 0.827889 -0.495435 -0.084652
1341848058.542970 0.718336 2.100188 1.532737 0.260401 0.822762 -0.498095 -0.084589
1341848058.610842 0.728507 2.083882 1.536746 0.268372 0.821132 -0.496731 -0.083534
1341848058.710728 0.743103 2.067873 1.546487 0.271421 0.818847 -0.497577 -0.090763
1341848058.810874 0.768787 2.054997 1.534041 0.276587 0.817205 -0.497265 -0.091667
1341848058.946807 0.782205 2.033546 1.538615 0.287292 0.815307 -0.493754 -0.094577
1341848059.014660 0.793789 2.017114 1.536733 0.292682 0.811198 -0.496538 -0.098720
1341848059.114675 0.794801 2.012826 1.544073 0.296139 0.809754 -0.495208 -0.106628
1341848059.214738 0.798664 2.002980 1.541589 0.300086 0.808115 -0.493529 -0.115446
1341848059.314667 0.798617 2.004594 1.538702 0.307812 0.801360 -0.497985 -0.122822
1341848059.414736 0.797109 2.001642 1.539395 0.315491 0.796803 -0.499663 -0.126122
1341848059.514652 0.799858 2.008726 1.530426 0.321334 0.792378 -0.501354 -0.132385
1341848059.614734 0.804685 2.005875 1.535456 0.326511 0.788823 -0.502473 -0.136639
1341848059.718703 0.808141 2.008316 1.535288 0.326958 0.787347 -0.503674 -0.139625
1341848059.818759 0.816685 2.008953 1.540174 0.326598 0.787066 -0.503357 -0.143150
1341848059.918755 0.822161 2.008895 1.533198 0.324031 0.783082 -0.510617 -0.145107
1341848060.018660 0.826797 2.004426 1.544404 0.321793 0.781434 -0.514026 -0.146925
1341848060.118813 0.828807 2.018148 1.542317 0.314400 0.776801 -0.524671 -0.149845
1341848060.218851 0.829927 2.018492 1.538485 0.310299 0.774866 -0.528250 -0.155721
1341848060.318914 0.827864 2.022902 1.533445 0.308455 0.774270 -0.528606 -0.161052
1341848060.418639 0.828040 2.024062 1.524159 0.304800 0.773997 -0.529173 -0.167336
1341848060.522925 0.821094 2.020485 1.523954 0.299516 0.773745 -0.529925 -0.175463
1341848060.622697 0.812042 2.028101 1.520562 0.297665 0.771663 -0.531911 -0.181665
1341848060.723165 0.801714 2.040080 1.522490 0.296471 0.770642 -0.533987 -0.181863
1341848060.823967 0.794854 2.039979 1.519251 0.294054 0.769223 -0.539449 -0.175562
1341848060.923126 0.780774 2.045226 1.521913 0.289910 0.768741 -0.544712 -0.168160
1341848061.030587 0.767724 2.037740 1.526733 0.288109 0.768042 -0.548139 -0.163241
1341848061.100583 0.752529 2.035630 1.534443 0.285966 0.768588 -0.548462 -0.163359
1341848061.259408 0.719534 2.039612 1.553320 0.282876 0.761093 -0.559997 -0.164686
1341848061.326612 0.712834 2.037237 1.553946 0.283653 0.756995 -0.564943 -0.165345
1341848061.426913 0.697443 2.038128 1.559263 0.285846 0.753904 -0.568021 -0.165147
1341848061.526736 0.683510 2.039554 1.559880 0.286917 0.751824 -0.569718 -0.166915
1341848061.626731 0.672586 2.039473 1.564630 0.288531 0.751670 -0.568689 -0.168327
1341848061.726726 0.663738 2.042375 1.565085 0.290657 0.751050 -0.567946 -0.169942
1341848061.826740 0.657260 2.041945 1.560528 0.291040 0.750816 -0.567194 -0.172809
1341848061.930667 0.653546 2.038598 1.561604 0.288832 0.753162 -0.564586 -0.174832
1341848062.030704 0.648597 2.033913 1.555801 0.285605 0.756025 -0.562810 -0.173497
1341848062.130773 0.636068 2.029594 1.554194 0.280917 0.759797 -0.561081 -0.170239
1341848062.230750 0.629555 2.019196 1.550981 0.270849 0.763364 -0.560535 -0.172383
1341848062.330839 0.620351 2.017880 1.550400 0.265272 0.768190 -0.558347 -0.166627
1341848062.430832 0.616649 2.016686 1.546236 0.262618 0.768680 -0.560517 -0.161193
1341848062.530743 0.607401 2.015876 1.544673 0.261910 0.769377 -0.562268 -0.152701
1341848062.630793 0.598110 2.022318 1.543546 0.262267 0.770365 -0.563100 -0.143777
1341848062.734924 0.579137 2.028674 1.543738 0.259369 0.770142 -0.565625 -0.140278
1341848062.834828 0.565144 2.032661 1.544892 0.256568 0.771626 -0.566092 -0.135302
1341848062.934962 0.546218 2.035102 1.547363 0.247448 0.775194 -0.565658 -0.133700
1341848063.034972 0.525497 2.037604 1.548149 0.239328 0.778966 -0.564573 -0.131116
1341848063.135045 0.502290 2.046845 1.550467 0.233366 0.779782 -0.566933 -0.126755
1341848063.234990 0.476841 2.054113 1.554117 0.226148 0.782101 -0.567604 -0.122478
1341848063.334854 0.453842 2.059144 1.549573 0.218430 0.784164 -0.567627 -0.123184
1341848063.439276 0.431837 2.062298 1.552752 0.212400 0.789116 -0.562250 -0.126715
1341848063.541802 0.411890 2.052966 1.551398 0.211069 0.793229 -0.556481 -0.128710
1341848063.609732 0.395964 2.060574 1.543052 0.212905 0.794554 -0.554733 -0.125009
1341848063.709890 0.379027 2.060607 1.528264 0.212154 0.797609 -0.552061 -0.118491
1341848063.809840 0.356448 2.052188 1.531153 0.206083 0.802712 -0.547372 -0.116483
1341848063.913769 0.329632 2.030519 1.536406 0.201521 0.805256 -0.545171 -0.117224
1341848064.013951 0.305107 2.020117 1.532333 0.198706 0.802441 -0.550982 -0.114120
1341848064.113685 0.271375 2.006940 1.541013 0.193445 0.803610 -0.551203 -0.113866
1341848064.213863 0.239816 1.986406 1.540792 0.195317 0.803755 -0.551217 -0.109497
1341848064.313795 0.200880 1.968434 1.541862 0.195657 0.802708 -0.552005 -0.112561
1341848064.418063 0.155397 1.960955 1.539201 0.197170 0.802029 -0.551863 -0.115411
1341848064.518010 0.109039 1.943627 1.549839 0.191970 0.804180 -0.548952 -0.122854
1341848064.617693 0.076932 1.938051 1.556787 0.193300 0.801546 -0.553059 -0.119520
1341848064.685821 0.060494 1.933862 1.547554 0.195758 0.799485 -0.556117 -0.115048
1341848064.749892 0.036315 1.940722 1.552561 0.192261 0.801437 -0.554646 -0.114464
1341848064.810737 0.025455 1.939899 1.549385 0.189482 0.800955 -0.556723 -0.112372
1341848064.910832 0.004052 1.941743 1.547539 0.190106 0.801041 -0.557883 -0.104688
1341848065.010770 -0.021970 1.945037 1.553504 0.191082 0.801893 -0.557489 -0.098291
1341848065.110686 -0.049878 1.949494 1.545959 0.191814 0.801830 -0.558650 -0.090475
1341848065.214760 -0.073863 1.953628 1.548145 0.188886 0.800264 -0.562055 -0.089409
1341848065.314761 -0.098475 1.959260 1.546741 0.182656 0.801437 -0.562601 -0.088404
1341848065.414914 -0.124572 1.965535 1.547723 0.176662 0.801939 -0.563859 -0.088024
1341848065.514745 -0.154138 1.970025 1.548430 0.171537 0.800509 -0.567431 -0.088214
1341848065.614763 -0.175709 1.973436 1.553050 0.165985 0.800387 -0.569171 -0.088740
1341848065.714808 -0.198627 1.982695 1.552617 0.158408 0.801385 -0.570528 -0.084772
1341848065.814742 -0.209955 1.984298 1.547505 0.147625 0.805284 -0.568322 -0.082061
1341848065.918698 -0.214518 1.989503 1.540694 0.134909 0.810650 -0.564994 -0.073673
1341848066.018773 -0.231869 1.998350 1.538396 0.118615 0.817221 -0.560288 -0.064479
1341848066.118721 -0.246780 1.999666 1.533968 0.109192 0.821661 -0.556431 -0.057746
1341848066.218688 -0.263431 1.997990 1.536202 0.103328 0.825777 -0.552113 -0.050858
1341848066.318695 -0.282239 1.989032 1.542816 0.097997 0.828253 -0.549452 -0.049956
1341848066.418820 -0.309679 1.981474 1.538882 0.095262 0.826138 -0.553325 -0.047458
1341848066.522806 -0.336663 1.976686 1.538807 0.086973 0.826237 -0.554830 -0.043960
1341848066.623500 -0.359057 1.966496 1.539779 0.075733 0.826318 -0.556017 -0.048043
1341848066.732527 -0.385163 1.952475 1.543555 0.066911 0.825341 -0.558324 -0.051086
1341848066.833355 -0.410569 1.940272 1.538013 0.058083 0.821796 -0.564030 -0.056106
1341848066.930221 -0.434742 1.935157 1.537216 0.052256 0.822425 -0.563765 -0.055274
1341848067.054702 -0.466834 1.933513 1.535680 0.044117 0.823391 -0.562918 -0.056605
1341848067.122963 -0.471965 1.923182 1.542596 0.041533 0.823563 -0.562500 -0.060104
1341848067.222948 -0.489729 1.928055 1.542621 0.041443 0.821088 -0.566475 -0.056598
1341848067.322816 -0.503585 1.929985 1.542317 0.047236 0.820189 -0.567710 -0.052575
1341848067.426869 -0.517323 1.932969 1.542049 0.054670 0.819830 -0.567802 -0.049911
1341848067.526659 -0.532656 1.938319 1.538016 0.062545 0.820370 -0.566368 -0.048038
1341848067.626656 -0.537881 1.941259 1.545169 0.063717 0.820946 -0.564772 -0.054951
1341848067.726732 -0.549402 1.948160 1.550700 0.067963 0.817537 -0.569112 -0.055915
1341848067.826795 -0.561341 1.959226 1.552466 0.074116 0.814212 -0.573144 -0.055419
