#timestamp x y z qx qy qz qw
1341847981.826678 -0.570609 2.737897 1.696885 0.013334 0.850209 -0.525610 -0.026469
1341847981.862719 -0.560069 2.742242 1.688269 0.013692 0.849690 -0.526396 -0.027341
1341847982.027112 -0.530672 2.736560 1.699822 0.012157 0.853203 -0.520652 -0.028604
1341847982.094786 -0.526921 2.743314 1.696083 0.009356 0.851499 -0.523480 -0.028830
1341847982.194674 -0.518854 2.746121 1.700218 0.008553 0.850190 -0.525798 -0.025286
1341847982.294994 -0.506692 2.740213 1.703229 0.011206 0.850336 -0.525119 -0.032457
1341847982.330655 -0.492309 2.732274 1.694373 0.014674 0.848650 -0.527594 -0.034951
1341847982.398909 -0.490913 2.736292 1.714336 0.017112 0.847899 -0.529125 -0.028324
1341847982.462624 -0.492230 2.739225 1.716133 0.019752 0.846868 -0.530600 -0.029811
1341847982.498616 -0.484024 2.743049 1.708329 0.022008 0.846009 -0.531726 -0.032415
1341847982.566660 -0.483331 2.742660 1.717471 0.024685 0.848211 -0.528028 -0.033404
1341847982.598726 -0.476973 2.737829 1.714572 0.027242 0.849454 -0.525713 -0.036228
1341847982.666620 -0.465630 2.732729 1.717105 0.031563 0.850642 -0.523264 -0.040093
1341847982.698638 -0.454585 2.735383 1.713367 0.033702 0.850759 -0.522609 -0.044193
1341847982.766706 -0.438485 2.722681 1.715715 0.038179 0.851228 -0.521035 -0.049753
1341847982.798737 -0.437113 2.725327 1.706276 0.040277 0.850120 -0.522710 -0.049483
1341847982.866670 -0.396337 2.709817 1.714002 0.044292 0.849095 -0.523509 -0.054902
1341847982.898700 -0.392693 2.721154 1.710049 0.045610 0.847364 -0.526463 -0.052255
1341847982.998783 -0.364420 2.727211 1.698754 0.046407 0.847923 -0.525731 -0.049792
1341847983.102757 -0.342221 2.717136 1.704827 0.047361 0.850885 -0.520856 -0.049611
1341847983.202653 -0.307421 2.718643 1.705049 0.049718 0.849761 -0.522733 -0.046742
1341847983.302701 -0.281659 2.715498 1.706728 0.051106 0.852878 -0.517337 -0.048477
1341847983.402670 -0.232089 2.708066 1.696281 0.056352 0.851264 -0.518474 -0.057951
1341847983.502767 -0.221905 2.707244 1.705154 0.055259 0.852104 -0.517368 -0.056539
1341847983.602741 -0.190341 2.701180 1.709331 0.056919 0.851931 -0.516608 -0.063962
1341847983.702857 -0.152375 2.710518 1.701924 0.060978 0.847103 -0.523779 -0.065985
1341847983.806672 -0.111007 2.708261 1.720064 0.063996 0.846818 -0.523935 -0.065542
1341847983.906692 -0.063732 2.720989 1.700726 0.068177 0.841854 -0.531848 -0.061413
1341847984.006722 -0.033024 2.730074 1.711139 0.068674 0.843977 -0.528227 -0.062956
1341847984.106759 0.005281 2.736775 1.691788 0.070302 0.846341 -0.523222 -0.070741
1341847984.206711 0.061471 2.722615 1.679713 0.070546 0.849698 -0.516430 -0.079601
1341847984.306662 0.098191 2.713666 1.673627 0.071216 0.852816 -0.511531 -0.077260
1341847984.406718 0.126608 2.697725 1.658636 0.072029 0.855465 -0.507710 -0.072262
1341847984.506747 0.154334 2.673448 1.646286 0.072633 0.856157 -0.506375 -0.072834
1341847984.610792 0.197185 2.630124 1.635422 0.078315 0.856065 -0.504605 -0.079959
1341847984.710651 0.220066 2.597943 1.620470 0.079696 0.852857 -0.510284 -0.076772
1341847984.810639 0.248017 2.557262 1.621523 0.082428 0.851300 -0.512363 -0.077317
1341847984.910613 0.265066 2.528566 1.612977 0.087036 0.847769 -0.517925 -0.073928
1341847985.010633 0.281101 2.491877 1.613342 0.091526 0.850572 -0.513372 -0.067818
1341847985.110771 0.290492 2.451533 1.611822 0.097921 0.852224 -0.508504 -0.074489
1341847985.210840 0.305721 2.405635 1.610187 0.105782 0.850943 -0.507992 -0.081550
1341847985.314648 0.318805 2.363870 1.618703 0.111297 0.849795 -0.507388 -0.089547
1341847985.414650 0.330213 2.332945 1.612922 0.115064 0.848912 -0.507140 -0.094434
1341847985.514673 0.340047 2.296964 1.617448 0.119382 0.848545 -0.506018 -0.098312
1341847985.614773 0.361383 2.245445 1.618663 0.127863 0.846838 -0.505300 -0.105776
1341847985.714719 0.373205 2.208704 1.611828 0.136889 0.841017 -0.512382 -0.106851
1341847985.814703 0.397619 2.166571 1.603877 0.148338 0.830888 -0.524843 -0.110275
1341847985.914968 0.409128 2.137893 1.630948 0.160493 0.830036 -0.523156 -0.107658
1341847986.018756 0.419485 2.106237 1.627550 0.169003 0.826644 -0.523835 -0.117023
1341847986.118719 0.430982 2.064732 1.641119 0.176233 0.827833 -0.518849 -0.120128
1341847986.218674 0.441540 2.028934 1.634420 0.184251 0.825494 -0.517550 -0.129433
1341847986.286733 0.446735 2.000603 1.635779 0.190969 0.822743 -0.518722 -0.132483
1341847986.394467 0.451501 1.967669 1.642271 0.199554 0.818835 -0.520396 -0.137386
1341847986.493735 0.458524 1.917413 1.639156 0.208390 0.817693 -0.516808 -0.144433
1341847986.593712 0.457676 1.878629 1.640440 0.212463 0.817940 -0.513455 -0.148988
1341847986.693739 0.465163 1.837766 1.627367 0.222424 0.813049 -0.516498 -0.150694
1341847986.793794 0.469362 1.802555 1.631337 0.231873 0.814757 -0.510755 -0.146748
1341847986.886746 0.472802 1.764772 1.621035 0.240586 0.814151 -0.507658 -0.146834
1341847986.990631 0.477330 1.723208 1.624910 0.247410 0.816517 -0.499968 -0.148732
1341847987.091223 0.480378 1.688793 1.618981 0.254757 0.816653 -0.495904 -0.149183
1341847987.190716 0.482939 1.655528 1.619145 0.259220 0.817051 -0.488817 -0.162144
1341847987.290653 0.488391 1.617541 1.615575 0.266846 0.816262 -0.482843 -0.171383
1341847987.390720 0.498399 1.577608 1.607365 0.271744 0.809629 -0.483492 -0.192075
1341847987.490754 0.513467 1.551602 1.591036 0.279779 0.797971 -0.492442 -0.206075
1341847987.590776 0.527499 1.525634 1.576040 0.291198 0.790613 -0.494430 -0.213711
1341847987.691638 0.540147 1.500785 1.555927 0.302337 0.785405 -0.495320 -0.215382
1341847987.794708 0.553844 1.475312 1.541221 0.311694 0.781692 -0.496935 -0.211802
1341847987.897796 0.566655 1.438880 1.529043 0.318312 0.779328 -0.497673 -0.208919
1341847987.997794 0.581310 1.409688 1.524899 0.315295 0.777740 -0.500784 -0.211955
1341847988.098165 0.595361 1.380370 1.521531 0.307021 0.775659 -0.504934 -0.221661
1341847988.201710 0.608601 1.366866 1.503394 0.308651 0.770405 -0.511555 -0.222534
1341847988.301776 0.613790 1.338590 1.498028 0.313324 0.770780 -0.507684 -0.223570
1341847988.401745 0.619461 1.319487 1.481641 0.322933 0.768027 -0.507964 -0.218682
1341847988.502496 0.626998 1.300860 1.479943 0.326988 0.766552 -0.506413 -0.221411
1341847988.569700 0.634301 1.296082 1.468194 0.332486 0.765327 -0.506985 -0.216088
1341847988.601796 0.637425 1.290337 1.471266 0.332536 0.767085 -0.503810 -0.217201
1341847988.669807 0.645593 1.279120 1.466590 0.332996 0.768418 -0.499305 -0.222129
1341847988.706192 0.649243 1.277013 1.463417 0.333939 0.768167 -0.498729 -0.222878
1341847988.769740 0.660178 1.266865 1.462072 0.340569 0.766138 -0.498087 -0.221258
1341847988.806051 0.665932 1.262940 1.466375 0.342339 0.765913 -0.497750 -0.220060
1341847988.873917 0.677043 1.258771 1.470716 0.345524 0.767078 -0.492625 -0.222544
1341847988.937824 0.693241 1.253684 1.468920 0.350988 0.764717 -0.491418 -0.224774
1341847988.998737 0.709059 1.244061 1.468208 0.357712 0.763796 -0.487959 -0.224841
1341847989.098821 0.731141 1.224162 1.474530 0.359894 0.765544 -0.482275 -0.227664
1341847989.202743 0.763686 1.212980 1.480573 0.360994 0.760693 -0.490260 -0.225111
1341847989.302773 0.794617 1.201603 1.492445 0.353162 0.763785 -0.491522 -0.224311
1341847989.402777 0.823286 1.186018 1.507807 0.340040 0.773576 -0.481101 -0.233442
1341847989.470712 0.847340 1.186300 1.512626 0.334868 0.774539 -0.481431 -0.237016
1341847989.502614 0.854041 1.182258 1.516055 0.334981 0.776370 -0.477677 -0.238456
1341847989.602804 0.875503 1.168357 1.528227 0.335840 0.778471 -0.472451 -0.240798
1341847989.702606 0.900361 1.163487 1.531013 0.336345 0.776541 -0.470823 -0.249365
1341847989.802890 0.928690 1.158430 1.532902 0.338206 0.776258 -0.466707 -0.255389
1341847989.902718 0.961031 1.151571 1.536932 0.340028 0.773896 -0.465774 -0.261765
1341847990.006923 0.994123 1.143224 1.542200 0.343971 0.771979 -0.467466 -0.259245
1341847990.106701 1.032850 1.138680 1.545801 0.344758 0.770077 -0.468584 -0.261825
1341847990.207022 1.069457 1.131176 1.546587 0.346815 0.766712 -0.474185 -0.258884
1341847990.306743 1.106747 1.126103 1.552424 0.347044 0.766331 -0.476089 -0.256196
1341847990.374663 1.126421 1.118463 1.552527 0.347539 0.766640 -0.475228 -0.256200
1341847990.406760 1.139190 1.118059 1.553555 0.346803 0.767199 -0.475288 -0.255413
1341847990.506783 1.166266 1.109397 1.553096 0.348605 0.768527 -0.472611 -0.253931
1341847990.642783 1.198402 1.098700 1.551872 0.356969 0.767213 -0.469168 -0.252664
1341847990.710795 1.217275 1.094168 1.549860 0.363018 0.764171 -0.470016 -0.251686
1341847990.774671 1.228458 1.083354 1.550594 0.369770 0.763126 -0.468200 -0.248392
1341847990.810771 1.238448 1.080941 1.552349 0.371111 0.761389 -0.469047 -0.250116
1341847990.910825 1.260065 1.070202 1.553014 0.376090 0.759588 -0.466180 -0.253492
1341847991.010797 1.277486 1.055593 1.554970 0.380036 0.757533 -0.463051 -0.259423
1341847991.111319 1.294298 1.041005 1.556889 0.386862 0.753193 -0.463530 -0.261109
1341847991.210687 1.312333 1.018629 1.557443 0.391716 0.749371 -0.462957 -0.265842
1341847991.310807 1.334548 0.995731 1.555795 0.396491 0.744542 -0.463985 -0.270499
1341847991.414715 1.357200 0.974132 1.555061 0.407898 0.741995 -0.463809 -0.260660
1341847991.514709 1.370651 0.951487 1.552924 0.414379 0.740594 -0.457349 -0.265787
1341847991.614853 1.386103 0.936062 1.556445 0.427688 0.734822 -0.455729 -0.263498
1341847991.746823 1.399887 0.917459 1.566131 0.444605 0.723588 -0.452436 -0.272120
1341847991.814748 1.402702 0.905008 1.571297 0.450835 0.721059 -0.448141 -0.275665
1341847991.915817 1.416453 0.887857 1.575349 0.457629 0.714736 -0.446121 -0.284084
1341847992.014724 1.426250 0.866198 1.582631 0.460100 0.712474 -0.441468 -0.292908
1341847992.114842 1.441155 0.848050 1.583326 0.462297 0.710674 -0.438855 -0.297710
1341847992.218736 1.458374 0.821142 1.582396 0.467321 0.706516 -0.437460 -0.301788
1341847992.318683 1.478731 0.795620 1.583405 0.473487 0.700492 -0.434748 -0.310024
1341847992.418855 1.500984 0.771388 1.586225 0.482930 0.693434 -0.433602 -0.312917
1341847992.518735 1.527778 0.749353 1.587104 0.492688 0.686108 -0.433433 -0.314086
1341847992.618832 1.555517 0.724720 1.589086 0.497106 0.683846 -0.429873 -0.316938
1341847992.718718 1.573960 0.693649 1.588331 0.500523 0.681830 -0.426732 -0.320132
1341847992.818723 1.599199 0.673881 1.588002 0.503168 0.679619 -0.426288 -0.321276
1341847992.922713 1.616608 0.649624 1.588214 0.507073 0.679316 -0.419984 -0.324069
1341847993.022736 1.629199 0.625307 1.585813 0.511104 0.676010 -0.418316 -0.326795
1341847993.122668 1.641959 0.602191 1.585713 0.513674 0.675989 -0.413128 -0.329399
1341847993.222703 1.646585 0.571789 1.581593 0.518650 0.670931 -0.410891 -0.334697
1341847993.322794 1.653355 0.542180 1.585859 0.524080 0.664435 -0.413364 -0.336151
1341847993.422745 1.660548 0.509550 1.583189 0.529309 0.659551 -0.409539 -0.342202
1341847993.522707 1.673923 0.481584 1.581382 0.537084 0.651749 -0.410823 -0.343494
1341847993.626764 1.682796 0.447172 1.577349 0.545164 0.649107 -0.407423 -0.339798
1341847993.727062 1.678318 0.410803 1.574646 0.549804 0.652719 -0.396526 -0.338291
1341847993.826735 1.686295 0.378752 1.572641 0.553225 0.649967 -0.391535 -0.343779
1341847993.933661 1.685750 0.346210 1.576459 0.555311 0.649758 -0.386316 -0.346705
1341847994.034008 1.683884 0.318319 1.583054 0.556743 0.648061 -0.380447 -0.353998
1341847994.133885 1.690111 0.294353 1.590668 0.559820 0.642226 -0.380861 -0.359294
1341847994.233618 1.689884 0.261695 1.593844 0.566669 0.632445 -0.383874 -0.362685
1341847994.333755 1.702771 0.233867 1.597532 0.570036 0.624961 -0.384925 -0.369210
1341847994.433802 1.717452 0.200858 1.602752 0.573891 0.616900 -0.388384 -0.373150
1341847994.537738 1.732931 0.162637 1.604612 0.578938 0.609937 -0.390046 -0.375064
1341847994.637836 1.748950 0.126738 1.601409 0.586140 0.604407 -0.387400 -0.375571
1341847994.769803 1.761759 0.077813 1.600174 0.593032 0.599472 -0.380910 -0.379281
1341847994.831306 1.785707 0.058819 1.595076 0.599088 0.597150 -0.373938 -0.380363
1341847994.930711 1.788881 0.026677 1.592774 0.604967 0.596576 -0.366687 -0.379016
1341847995.030768 1.790707 -0.002246 1.591923 0.613510 0.588678 -0.361636 -0.382470
1341847995.134939 1.790328 -0.029347 1.592188 0.620883 0.578736 -0.358270 -0.388860
1341847995.234663 1.793636 -0.055506 1.592921 0.625720 0.570721 -0.356486 -0.394551
1341847995.334686 1.799019 -0.077717 1.596253 0.629877 0.563863 -0.356229 -0.398012
1341847995.434743 1.799270 -0.105875 1.595173 0.632253 0.561376 -0.351807 -0.401679
1341847995.534752 1.793464 -0.136471 1.593282 0.635251 0.556567 -0.353115 -0.402492
1341847995.634814 1.795625 -0.160906 1.590066 0.643581 0.551884 -0.355546 -0.393465
1341847995.734774 1.782310 -0.184162 1.585003 0.651234 0.548960 -0.349305 -0.390542
1341847995.838779 1.775277 -0.206248 1.584829 0.655068 0.545684 -0.346841 -0.390918
1341847995.938733 1.771253 -0.223500 1.584505 0.657297 0.543674 -0.342230 -0.394027
1341847996.038762 1.770073 -0.234805 1.585369 0.660345 0.538772 -0.338402 -0.398940
1341847996.138845 1.770936 -0.246633 1.592304 0.662362 0.533085 -0.336840 -0.404520
1341847996.239003 1.774311 -0.258485 1.591915 0.664456 0.526230 -0.334366 -0.412042
1341847996.338944 1.776739 -0.271554 1.589630 0.668573 0.520271 -0.332855 -0.414169
1341847996.438632 1.781015 -0.287875 1.590940 0.674634 0.511566 -0.330246 -0.417261
1341847996.538771 1.781654 -0.306450 1.590474 0.678167 0.504061 -0.330303 -0.420609
1341847996.642752 1.795791 -0.329394 1.585639 0.682238 0.500386 -0.327495 -0.420609
1341847996.742663 1.799521 -0.350585 1.577756 0.687426 0.498330 -0.315386 -0.423845
1341847996.842763 1.796198 -0.375028 1.574656 0.695116 0.491994 -0.307641 -0.424396
1341847996.942686 1.798783 -0.408135 1.570413 0.698725 0.485894 -0.309631 -0.424051
1341847997.042675 1.804890 -0.442623 1.574044 0.699093 0.482286 -0.311816 -0.425957
1341847997.142993 1.811721 -0.480384 1.572129 0.697629 0.482144 -0.311480 -0.428756
1341847997.242959 1.816694 -0.513686 1.570213 0.695712 0.484047 -0.310665 -0.430315
1341847997.346642 1.813623 -0.539438 1.572721 0.697252 0.483697 -0.307045 -0.430814
1341847997.446693 1.805225 -0.567280 1.578088 0.698814 0.477657 -0.304205 -0.436993
1341847997.546599 1.801698 -0.595319 1.582197 0.700935 0.470728 -0.299996 -0.443967
1341847997.646995 1.787947 -0.626548 1.585108 0.701423 0.465526 -0.294239 -0.452455
1341847997.746602 1.772093 -0.659123 1.586304 0.700243 0.460231 -0.295493 -0.458837
1341847997.846906 1.759507 -0.697348 1.591326 0.701547 0.452811 -0.296849 -0.463331
1341847997.946999 1.744205 -0.730294 1.592315 0.708237 0.443913 -0.298422 -0.460745
1341847998.050805 1.726948 -0.765100 1.596405 0.711394 0.439167 -0.299171 -0.459944
1341847998.122275 1.715875 -0.787834 1.595527 0.712813 0.438555 -0.302440 -0.456178
1341847998.253760 1.694623 -0.825830 1.596477 0.711985 0.444102 -0.298701 -0.454565
1341847998.318804 1.686262 -0.849988 1.599385 0.710196 0.446345 -0.299342 -0.454744
1341847998.419237 1.673714 -0.881640 1.595849 0.707523 0.452796 -0.298043 -0.453385
1341847998.550746 1.657411 -0.929249 1.593741 0.704309 0.463462 -0.291750 -0.451701
1341847998.650736 1.652210 -0.969785 1.589519 0.703497 0.466923 -0.287659 -0.452025
1341847998.750838 1.640854 -1.008661 1.585261 0.705596 0.465340 -0.286377 -0.451200
1341847998.854711 1.632541 -1.043765 1.578970 0.707214 0.463288 -0.282501 -0.453216
1341847998.954799 1.627990 -1.091335 1.572001 0.712410 0.460636 -0.280804 -0.448815
1341847999.054894 1.620157 -1.119330 1.568229 0.716275 0.459810 -0.279509 -0.444297
1341847999.122718 1.613688 -1.139932 1.563935 0.718124 0.461533 -0.276975 -0.441101
1341847999.222717 1.597057 -1.164581 1.557958 0.721083 0.455312 -0.271124 -0.446342
1341847999.322701 1.587072 -1.194519 1.561018 0.726568 0.439129 -0.272818 -0.452588
1341847999.423935 1.578396 -1.214344 1.560037 0.730192 0.427666 -0.275193 -0.456278
1341847999.522673 1.565702 -1.234799 1.563868 0.737782 0.408550 -0.271071 -0.463988
1341847999.622896 1.549749 -1.258632 1.560633 0.744324 0.393481 -0.267915 -0.468377
1341847999.722697 1.522526 -1.271860 1.561309 0.750099 0.381133 -0.263804 -0.471695
1341847999.826747 1.495874 -1.284139 1.561933 0.754822 0.368083 -0.261396 -0.475847
1341847999.958786 1.460288 -1.296645 1.551018 0.770306 0.345620 -0.253106 -0.472349
1341848000.026656 1.436923 -1.299344 1.549091 0.777972 0.336818 -0.248417 -0.468618
1341848000.126737 1.413175 -1.304456 1.541211 0.787234 0.326804 -0.237174 -0.466058
1341848000.227063 1.389437 -1.303412 1.538467 0.795650 0.318982 -0.226835 -0.462317
1341848000.327132 1.363573 -1.307081 1.534552 0.802872 0.310396 -0.218157 -0.459847
1341848000.426772 1.339406 -1.307400 1.529719 0.807847 0.304541 -0.213839 -0.457067
1341848000.530849 1.310335 -1.307922 1.525406 0.810629 0.298852 -0.207409 -0.458857
1341848000.630641 1.284377 -1.309254 1.523116 0.811627 0.290863 -0.204504 -0.463506
1341848000.730805 1.256970 -1.310082 1.527646 0.813556 0.280119 -0.200268 -0.468564
1341848000.830729 1.222503 -1.313581 1.528980 0.815903 0.266541 -0.200131 -0.472446
1341848000.930722 1.195647 -1.320539 1.530174 0.817838 0.254795 -0.199810 -0.475706
1341848001.030740 1.163956 -1.322938 1.532227 0.819617 0.247867 -0.198452 -0.476871
1341848001.130714 1.132038 -1.328841 1.531176 0.821885 0.238920 -0.198585 -0.477479
1341848001.266775 1.090627 -1.336102 1.525724 0.822549 0.234049 -0.184990 -0.484161
1341848001.334803 1.071280 -1.340418 1.518905 0.823226 0.227754 -0.177076 -0.488949
1341848001.434718 1.042895 -1.329464 1.515008 0.826543 0.217120 -0.165062 -0.492382
1341848001.534905 1.014670 -1.314101 1.508883 0.830535 0.205590 -0.150902 -0.495150
1341848001.634657 0.988453 -1.304293 1.501777 -0.833210 -0.187435 0.136179 0.502080
1341848001.734859 0.963169 -1.294848 1.499338 -0.834469 -0.174452 0.127764 0.506858
1341848001.802763 0.944988 -1.287042 1.502275 -0.835003 -0.164301 0.124768 0.510106
1341848001.834761 0.938925 -1.283338 1.500214 -0.836859 -0.159662 0.121204 0.509396
1341848001.902749 0.924519 -1.279206 1.499534 -0.837806 -0.153431 0.119217 0.510223
1341848001.934732 0.908878 -1.273281 1.501744 -0.840259 -0.147286 0.112726 0.509475
1341848002.002731 0.890736 -1.266167 1.505189 -0.842040 -0.136440 0.113765 0.509324
1341848002.038858 0.883120 -1.263835 1.504865 -0.843466 -0.131572 0.113636 0.508272
1341848002.102720 0.859380 -1.254934 1.508817 -0.844854 -0.122629 0.110081 0.508985
1341848002.138653 0.852059 -1.249375 1.511713 -0.845538 -0.122306 0.108467 0.508274
1341848002.202698 0.834527 -1.242190 1.508821 -0.847158 -0.112817 0.105041 0.508489
1341848002.238731 0.824521 -1.236284 1.510291 -0.847955 -0.110549 0.103377 0.508001
1341848002.306708 0.807513 -1.230682 1.506079 -0.849446 -0.107371 0.094629 0.507895
1341848002.338850 0.799953 -1.225180 1.503329 -0.850756 -0.104640 0.091737 0.506803
1341848002.406793 0.783788 -1.221223 1.497582 -0.853455 -0.096252 0.086951 0.504767
1341848002.438766 0.776398 -1.214089 1.498730 -0.853833 -0.094876 0.084632 0.504782
1341848002.506756 0.758101 -1.208029 1.489947 -0.855957 -0.089523 0.079701 0.502961
1341848002.538812 0.753390 -1.203048 1.490056 -0.856865 -0.088140 0.077286 0.502036
1341848002.606780 0.736895 -1.199118 1.481829 0.859595 0.084439 -0.072117 -0.498765
1341848002.639359 0.729788 -1.193268 1.481967 0.860528 0.085119 -0.068814 -0.497506
1341848002.713789 0.712162 -1.189607 1.469046 0.862508 0.083748 -0.065391 -0.494763
1341848002.774760 0.701231 -1.187661 1.467365 0.865145 0.085221 -0.061184 -0.490427
1341848002.842833 0.679431 -1.181360 1.457242 0.864954 0.080371 -0.063147 -0.491333
1341848002.906656 0.661307 -1.175399 1.451936 0.863873 0.080379 -0.066223 -0.492825
1341848002.943323 0.653111 -1.175448 1.449572 0.862371 0.083324 -0.070486 -0.494373
1341848003.010885 0.631737 -1.166548 1.449886 0.861870 0.091695 -0.069888 -0.493849
1341848003.042638 0.625915 -1.168975 1.449028 0.859668 0.091988 -0.072112 -0.497303
1341848003.110641 0.605441 -1.167116 1.448495 0.859563 0.097385 -0.070846 -0.496638
1341848003.142626 0.599943 -1.164569 1.447347 0.858538 0.098775 -0.070546 -0.498177
1341848003.242926 0.574785 -1.163702 1.442101 -0.857069 -0.102622 0.062298 0.501019
1341848003.310739 0.556497 -1.158465 1.439017 -0.856456 -0.108669 0.059324 0.501154
1341848003.342708 0.546966 -1.154864 1.433677 -0.855089 -0.111193 0.058383 0.503042
1341848003.442728 0.516999 -1.155236 1.426056 -0.851082 -0.124422 0.059456 0.506600
1341848003.546854 0.492083 -1.148340 1.417845 -0.848154 -0.143011 0.068230 0.505496
1341848003.649972 0.462653 -1.143682 1.417954 -0.845784 -0.156626 0.076990 0.504173
1341848003.753761 0.439968 -1.135304 1.413487 -0.840885 -0.174286 0.079897 0.506116
1341848003.853971 0.418042 -1.118248 1.405697 -0.838633 -0.187445 0.087244 0.503932
1341848003.953824 0.396538 -1.102512 1.401784 -0.836677 -0.198722 0.091286 0.502143
1341848004.021643 0.382300 -1.086733 1.401797 0.836230 0.203617 -0.096954 -0.499860
1341848004.053778 0.376507 -1.081874 1.396412 -0.834992 -0.206433 0.097630 0.500642
1341848004.121698 0.362182 -1.062819 1.398005 0.835890 0.211226 -0.103723 -0.495896
1341848004.153695 0.351956 -1.060217 1.395429 0.834609 0.214584 -0.104121 -0.496528
1341848004.221773 0.336144 -1.051146 1.388054 0.833144 0.220400 -0.108640 -0.495472
1341848004.257760 0.330589 -1.041412 1.386553 0.832274 0.226739 -0.110584 -0.493640
1341848004.321820 0.307307 -1.037603 1.386951 0.832268 0.234843 -0.110767 -0.489805
1341848004.357934 0.303488 -1.029412 1.380970 0.830063 0.242568 -0.115345 -0.488724
1341848004.421857 0.285933 -1.022055 1.373009 0.827259 0.255852 -0.115815 -0.486589
1341848004.457752 0.279434 -1.016818 1.368558 0.825825 0.262758 -0.117521 -0.484933
1341848004.525726 0.263448 -1.009467 1.362535 0.825453 0.273173 -0.119567 -0.479279
1341848004.557784 0.256214 -1.010365 1.361137 0.825353 0.277360 -0.120435 -0.476822
1341848004.625757 0.245781 -0.998721 1.352476 0.825727 0.286193 -0.124290 -0.469916
1341848004.657882 0.242505 -1.001015 1.349254 0.824863 0.290294 -0.123993 -0.468995
1341848004.725815 0.227253 -0.994696 1.342744 0.826123 0.297625 -0.125245 -0.461794
1341848004.757723 0.225464 -0.994997 1.340426 0.824804 0.302282 -0.125621 -0.461024
1341848004.825782 0.213079 -0.987615 1.337694 0.826531 0.307542 -0.127623 -0.453846
1341848004.857706 0.211094 -0.988567 1.331972 0.824948 0.311387 -0.129182 -0.453663
1341848004.925788 0.203226 -0.986615 1.332785 0.825235 0.317020 -0.130152 -0.448939
1341848004.957758 0.198515 -0.990035 1.329742 0.824165 0.319534 -0.130407 -0.449048
1341848005.025661 0.194360 -0.985849 1.326517 0.823115 0.326160 -0.134126 -0.445097
1341848005.057739 0.190104 -0.986825 1.324193 0.820693 0.330855 -0.133984 -0.446146
1341848005.125700 0.183906 -0.988839 1.320799 0.819942 0.335254 -0.135785 -0.443691
1341848005.157668 0.181880 -0.990446 1.321455 0.818709 0.337831 -0.139636 -0.442817
1341848005.225713 0.178226 -0.992348 1.317035 0.815311 0.344547 -0.142170 -0.443106
1341848005.257748 0.172616 -0.992000 1.318927 0.815211 0.346825 -0.142983 -0.441249
1341848005.357655 0.162090 -0.993675 1.315104 0.811761 0.356674 -0.147750 -0.438175
1341848005.425692 0.161078 -0.995508 1.307464 0.807883 0.363224 -0.154994 -0.437459
1341848005.461850 0.154111 -0.995121 1.311244 0.808552 0.365701 -0.155006 -0.434143
1341848005.525844 0.148429 -0.999778 1.305946 0.805771 0.372063 -0.157753 -0.432916
1341848005.561789 0.143554 -0.999554 1.306503 0.804748 0.375591 -0.158829 -0.431376
1341848005.629831 0.138361 -1.001884 1.307499 0.802256 0.381971 -0.161898 -0.429270
1341848005.661802 0.133337 -1.003472 1.304557 0.800580 0.384541 -0.162778 -0.429771
1341848005.729741 0.125217 -1.008230 1.305213 0.796660 0.390897 -0.166371 -0.429946
1341848005.761746 0.121799 -1.008530 1.308412 0.795609 0.393610 -0.167866 -0.428835
1341848005.829917 0.118174 -1.012056 1.307152 0.791829 0.398299 -0.175679 -0.428371
1341848005.861699 0.111859 -1.016085 1.308089 0.790225 0.402209 -0.174321 -0.428234
1341848005.929656 0.107231 -1.023321 1.306931 0.786284 0.406121 -0.180038 -0.429430
1341848005.965681 0.104054 -1.023461 1.310721 0.785979 0.409047 -0.181028 -0.426787
1341848006.065849 0.097062 -1.027254 1.308430 0.777960 0.417820 -0.191766 -0.428289
1341848006.165815 0.086733 -1.032984 1.307191 0.770023 0.421470 -0.202974 -0.433853
1341848006.265787 0.078238 -1.040084 1.309772 0.762754 0.426951 -0.214240 -0.435913
1341848006.366035 0.070011 -1.047653 1.308299 0.756470 0.434146 -0.224128 -0.434783
1341848006.469715 0.059839 -1.055837 1.306657 0.753857 0.438490 -0.227859 -0.433020
1341848006.569740 0.046254 -1.062399 1.304726 0.751991 0.441928 -0.230249 -0.431503
1341848006.670119 0.035257 -1.074930 1.305507 0.750519 0.443073 -0.232393 -0.431741
1341848006.769742 0.021448 -1.087620 1.310066 0.751662 0.440906 -0.234206 -0.430991
1341848006.870724 0.008573 -1.103000 1.313328 0.752590 0.435897 -0.237121 -0.432868
1341848006.969708 0.000245 -1.119514 1.317226 0.752890 0.429525 -0.237496 -0.438476
1341848007.069678 -0.006247 -1.139212 1.321403 0.759332 0.416197 -0.237429 -0.440252
1341848007.169651 -0.013871 -1.160684 1.327209 0.764930 0.406333 -0.232129 -0.442596
1341848007.298875 -0.022730 -1.189952 1.333210 0.773800 0.393019 -0.230625 -0.439979
1341848007.366699 -0.027091 -1.204907 1.336779 0.773087 0.390343 -0.229768 -0.444044
1341848007.434791 -0.033110 -1.221454 1.343622 0.772829 0.387808 -0.231096 -0.446021
1341848007.466689 -0.031677 -1.230512 1.341330 0.771301 0.387438 -0.231755 -0.448639
1341848007.534834 -0.040583 -1.247622 1.351256 0.775873 0.381506 -0.230301 -0.446581
1341848007.566719 -0.039400 -1.253487 1.348741 0.774830 0.381506 -0.231826 -0.447602
1341848007.634799 -0.048537 -1.264214 1.354117 0.777717 0.376659 -0.225886 -0.449734
1341848007.666675 -0.049773 -1.279025 1.352676 0.780356 0.370130 -0.226024 -0.450513
1341848007.734605 -0.064210 -1.283577 1.366239 0.789992 0.358697 -0.223963 -0.443947
1341848007.766913 -0.064558 -1.291750 1.362708 0.788208 0.354906 -0.223597 -0.450304
1341848007.834962 -0.074074 -1.305443 1.368110 0.794071 0.345843 -0.219001 -0.449314
1341848007.866745 -0.079172 -1.308770 1.365121 0.795240 0.341926 -0.216674 -0.451368
1341848007.934851 -0.090163 -1.321209 1.373938 0.803579 0.329087 -0.207656 -0.450380
1341848007.970690 -0.092895 -1.327257 1.376892 0.805078 0.323498 -0.211437 -0.449992
1341848008.034820 -0.098925 -1.338722 1.373354 0.808813 0.314578 -0.207591 -0.451406
1341848008.070825 -0.106150 -1.344174 1.375774 0.811136 0.310305 -0.205107 -0.451332
1341848008.138809 -0.117916 -1.353921 1.377602 0.814822 0.303154 -0.199513 -0.452059
1341848008.171058 -0.124757 -1.361645 1.377181 0.815943 0.299282 -0.196455 -0.453952
1341848008.238657 -0.136853 -1.376723 1.374575 0.820263 0.289940 -0.193875 -0.453339
1341848008.270710 -0.142108 -1.378055 1.374930 0.823218 0.285721 -0.192343 -0.451309
1341848008.370731 -0.163703 -1.394719 1.377221 0.830032 0.274290 -0.186390 -0.448410
1341848008.470807 -0.184419 -1.413290 1.381103 0.834908 0.262395 -0.181226 -0.448593
1341848008.570727 -0.201103 -1.427111 1.390592 0.840390 0.248414 -0.179725 -0.446917
1341848008.674639 -0.218886 -1.443122 1.397612 0.845134 0.235363 -0.177498 -0.445922
1341848008.775071 -0.237221 -1.458751 1.402596 0.846728 0.227464 -0.170598 -0.449675
1341848008.874631 -0.252845 -1.471733 1.406838 0.848343 0.221333 -0.163394 -0.452358
1341848008.974723 -0.270496 -1.482395 1.411002 0.851407 0.212241 -0.155241 -0.453829
1341848009.074794 -0.288051 -1.495569 1.410805 0.854812 0.205017 -0.149589 -0.452646
1341848009.174693 -0.298139 -1.499395 1.405980 0.855205 0.195612 -0.140898 -0.458812
1341848009.274683 -0.323380 -1.514241 1.398629 0.863337 0.172096 -0.130569 -0.456053
1341848009.378700 -0.343374 -1.521365 1.396941 0.869080 0.154962 -0.118701 -0.454530
1341848009.479022 -0.361470 -1.531940 1.396908 0.873442 0.143780 -0.110452 -0.451914
1341848009.578814 -0.386219 -1.541064 1.391537 0.874607 0.138686 -0.103396 -0.452922
1341848009.678666 -0.406508 -1.535801 1.386076 0.872919 0.141712 -0.101809 -0.455592
1341848009.778767 -0.440153 -1.538879 1.383360 0.870748 0.142886 -0.098298 -0.460129
1341848009.878688 -0.462525 -1.537053 1.376207 0.870839 0.141029 -0.101239 -0.459893
1341848009.978905 -0.484737 -1.523181 1.379403 0.871415 0.143945 -0.101284 -0.457884
1341848010.082650 -0.500939 -1.506385 1.370360 0.871432 0.143412 -0.102862 -0.457667
1341848010.182709 -0.528630 -1.486160 1.368309 0.874994 0.137676 -0.097589 -0.453771
1341848010.282749 -0.543167 -1.454621 1.366716 0.876612 0.131480 -0.097338 -0.452537
1341848010.382819 -0.561966 -1.425420 1.368170 0.879184 0.123950 -0.094725 -0.450221
1341848010.450872 -0.569295 -1.406488 1.373925 0.881943 0.119628 -0.093437 -0.446246
1341848010.550631 -0.584294 -1.381693 1.376220 0.885249 0.110345 -0.087958 -0.443196
1341848010.650956 -0.594082 -1.358670 1.380516 0.887630 0.102144 -0.082435 -0.441457
1341848010.750922 -0.594298 -1.343221 1.382359 0.888534 0.097510 -0.078614 -0.441384
1341848010.850765 -0.598357 -1.325921 1.387241 0.888756 0.086029 -0.074617 -0.444009
1341848010.950793 -0.602709 -1.311484 1.391938 0.889426 0.077046 -0.069924 -0.445080
1341848011.051016 -0.607916 -1.302378 1.391563 0.889743 0.070662 -0.067259 -0.445916
1341848011.154630 -0.614361 -1.295030 1.391229 0.890284 0.062413 -0.064758 -0.446437
1341848011.254693 -0.617364 -1.283106 1.392680 0.892037 0.058355 -0.057834 -0.444431
1341848011.354750 -0.627720 -1.273134 1.395128 0.892493 0.046972 -0.050488 -0.445759
1341848011.454654 -0.628629 -1.264128 1.393201 0.892460 0.035689 -0.047949 -0.447149
1341848011.554674 -0.639761 -1.255143 1.390816 0.893987 0.022550 -0.039930 -0.445741
1341848011.622723 -0.639724 -1.250824 1.385108 0.893926 0.018694 -0.035613 -0.446406
1341848011.654892 -0.643974 -1.246838 1.386711 0.894697 0.014897 -0.034126 -0.445119
1341848011.754796 -0.642543 -1.234682 1.380728 0.896756 0.008296 -0.027285 -0.441605
1341848011.858763 -0.643734 -1.216821 1.377364 0.898996 -0.004893 -0.023354 -0.437306
1341848011.958828 -0.640254 -1.198519 1.376434 0.900496 -0.013739 -0.022642 -0.434058
1341848012.058861 -0.635172 -1.182753 1.370416 0.901598 -0.013360 -0.018034 -0.431993
1341848012.126859 -0.635871 -1.164652 1.367735 0.902742 -0.013747 -0.013136 -0.429762
1341848012.190967 -0.638357 -1.150798 1.361959 0.903233 -0.012984 -0.013607 -0.428739
1341848012.258713 -0.636831 -1.130628 1.360155 0.905536 -0.007957 -0.014409 -0.423951
1341848012.326868 -0.633495 -1.111452 1.356902 0.907589 0.000236 -0.013721 -0.419636
1341848012.358782 -0.634633 -1.102676 1.354837 0.907741 0.004481 -0.011086 -0.419361
1341848012.426830 -0.634813 -1.085212 1.349307 0.909497 0.012887 -0.009082 -0.415412
1341848012.458805 -0.635522 -1.073404 1.349661 0.910242 0.015172 -0.007864 -0.413723
1341848012.526756 -0.638358 -1.057062 1.346823 0.911231 0.020888 -0.005377 -0.411331
1341848012.562690 -0.638498 -1.043455 1.348112 0.912254 0.024630 -0.006805 -0.408827
1341848012.662763 -0.649125 -1.024145 1.341997 0.911361 0.037648 -0.002042 -0.409877
1341848012.726854 -0.647731 -1.009869 1.339694 0.911853 0.050129 -0.005027 -0.407414
1341848012.762672 -0.651228 -1.002952 1.338093 0.911852 0.055035 -0.005036 -0.406781
1341848012.830669 -0.657221 -0.993033 1.337019 0.911619 0.070397 -0.008640 -0.404870
1341848012.862795 -0.658502 -0.984933 1.338983 0.910936 0.079658 -0.008334 -0.404698
1341848012.962752 -0.664317 -0.976144 1.332410 0.906233 0.101574 -0.008355 -0.410310
1341848013.030944 -0.670043 -0.974082 1.324062 0.903253 0.114777 -0.007718 -0.413401
1341848013.062714 -0.670673 -0.968730 1.324678 0.903070 0.120967 -0.010622 -0.411970
1341848013.162759 -0.677930 -0.966439 1.312337 0.898797 0.138729 -0.020192 -0.415345
1341848013.262723 -0.685368 -0.967358 1.306111 0.897429 0.152677 -0.032666 -0.412607
1341848013.366705 -0.687849 -0.964781 1.300544 0.895262 0.173689 -0.041922 -0.408142
1341848013.430850 -0.699243 -0.971932 1.287961 0.893457 0.186324 -0.046729 -0.405998
1341848013.466959 -0.697639 -0.965753 1.290353 0.894350 0.195270 -0.053959 -0.398868
1341848013.566664 -0.713115 -0.971935 1.285871 0.887717 0.222126 -0.055111 -0.399476
1341848013.666669 -0.725830 -0.972989 1.288822 0.883608 0.242329 -0.066676 -0.395055
1341848013.766827 -0.736153 -0.977967 1.284138 0.872473 0.263293 -0.074796 -0.404814
1341848013.866791 -0.744857 -0.978587 1.282855 0.866712 0.280193 -0.085017 -0.403825
1341848013.966740 -0.759141 -0.986177 1.278104 0.860584 0.295980 -0.089235 -0.404758
1341848014.034942 -0.770455 -0.989399 1.272886 0.856230 0.308245 -0.094239 -0.403700
1341848014.070990 -0.770929 -0.986213 1.271592 0.853510 0.317380 -0.099349 -0.401149
1341848014.134725 -0.786627 -0.990424 1.267112 0.848484 0.332038 -0.097044 -0.400510
1341848014.170724 -0.792093 -0.991196 1.260682 0.845822 0.339448 -0.100240 -0.399140
1341848014.270714 -0.814049 -0.993180 1.255120 0.836444 0.363468 -0.107253 -0.395915
1341848014.370553 -0.839844 -0.999564 1.245236 0.827060 0.383689 -0.119362 -0.393074
1341848014.470783 -0.868043 -1.006249 1.242633 0.814597 0.409167 -0.128271 -0.390590
1341848014.570790 -0.892271 -1.017599 1.237020 0.797323 0.435154 -0.138941 -0.394477
1341848014.670828 -0.913984 -1.026827 1.233971 0.785813 0.452095 -0.154528 -0.392721
1341848014.774750 -0.936574 -1.039416 1.232151 0.773185 0.464729 -0.167846 -0.397542
1341848014.874686 -0.952691 -1.045652 1.233356 0.764544 0.476114 -0.187522 -0.391948
1341848014.974705 -0.970470 -1.051809 1.227579 0.757231 0.487682 -0.201673 -0.384833
1341848015.074864 -0.976268 -1.045925 1.222695 0.750515 0.509873 -0.201285 -0.369110
1341848015.174708 -0.993032 -1.049156 1.211531 0.744015 0.527218 -0.195948 -0.360677
1341848015.243495 -1.001337 -1.045863 1.207577 0.737943 0.539070 -0.199367 -0.353689
1341848015.274780 -1.005529 -1.046031 1.202843 0.734244 0.544116 -0.203057 -0.351555
1341848015.342895 -1.012666 -1.045120 1.199549 0.725478 0.556359 -0.213181 -0.344529
1341848015.374733 -1.014932 -1.044980 1.197638 0.722406 0.560585 -0.219523 -0.340124
1341848015.442783 -1.022981 -1.042566 1.198154 0.713712 0.574191 -0.228553 -0.329670
1341848015.474959 -1.026229 -1.042329 1.195377 0.707666 0.581382 -0.233740 -0.326450
1341848015.542834 -1.026297 -1.039946 1.193961 0.696503 0.593583 -0.246195 -0.319265
1341848015.581753 -1.032328 -1.042329 1.194310 0.691330 0.601902 -0.247957 -0.313520
1341848015.685811 -1.038027 -1.043772 1.191499 0.669428 0.625216 -0.259019 -0.306398
1341848015.749815 -1.041452 -1.043588 1.191677 0.656138 0.636379 -0.270618 -0.302112
1341848015.785761 -1.046486 -1.046641 1.194639 0.649767 0.643245 -0.272851 -0.299319
1341848015.853811 -1.047146 -1.047546 1.197935 0.637482 0.652499 -0.281951 -0.297263
1341848015.885654 -1.050665 -1.048747 1.199274 0.630642 0.658474 -0.284961 -0.295803
1341848015.954005 -1.052055 -1.053945 1.200625 0.616282 0.668112 -0.288518 -0.300965
1341848015.986663 -1.048869 -1.052951 1.201424 0.610003 0.671100 -0.294835 -0.300986
1341848016.085724 -1.047676 -1.050865 1.205464 0.593159 0.680799 -0.308796 -0.298864
1341848016.153821 -1.046408 -1.052081 1.207623 0.586022 0.687324 -0.308642 -0.298168
1341848016.185769 -1.045088 -1.051839 1.208020 0.583914 0.689202 -0.308634 -0.297978
1341848016.253686 -1.045260 -1.057084 1.207472 0.582181 0.691268 -0.306886 -0.298387
1341848016.289960 -1.047132 -1.056611 1.214781 0.580795 0.695241 -0.302275 -0.296558
1341848016.353746 -1.044779 -1.059992 1.210303 0.589056 0.686578 -0.303567 -0.299118
1341848016.389789 -1.039513 -1.060331 1.213112 0.591719 0.683640 -0.305491 -0.298632
1341848016.453901 -1.040686 -1.066612 1.214195 0.600770 0.675777 -0.306490 -0.297432
1341848016.490058 -1.037365 -1.070665 1.213700 0.601540 0.672472 -0.309275 -0.300467
1341848016.554210 -1.033750 -1.077348 1.213654 0.605616 0.665123 -0.312582 -0.305177
1341848016.589825 -1.031147 -1.077963 1.215892 0.604582 0.664676 -0.316986 -0.303656
1341848016.657837 -1.027003 -1.090790 1.214093 0.612306 0.654917 -0.321541 -0.304594
1341848016.689891 -1.021502 -1.094224 1.217608 0.611498 0.655317 -0.323845 -0.302909
1341848016.757848 -1.022063 -1.106036 1.217220 0.612157 0.654055 -0.322728 -0.305489
1341848016.818817 -1.010603 -1.114164 1.219691 0.611472 0.653255 -0.326051 -0.305042
1341848016.882757 -1.002059 -1.126189 1.221911 0.611118 0.653416 -0.325958 -0.305507
1341848016.950706 -0.996055 -1.140251 1.222957 0.613256 0.652408 -0.325117 -0.304270
1341848016.986658 -0.991079 -1.145699 1.224511 0.612783 0.653436 -0.322822 -0.305459
1341848017.050760 -0.981201 -1.158274 1.225855 0.616113 0.650249 -0.321963 -0.306466
1341848017.086845 -0.976779 -1.162970 1.227780 0.617875 0.649270 -0.319766 -0.307291
1341848017.150678 -0.966533 -1.176072 1.230502 0.624305 0.641698 -0.316262 -0.313759
1341848017.186855 -0.961792 -1.181245 1.232984 0.627805 0.638372 -0.314725 -0.315104
1341848017.254693 -0.953191 -1.191811 1.238200 0.633912 0.629750 -0.312597 -0.322265
1341848017.286638 -0.948149 -1.197431 1.238797 0.637727 0.624221 -0.313076 -0.325017
1341848017.354737 -0.934792 -1.205323 1.250590 0.639397 0.615443 -0.318431 -0.333170
1341848017.386825 -0.928226 -1.208975 1.251758 0.643508 0.609992 -0.317970 -0.335711
1341848017.454792 -0.910909 -1.217706 1.257106 0.649231 0.599836 -0.320608 -0.340449
1341848017.486699 -0.909873 -1.221687 1.259332 0.652119 0.596954 -0.318858 -0.341638
1341848017.554797 -0.895911 -1.227431 1.263184 0.653962 0.590991 -0.318393 -0.348839
1341848017.587838 -0.892626 -1.231786 1.263361 0.656895 0.587033 -0.317631 -0.350702
1341848017.654814 -0.881463 -1.237010 1.268610 0.660085 0.580481 -0.317515 -0.355687
1341848017.686820 -0.887378 -1.239701 1.270407 0.661245 0.578068 -0.316753 -0.358133
1341848017.790699 -0.870734 -1.248710 1.277883 0.665071 0.565332 -0.324076 -0.364766
1341848017.854726 -0.859797 -1.254659 1.278672 0.666191 0.559012 -0.326955 -0.369859
1341848017.890737 -0.855842 -1.259445 1.282373 0.665769 0.559500 -0.325324 -0.371316
1341848017.958643 -0.851119 -1.265411 1.282930 0.667608 0.557489 -0.322250 -0.373711
1341848017.990683 -0.844021 -1.269032 1.285078 0.667779 0.556136 -0.322217 -0.375447
1341848018.058766 -0.841454 -1.273944 1.285792 0.671517 0.553788 -0.317782 -0.376031
1341848018.090894 -0.835721 -1.277232 1.286324 0.672961 0.551064 -0.316305 -0.378686
1341848018.159145 -0.837411 -1.285230 1.286081 0.679910 0.544493 -0.313825 -0.377840
1341848018.190824 -0.833030 -1.289528 1.287697 0.680768 0.542663 -0.311842 -0.380560
1341848018.258766 -0.834724 -1.298736 1.286459 0.686427 0.535583 -0.309347 -0.382456
1341848018.290747 -0.830600 -1.303979 1.287842 0.690066 0.531431 -0.309741 -0.381378
1341848018.333905 -0.832870 -1.311064 1.288608 0.691692 0.530984 -0.304764 -0.383063
1341848018.397728 -0.829860 -1.323739 1.290783 0.695187 0.524206 -0.301570 -0.388560
1341848018.465663 -0.832971 -1.340020 1.289480 0.704967 0.513740 -0.302366 -0.384275
1341848018.501822 -0.832274 -1.347464 1.290402 0.707276 0.510809 -0.301034 -0.384986
1341848018.565849 -0.830002 -1.366534 1.286942 0.711545 0.504096 -0.298613 -0.387841
1341848018.601739 -0.831001 -1.375054 1.288436 0.712652 0.502879 -0.295988 -0.389400
1341848018.669811 -0.825238 -1.395581 1.289204 0.717797 0.495617 -0.293458 -0.391168
1341848018.701756 -0.823565 -1.405562 1.288086 0.719636 0.493926 -0.291764 -0.391198
1341848018.769715 -0.824685 -1.426126 1.289557 0.722027 0.490893 -0.286413 -0.394550
1341848018.802234 -0.825898 -1.436655 1.291144 0.723638 0.489213 -0.286041 -0.393953
1341848018.869787 -0.827479 -1.457934 1.295388 0.722184 0.488005 -0.283614 -0.399830
1341848018.901964 -0.823339 -1.467479 1.296856 0.722805 0.485396 -0.285542 -0.400511
1341848018.969688 -0.821154 -1.486065 1.302223 0.725246 0.481192 -0.288260 -0.399224
1341848019.002336 -0.819168 -1.495427 1.303829 0.725541 0.481201 -0.286234 -0.400134
1341848019.069833 -0.816612 -1.510976 1.310481 0.724343 0.481180 -0.285874 -0.402577
1341848019.130792 -0.814357 -1.523743 1.314130 0.726054 0.478680 -0.283456 -0.404184
1341848019.198644 -0.808800 -1.541713 1.317170 0.729999 0.473629 -0.279521 -0.405765
1341848019.262728 -0.808568 -1.557344 1.318657 0.733083 0.468526 -0.274497 -0.409541
1341848019.298715 -0.802909 -1.567781 1.317345 0.734777 0.466269 -0.272104 -0.410677
1341848019.398715 -0.797910 -1.600430 1.317068 0.740550 0.457134 -0.262468 -0.416802
1341848019.498756 -0.794992 -1.636271 1.320690 0.746266 0.444770 -0.253438 -0.425483
1341848019.567087 -0.790696 -1.664466 1.320879 0.752105 0.431779 -0.253034 -0.428810
1341848019.598737 -0.792627 -1.676890 1.320896 0.754416 0.427572 -0.250940 -0.430195
1341848019.666875 -0.792355 -1.702990 1.318186 0.758546 0.419059 -0.247223 -0.433448
1341848019.698668 -0.791980 -1.714003 1.317671 0.760854 0.415837 -0.246364 -0.432995
1341848019.766703 -0.793374 -1.737273 1.318729 0.764178 0.409614 -0.238833 -0.437272
1341848019.798719 -0.792395 -1.749866 1.316571 0.765877 0.405209 -0.237032 -0.439378
1341848019.834660 -0.794635 -1.758461 1.318601 0.768177 0.400876 -0.235058 -0.440398
1341848019.898833 -0.794134 -1.778739 1.323389 0.772843 0.389857 -0.231512 -0.443991
1341848019.966705 -0.795214 -1.793159 1.323642 0.779350 0.377888 -0.229132 -0.444199
1341848020.002811 -0.796712 -1.798505 1.323752 0.781655 0.372242 -0.226397 -0.446313
1341848020.066696 -0.806520 -1.815644 1.320800 0.787450 0.358693 -0.219085 -0.450847
1341848020.102776 -0.807088 -1.824270 1.320954 0.789748 0.352988 -0.217425 -0.452134
1341848020.170835 -0.812765 -1.837525 1.323662 0.793135 0.344276 -0.209527 -0.456628
1341848020.202706 -0.815897 -1.846585 1.322551 0.795075 0.338258 -0.206638 -0.459063
1341848020.271152 -0.826132 -1.857175 1.324962 0.799495 0.327215 -0.199948 -0.462341
1341848020.302754 -0.828282 -1.866408 1.325694 0.800936 0.320767 -0.197418 -0.465442
1341848020.370812 -0.841934 -1.877764 1.325220 0.804973 0.308238 -0.192608 -0.468946
1341848020.438816 -0.852602 -1.892879 1.326022 0.806819 0.297202 -0.186736 -0.475230
1341848020.502691 -0.859172 -1.905398 1.328858 0.807147 0.285969 -0.182970 -0.482967
1341848020.602764 -0.875699 -1.929577 1.327095 0.813110 0.265505 -0.179527 -0.485931
1341848020.706669 -0.888550 -1.952933 1.328838 0.819167 0.252318 -0.174230 -0.484711
1341848020.807216 -0.907169 -1.972286 1.331190 0.825329 0.241032 -0.170199 -0.481423
1341848020.906582 -0.925641 -1.992336 1.335875 0.827905 0.233205 -0.165169 -0.482605
1341848021.006632 -0.944063 -2.005881 1.341219 0.829950 0.225347 -0.160718 -0.484325
1341848021.074762 -0.958881 -2.015103 1.341114 0.832936 0.217191 -0.158297 -0.483722
1341848021.106691 -0.963185 -2.018517 1.341488 0.833259 0.215721 -0.155981 -0.484575
1341848021.175038 -0.979512 -2.028620 1.343340 0.835435 0.208450 -0.150119 -0.485861
1341848021.206698 -0.985697 -2.036172 1.341461 0.836145 0.204360 -0.148407 -0.486903
1341848021.274899 -1.004346 -2.045418 1.343659 0.837014 0.195923 -0.140515 -0.491199
1341848021.307283 -1.013591 -2.047550 1.343084 0.837417 0.190540 -0.139240 -0.492990
1341848021.384830 -1.030326 -2.057460 1.347941 -0.835944 -0.179050 0.132646 0.501541
1341848021.455728 -1.048583 -2.069561 1.349717 -0.836322 -0.161945 0.130735 0.507197
1341848021.514696 -1.066480 -2.085793 1.353944 -0.835836 -0.147355 0.128140 0.513073
1341848021.550755 -1.074589 -2.095233 1.356788 -0.836682 -0.141322 0.127866 0.513461
1341848021.617752 -1.094033 -2.105072 1.356315 -0.836512 -0.138172 0.119736 0.516545
1341848021.710743 -1.121667 -2.126165 1.358724 -0.836980 -0.132163 0.108088 0.519917
1341848021.778676 -1.139543 -2.130645 1.358035 -0.839221 -0.124605 0.104719 0.518860
1341848021.810867 -1.147976 -2.139663 1.359138 -0.840104 -0.121647 0.101141 0.518843
1341848021.878887 -1.170991 -2.138243 1.357993 -0.841752 -0.114722 0.093102 0.519254
1341848021.910628 -1.181211 -2.140801 1.360538 -0.841951 -0.112898 0.090529 0.519785
1341848021.978747 -1.201231 -2.138937 1.363119 -0.841285 -0.107209 0.086172 0.522800
1341848022.010782 -1.211483 -2.143323 1.363414 -0.840486 -0.105107 0.083097 0.525005
1341848022.078665 -1.229637 -2.143504 1.365276 -0.840513 -0.098412 0.079080 0.526877
1341848022.110954 -1.242111 -2.140867 1.365007 -0.840622 -0.095133 0.075090 0.527887
1341848022.178988 -1.266987 -2.138409 1.368020 -0.840005 -0.087639 0.068579 0.531044
1341848022.214773 -1.277898 -2.135056 1.370303 -0.839806 -0.084056 0.065622 0.532310
1341848022.278764 -1.297286 -2.134419 1.374874 -0.838441 -0.071487 0.061923 0.536724
1341848022.314757 -1.310776 -2.129079 1.375791 -0.839315 -0.062592 0.062515 0.536400
1341848022.354110 -1.317360 -2.123252 1.381942 -0.838910 -0.057362 0.061562 0.537726
1341848022.417848 -1.341776 -2.119520 1.386411 -0.838185 -0.043828 0.056640 0.540664
1341848022.521730 -1.369619 -2.112447 1.397618 -0.835535 -0.029399 0.050582 0.546314
1341848022.621801 -1.393909 -2.101018 1.411265 -0.834443 -0.017109 0.043707 0.549091
1341848022.721700 -1.414936 -2.096657 1.420765 -0.834475 -0.000639 0.038057 0.549730
1341848022.814772 -1.437877 -2.086845 1.421138 -0.837456 0.015150 0.027043 0.545625
1341848022.882710 -1.454260 -2.077951 1.419626 -0.838879 0.023960 0.019191 0.543452
1341848022.982728 -1.484455 -2.054860 1.429448 -0.843994 0.037886 -0.011062 0.534898
1341848023.082738 -1.524551 -2.030268 1.420594 -0.845499 0.067345 -0.026809 0.529034
1341848023.186687 -1.555733 -2.018799 1.419245 -0.844138 0.090518 -0.039387 0.526960
1341848023.286758 -1.589219 -2.004022 1.410856 -0.849281 0.111572 -0.049310 0.513656
1341848023.354762 -1.606339 -1.996053 1.408488 -0.852287 0.116723 -0.063871 0.505868
1341848023.418717 -1.626452 -1.978874 1.401066 -0.853810 0.123508 -0.071260 0.500675
1341848023.454710 -1.633379 -1.973914 1.398081 0.854721 -0.129781 0.072290 -0.497376
1341848023.518675 -1.648668 -1.961048 1.397357 0.855149 -0.137790 0.076767 -0.493802
1341848023.555068 -1.657280 -1.951294 1.396141 0.854563 -0.141048 0.083601 -0.492787
1341848023.622845 -1.671799 -1.937764 1.395762 0.852264 -0.148626 0.087106 -0.493932
1341848023.687172 -1.681667 -1.927901 1.398129 0.849792 -0.157786 0.092282 -0.494410
1341848023.754690 -1.693897 -1.912244 1.398300 0.847420 -0.166653 0.094976 -0.495061
1341848023.822788 -1.701660 -1.895736 1.399276 0.845226 -0.173873 0.101931 -0.494945
1341848023.854825 -1.707092 -1.885004 1.398544 0.844732 -0.177921 0.104322 -0.493852
1341848023.922784 -1.714436 -1.860453 1.402254 0.843315 -0.184302 0.111227 -0.492423
1341848023.954826 -1.718450 -1.852314 1.406622 0.841411 -0.189544 0.113862 -0.493088
1341848024.022671 -1.725230 -1.836013 1.404670 0.839041 -0.205144 0.112363 -0.491223
1341848024.054725 -1.729964 -1.822796 1.406050 0.838196 -0.210253 0.112225 -0.490536
1341848024.122843 -1.736381 -1.807346 1.409468 0.836008 -0.221573 0.111951 -0.489349
1341848024.158762 -1.739806 -1.796594 1.411612 0.835640 -0.226665 0.111470 -0.487753
1341848024.222838 -1.739997 -1.785284 1.413077 0.834168 -0.233096 0.112655 -0.486969
1341848024.258826 -1.746153 -1.767906 1.413023 0.834231 -0.239160 0.116684 -0.482957
1341848024.322705 -1.747414 -1.757404 1.414248 0.834605 -0.244594 0.117742 -0.479317
1341848024.358743 -1.749604 -1.747004 1.413824 0.834506 -0.247922 0.121707 -0.476782
1341848024.426783 -1.755588 -1.731830 1.412812 0.832981 -0.254221 0.127105 -0.474720
1341848024.458795 -1.758657 -1.723216 1.412990 0.833066 -0.257217 0.129028 -0.472432
1341848024.526783 -1.764855 -1.709729 1.409450 0.832538 -0.263394 0.134118 -0.468525
1341848024.558627 -1.772696 -1.694416 1.404687 0.832120 -0.266400 0.138645 -0.466245
1341848024.626657 -1.777841 -1.687858 1.407205 0.832752 -0.271386 0.141669 -0.461306
1341848024.658717 -1.784494 -1.674102 1.401881 0.831630 -0.275539 0.145337 -0.459725
1341848024.727054 -1.795634 -1.661633 1.397866 0.831008 -0.283563 0.147719 -0.455189
1341848024.758938 -1.801065 -1.648118 1.394427 0.830074 -0.287352 0.150267 -0.453681
1341848024.826727 -1.814359 -1.638932 1.392853 0.827651 -0.293853 0.154810 -0.452413
1341848024.862797 -1.823659 -1.629868 1.392863 0.825806 -0.298675 0.155370 -0.452436
1341848024.926754 -1.839566 -1.619915 1.390674 0.822408 -0.307569 0.155208 -0.452721
1341848024.962678 -1.849053 -1.613483 1.389194 0.820287 -0.311727 0.155000 -0.453795
1341848025.026872 -1.866613 -1.603701 1.387673 0.819401 -0.320020 0.154562 -0.449754
1341848025.062647 -1.875739 -1.597891 1.387111 0.818120 -0.322306 0.156496 -0.449785
1341848025.131056 -1.893099 -1.588193 1.384269 0.816823 -0.328059 0.161583 -0.446171
1341848025.230646 -1.916862 -1.573144 1.382020 0.813252 -0.339797 0.162646 -0.443515
1341848025.330653 -1.939974 -1.557482 1.381803 0.810713 -0.346633 0.165274 -0.441898
1341848025.430687 -1.957843 -1.538736 1.379968 0.809006 -0.352522 0.168101 -0.439294
1341848025.530800 -1.974461 -1.523893 1.382314 0.807250 -0.357223 0.175198 -0.435941
1341848025.630731 -1.988878 -1.507413 1.379809 0.805210 -0.362562 0.180339 -0.433201
1341848025.730719 -2.001786 -1.493975 1.379556 0.804340 -0.368122 0.185263 -0.428019
1341848025.834828 -2.013524 -1.475554 1.375425 0.800268 -0.376504 0.187428 -0.427419
1341848025.934824 -2.026227 -1.458760 1.377036 0.796883 -0.385568 0.187132 -0.425788
1341848026.034640 -2.038032 -1.438782 1.371860 0.793251 -0.395449 0.188133 -0.423060
1341848026.134670 -2.054329 -1.419517 1.369842 0.788601 -0.406758 0.189000 -0.420636
1341848026.234940 -2.067671 -1.401712 1.365067 0.784495 -0.418870 0.187570 -0.417054
1341848026.334824 -2.082048 -1.383564 1.363549 0.781778 -0.430233 0.185866 -0.411311
1341848026.402725 -2.092196 -1.372887 1.360617 0.778557 -0.435778 0.187113 -0.411017
1341848026.470839 -2.099455 -1.361195 1.360224 0.774538 -0.441909 0.187337 -0.411961
1341848026.502672 -2.103847 -1.355200 1.358865 0.772801 -0.444545 0.189035 -0.411613
1341848026.570847 -2.113093 -1.342532 1.358946 0.769969 -0.447233 0.193400 -0.411979
1341848026.602721 -2.119502 -1.338359 1.360008 0.769653 -0.447065 0.195662 -0.411683
1341848026.641972 -2.123044 -1.333221 1.358668 0.768583 -0.448612 0.196530 -0.411586
1341848026.702795 -2.134424 -1.319199 1.358788 0.766943 -0.449966 0.199592 -0.411695
1341848026.770813 -2.147060 -1.308674 1.357417 0.766137 -0.451371 0.200047 -0.411436
1341848026.806747 -2.153762 -1.301612 1.356175 0.766519 -0.451825 0.200190 -0.410154
1341848026.878025 -2.169748 -1.290569 1.354862 0.767728 -0.450738 0.201703 -0.408344
1341848026.938881 -2.186046 -1.277441 1.353878 0.769167 -0.449308 0.202793 -0.406669
1341848027.006815 -2.207469 -1.265402 1.351200 0.769807 -0.448952 0.203995 -0.405247
1341848027.074785 -2.228425 -1.256155 1.348608 0.768315 -0.450699 0.203922 -0.406175
1341848027.106663 -2.237937 -1.251784 1.351097 0.768299 -0.452841 0.203603 -0.403977
1341848027.174831 -2.258005 -1.242726 1.350742 0.765279 -0.454153 0.206166 -0.406925
1341848027.207212 -2.270282 -1.238732 1.351292 0.763567 -0.456608 0.206793 -0.407076
1341848027.274701 -2.291377 -1.230208 1.351823 0.761114 -0.459187 0.209137 -0.407570
1341848027.306705 -2.301058 -1.226442 1.351942 0.759743 -0.460701 0.209861 -0.408048
1341848027.374943 -2.323440 -1.218733 1.354994 0.756654 -0.463041 0.209598 -0.411262
1341848027.406837 -2.333177 -1.213876 1.353287 0.755617 -0.462298 0.210641 -0.413466
1341848027.474800 -2.354217 -1.207378 1.357066 0.753907 -0.459882 0.210540 -0.419293
1341848027.506714 -2.365890 -1.201508 1.359150 0.753504 -0.458588 0.210723 -0.421337
1341848027.574717 -2.384211 -1.195052 1.359237 0.753285 -0.453768 0.209856 -0.427337
1341848027.610716 -2.391600 -1.190551 1.359955 0.753964 -0.451542 0.210051 -0.428399
1341848027.674731 -2.407800 -1.182104 1.359247 0.754977 -0.447803 0.209656 -0.430729
1341848027.711026 -2.415045 -1.176069 1.359226 0.755178 -0.447773 0.209640 -0.430415
1341848027.778768 -2.426257 -1.164028 1.360261 0.756944 -0.444226 0.209507 -0.431052
1341848027.810746 -2.434124 -1.158086 1.361044 0.757408 -0.442643 0.209939 -0.431655
1341848027.878669 -2.443996 -1.145939 1.360367 0.760563 -0.438551 0.208418 -0.431020
1341848027.911127 -2.450847 -1.136982 1.360503 0.761214 -0.436951 0.209378 -0.431031
1341848027.978757 -2.457823 -1.121404 1.364946 0.764727 -0.432735 0.209397 -0.429053
1341848028.011034 -2.464255 -1.118963 1.366352 0.765472 -0.429335 0.209964 -0.430859
1341848028.078967 -2.473354 -1.097293 1.369629 0.765636 -0.428052 0.210970 -0.431353
1341848028.110971 -2.476342 -1.095723 1.364059 0.764058 -0.427120 0.208510 -0.436243
1341848028.186050 -2.478787 -1.078333 1.370313 0.763404 -0.427267 0.208195 -0.437393
1341848028.254235 -2.485590 -1.067431 1.369635 0.761914 -0.427904 0.207602 -0.439645
1341848028.314908 -2.490142 -1.050883 1.374429 0.760182 -0.429488 0.208459 -0.440691
1341848028.378956 -2.497083 -1.030346 1.372395 0.756867 -0.433308 0.210074 -0.441889
1341848028.414628 -2.499174 -1.025668 1.374057 0.755790 -0.434028 0.209627 -0.443236
1341848028.482785 -2.506399 -1.007319 1.376060 0.753084 -0.436838 0.211519 -0.444181
1341848028.514701 -2.512439 -0.999473 1.373797 0.751390 -0.439191 0.209977 -0.445460
1341848028.582747 -2.522572 -0.979704 1.376504 0.750983 -0.440293 0.210138 -0.444982
1341848028.614649 -2.530080 -0.968595 1.376953 0.751672 -0.440122 0.210502 -0.443814
1341848028.653766 -2.533609 -0.956486 1.382006 0.752736 -0.440729 0.209244 -0.441999
1341848028.721828 -2.541974 -0.941111 1.382967 0.752904 -0.440300 0.208592 -0.442449
1341848028.782861 -2.552765 -0.917441 1.384634 0.751296 -0.442681 0.208222 -0.442980
1341848028.814757 -2.556668 -0.909749 1.386103 0.751477 -0.442350 0.208234 -0.442999
1341848028.882714 -2.567624 -0.891144 1.384481 0.750723 -0.442397 0.207864 -0.444401
1341848028.914838 -2.570847 -0.884210 1.383654 0.751607 -0.442456 0.205660 -0.443873
1341848028.982690 -2.578036 -0.864923 1.387591 0.753194 -0.443505 0.203958 -0.440913
1341848029.018728 -2.580581 -0.859166 1.389350 0.754184 -0.441962 0.204786 -0.440384
1341848029.082877 -2.589283 -0.844480 1.388916 0.753219 -0.442141 0.207688 -0.440498
1341848029.118800 -2.592930 -0.839597 1.387661 0.753063 -0.442649 0.207058 -0.440552
1341848029.182676 -2.600997 -0.823330 1.387361 0.753985 -0.443971 0.209339 -0.436547
1341848029.218708 -2.604586 -0.816932 1.389239 0.754942 -0.444153 0.209884 -0.434441
1341848029.286969 -2.611403 -0.802829 1.387651 0.755581 -0.443554 0.214049 -0.431902
1341848029.320225 -2.617369 -0.794623 1.388453 0.755470 -0.445013 0.217111 -0.429058
1341848029.386923 -2.627697 -0.779352 1.385044 0.752750 -0.448180 0.218196 -0.429992
1341848029.418757 -2.632594 -0.772855 1.385975 0.752211 -0.450057 0.219579 -0.428266
1341848029.486788 -2.645372 -0.759554 1.385433 0.749214 -0.453683 0.222210 -0.428338
1341848029.518925 -2.652320 -0.754228 1.387667 0.748247 -0.455066 0.224966 -0.427120
1341848029.586990 -2.668371 -0.739870 1.386570 0.743358 -0.460483 0.226891 -0.428829
1341848029.618715 -2.678193 -0.733876 1.386595 0.740948 -0.464398 0.227684 -0.428358
1341848029.686830 -2.691701 -0.721918 1.387868 0.737259 -0.469964 0.229249 -0.427818
1341848029.718752 -2.702977 -0.721079 1.387513 0.735840 -0.472244 0.230944 -0.426836
1341848029.786949 -2.717381 -0.707541 1.386590 0.731992 -0.478057 0.232900 -0.425919
1341848029.822778 -2.725852 -0.700723 1.386893 0.730860 -0.481066 0.234374 -0.423661
1341848029.887992 -2.743922 -0.691800 1.385390 0.726755 -0.487326 0.235891 -0.422725
1341848029.922779 -2.750641 -0.690034 1.385772 0.726205 -0.489095 0.235855 -0.421646
1341848029.990762 -2.765280 -0.678721 1.384120 0.723114 -0.494864 0.238006 -0.419010
1341848030.022873 -2.772982 -0.673733 1.383045 0.722176 -0.497054 0.238905 -0.417520
1341848030.090782 -2.783896 -0.662334 1.382616 0.720371 -0.501033 0.240991 -0.414674
1341848030.122796 -2.791124 -0.656776 1.380116 0.719207 -0.502674 0.243104 -0.413474
1341848030.190683 -2.801325 -0.649580 1.380209 0.717402 -0.506847 0.244223 -0.410848
1341848030.222713 -2.804852 -0.640652 1.379491 0.716065 -0.509854 0.247128 -0.407709
1341848030.290864 -2.814360 -0.628875 1.378839 0.713359 -0.515404 0.250945 -0.403120
1341848030.322775 -2.819721 -0.626604 1.380758 0.712905 -0.517128 0.251533 -0.401343
1341848030.390832 -2.826145 -0.609815 1.375102 0.709973 -0.522971 0.256159 -0.396009
1341848030.422795 -2.831659 -0.606172 1.372174 0.708720 -0.524815 0.257931 -0.394661
1341848030.490846 -2.837495 -0.596595 1.373137 0.707491 -0.528410 0.258987 -0.391364
1341848030.526716 -2.840980 -0.590300 1.372514 0.706593 -0.530524 0.260146 -0.389351
1341848030.565795 -2.841959 -0.581346 1.370235 0.704573 -0.533177 0.261838 -0.388252
1341848030.626961 -2.849026 -0.568865 1.368671 0.700238 -0.539315 0.263353 -0.386590
1341848030.690656 -2.854339 -0.550425 1.366128 0.694588 -0.545885 0.264309 -0.386908
1341848030.726765 -2.858640 -0.545650 1.366476 0.692942 -0.547740 0.265249 -0.386594
1341848030.794692 -2.867275 -0.530552 1.369285 0.686826 -0.554007 0.268994 -0.385990
1341848030.827483 -2.868991 -0.516720 1.369008 0.683298 -0.557858 0.271522 -0.384934
1341848030.894711 -2.881676 -0.505030 1.365581 0.675000 -0.566442 0.270362 -0.387845
1341848030.926741 -2.882026 -0.493373 1.370447 0.672236 -0.570982 0.269138 -0.386837
1341848030.994735 -2.893502 -0.476238 1.374115 0.664457 -0.577157 0.273172 -0.388284
1341848031.026698 -2.900001 -0.464842 1.373894 0.660685 -0.580519 0.273374 -0.389563
1341848031.094761 -2.909665 -0.448068 1.377442 0.654433 -0.586841 0.270990 -0.392300
1341848031.126776 -2.912987 -0.437705 1.380504 0.652778 -0.589042 0.269858 -0.392540
1341848031.194685 -2.924125 -0.421177 1.382256 0.649853 -0.591422 0.268090 -0.395018
1341848031.230953 -2.926724 -0.411016 1.384166 0.649536 -0.593006 0.267619 -0.393481
1341848031.294747 -2.937931 -0.394057 1.381366 0.647563 -0.595762 0.265672 -0.393888
1341848031.330754 -2.938043 -0.386785 1.382978 0.647471 -0.597085 0.264394 -0.392895
1341848031.394753 -2.945529 -0.372927 1.386761 0.646237 -0.597761 0.267848 -0.391557
1341848031.430611 -2.948316 -0.367064 1.389332 0.645170 -0.598867 0.268910 -0.390899
1341848031.472150 -2.952059 -0.361199 1.389999 0.643738 -0.599458 0.271178 -0.390787
1341848031.562876 -2.957417 -0.351828 1.393080 0.642383 -0.601413 0.275233 -0.387160
1341848031.630816 -2.968419 -0.335358 1.396299 0.636879 -0.607574 0.280087 -0.383131
1341848031.698757 -2.978161 -0.327450 1.396861 0.633356 -0.610440 0.284099 -0.381458
1341848031.730668 -2.980065 -0.320723 1.398611 0.630990 -0.611988 0.286652 -0.380990
1341848031.798743 -2.994606 -0.313973 1.398560 0.626029 -0.615128 0.291610 -0.380354
1341848031.830821 -2.997379 -0.308927 1.399531 0.622283 -0.618777 0.292461 -0.379929
1341848031.898722 -3.005924 -0.297422 1.403588 -0.616674 0.623757 -0.297688 0.376859
1341848031.930844 -3.012488 -0.292316 1.401406 -0.612380 0.626358 -0.299501 0.378108
1341848031.998742 -3.022874 -0.281557 1.406174 -0.608392 0.630804 -0.302153 0.375032
1341848032.034711 -3.027925 -0.274796 1.408031 -0.606420 0.631890 -0.304865 0.374202
1341848032.098732 -3.041571 -0.261178 1.406769 -0.602672 0.634993 -0.306929 0.373316
1341848032.134739 -3.047297 -0.252897 1.406426 -0.602056 0.635159 -0.308083 0.373077
1341848032.234663 -3.067550 -0.237094 1.408366 -0.599708 0.637540 -0.309127 0.371931
1341848032.302842 -3.076719 -0.222615 1.406911 -0.598408 0.639315 -0.311179 0.369258
1341848032.334617 -3.082123 -0.219785 1.405966 -0.597335 0.639773 -0.311880 0.369612
1341848032.434730 -3.096416 -0.203929 1.405434 -0.592675 0.642949 -0.316443 0.367718
1341848032.534733 -3.109685 -0.185633 1.406733 -0.588715 0.645093 -0.318880 0.368220
1341848032.603044 -3.119073 -0.173867 1.411227 -0.587101 0.644986 -0.320451 0.369617
1341848032.634746 -3.122262 -0.165830 1.413876 -0.585823 0.644667 -0.321979 0.370871
1341848032.738725 -3.138191 -0.142589 1.416697 -0.582544 0.643462 -0.326628 0.374050
1341848032.802941 -3.144196 -0.129390 1.418628 -0.583099 0.643066 -0.326577 0.373912
1341848032.838781 -3.149536 -0.119404 1.418808 -0.582768 0.642049 -0.327327 0.375515
1341848032.902707 -3.155065 -0.103478 1.418632 -0.581120 0.643949 -0.326207 0.375790
1341848032.938845 -3.158399 -0.097500 1.419020 -0.581083 0.644071 -0.326382 0.375486
1341848033.039238 -3.160657 -0.077618 1.420674 -0.578988 0.646386 -0.328071 0.373265
1341848033.139110 -3.160241 -0.050833 1.422419 -0.571881 0.650244 -0.334043 0.372223
1341848033.206854 -3.159527 -0.039064 1.418111 -0.567293 0.655576 -0.331718 0.371971
1341848033.238728 -3.160342 -0.030720 1.419461 -0.565215 0.657377 -0.333131 0.370691
1341848033.306665 -3.163326 -0.014835 1.421151 -0.562173 0.661456 -0.334329 0.366964
1341848033.338836 -3.162417 -0.009225 1.419446 -0.560018 0.663334 -0.334781 0.366456
1341848033.406805 -3.162371 0.006622 1.421396 -0.558600 0.666197 -0.335696 0.362568
1341848033.443097 -3.162934 0.016191 1.421012 -0.557124 0.666862 -0.337106 0.362308
1341848033.506807 -3.164605 0.029946 1.421161 -0.554879 0.669379 -0.337586 0.360662
1341848033.542876 -3.165299 0.035834 1.420035 -0.553408 0.669868 -0.338158 0.361479
1341848033.606870 -3.164973 0.049095 1.422847 -0.548909 0.674877 -0.337553 0.359580
1341848033.642934 -3.164560 0.056381 1.423739 -0.547116 0.676169 -0.337298 0.360124
1341848033.710808 -3.165657 0.067978 1.427389 -0.545059 0.678874 -0.337146 0.358293
1341848033.742797 -3.164082 0.074862 1.429334 -0.542702 0.680248 -0.336786 0.359600
1341848033.811114 -3.169107 0.086129 1.430519 -0.540855 0.681051 -0.339582 0.358230
1341848033.842774 -3.168403 0.092289 1.430678 -0.538344 0.683137 -0.339350 0.358261
1341848033.911229 -3.169611 0.103087 1.429553 -0.534276 0.686474 -0.341113 0.356294
1341848033.942752 -3.172730 0.108949 1.430878 -0.530363 0.688452 -0.345153 0.354426
1341848034.010755 -3.176440 0.119388 1.436684 -0.523154 0.691226 -0.354279 0.350718
1341848034.042713 -3.178785 0.118582 1.439031 -0.518961 0.693771 -0.357569 0.348578
1341848034.110771 -3.179808 0.129176 1.442531 -0.508723 0.700004 -0.360310 0.348383
1341848034.142710 -3.187677 0.130725 1.440322 -0.503303 0.701596 -0.366151 0.346962
1341848034.210696 -3.192297 0.137439 1.445776 -0.495741 0.705849 -0.370538 0.344557
1341848034.246723 -3.199850 0.145055 1.448442 -0.490122 0.710349 -0.370713 0.343156
1341848034.318061 -3.200514 0.153522 1.449424 -0.483047 0.713807 -0.374377 0.342034
1341848034.386162 -3.210684 0.165400 1.448510 -0.476270 0.717353 -0.376427 0.341868
1341848034.453838 -3.220463 0.177265 1.446952 -0.472340 0.719600 -0.377786 0.341098
1341848034.553684 -3.233762 0.204988 1.449556 -0.470518 0.720449 -0.380418 0.338894
1341848034.653784 -3.248320 0.232734 1.445278 -0.471693 0.722140 -0.378105 0.336237
1341848034.746742 -3.262059 0.264340 1.440017 -0.470343 0.724287 -0.377444 0.334247
1341848034.814737 -3.266493 0.279446 1.437423 -0.469765 0.725913 -0.376717 0.332348
1341848034.846851 -3.272960 0.284902 1.436531 -0.471182 0.725439 -0.376052 0.332131
1341848034.914816 -3.274835 0.300788 1.432363 -0.469376 0.728047 -0.376042 0.328976
1341848034.951491 -3.277730 0.304181 1.431896 -0.469619 0.728439 -0.376290 0.327477
1341848035.014942 -3.278233 0.319162 1.427768 -0.466998 0.731456 -0.376971 0.323694
1341848035.050945 -3.279171 0.323047 1.429671 -0.466326 0.733054 -0.375519 0.322734
1341848035.118886 -3.285791 0.336512 1.423231 -0.465571 0.733137 -0.378188 0.320512
1341848035.218946 -3.284890 0.354667 1.421604 -0.464294 0.735957 -0.376671 0.317674
1341848035.319914 -3.279340 0.374246 1.420895 -0.461024 0.737585 -0.377360 0.317844
1341848035.422709 -3.277861 0.395987 1.423205 -0.455496 0.739816 -0.377730 0.320179
1341848035.518623 -3.275555 0.418476 1.425640 -0.449338 0.742729 -0.376902 0.323099
1341848035.618790 -3.271040 0.447888 1.428866 -0.439777 0.747057 -0.378859 0.323987
1341848035.718791 -3.272672 0.462895 1.428873 -0.429977 0.755174 -0.374898 0.322929
1341848035.818784 -3.267561 0.485163 1.430797 -0.423138 0.760703 -0.375941 0.317733
1341848035.886689 -3.262522 0.499811 1.433423 -0.416247 0.764304 -0.375729 0.318442
1341848035.954633 -3.254494 0.513730 1.436381 -0.411269 0.766856 -0.374766 0.319907
1341848035.986741 -3.257535 0.518795 1.438557 -0.409772 0.767431 -0.372993 0.322510
1341848036.054911 -3.249770 0.537448 1.433513 -0.405185 0.770823 -0.370367 0.323241
1341848036.087013 -3.249845 0.543563 1.439780 -0.404211 0.772188 -0.369867 0.321773
1341848036.154810 -3.244653 0.558623 1.437173 -0.403175 0.774284 -0.370154 0.317678
1341848036.190835 -3.243772 0.566321 1.440959 -0.401431 0.775351 -0.370172 0.317264
1341848036.254692 -3.234896 0.578026 1.439200 -0.402303 0.775070 -0.372911 0.313618
1341848036.290758 -3.236603 0.587742 1.439395 -0.401550 0.774923 -0.376457 0.310696
1341848036.354859 -3.228259 0.600065 1.441009 -0.400204 0.776784 -0.377032 0.307068
1341848036.390843 -3.223899 0.609338 1.440399 -0.398128 0.777696 -0.377565 0.306803
1341848036.458823 -3.222370 0.622479 1.440429 -0.395657 0.779012 -0.379620 0.304111
1341848036.558942 -3.215882 0.652418 1.440192 -0.392855 0.778389 -0.384918 0.302677
1341848036.590723 -3.213784 0.657337 1.442876 -0.391117 0.779079 -0.385248 0.302733
1341848036.658670 -3.207741 0.678835 1.444403 -0.383367 0.781351 -0.388032 0.303235
1341848036.691175 -3.206470 0.687128 1.444032 -0.381240 0.780452 -0.391397 0.303906
1341848036.758851 -3.203979 0.712591 1.448450 -0.373429 0.782671 -0.394178 0.304304
1341848036.790720 -3.204533 0.719882 1.452119 -0.371321 0.782460 -0.396233 0.304755
1341848036.858633 -3.201492 0.740352 1.459201 -0.365600 0.785530 -0.397809 0.301709
1341848036.926846 -3.194998 0.768639 1.458163 -0.357494 0.788007 -0.400498 0.301404
1341848037.061042 -3.184359 0.816590 1.465286 -0.351029 0.786643 -0.411272 0.298038
1341848037.094661 -3.189240 0.827004 1.463326 -0.348365 0.785298 -0.414580 0.300121
1341848037.162789 -3.176053 0.850151 1.479086 -0.345446 0.784800 -0.417579 0.300638
1341848037.263738 -3.172236 0.895051 1.487234 -0.342206 0.776063 -0.429179 0.310525
1341848037.362746 -3.171305 0.921773 1.486219 -0.343949 0.770530 -0.434406 0.315079
1341848037.462765 -3.165102 0.960014 1.482344 -0.345588 0.765535 -0.442941 0.313573
1341848037.562958 -3.155303 0.990349 1.481801 -0.347608 0.764308 -0.445446 0.310774
1341848037.662669 -3.144037 1.012195 1.479197 -0.348268 0.764572 -0.447938 0.305762
1341848037.730964 -3.133676 1.028038 1.484604 -0.346560 0.765985 -0.449682 0.301578
1341848037.769764 -3.122292 1.040186 1.483201 -0.342922 0.768371 -0.449846 0.299416
1341848037.866711 -3.112535 1.062984 1.483131 -0.336197 0.772186 -0.450387 0.296399
1341848037.966864 -3.094514 1.086407 1.478717 -0.327627 0.781585 -0.445617 0.288463
1341848038.066849 -3.074997 1.108391 1.472268 -0.321819 0.788636 -0.442562 0.280403
1341848038.166674 -3.059901 1.133366 1.470953 -0.316572 0.794680 -0.440786 0.271981
1341848038.274093 -3.040334 1.154490 1.472158 -0.310774 0.798693 -0.440732 0.266953
1341848038.341933 -3.025184 1.166449 1.471453 -0.308216 0.800673 -0.441050 0.263438
1341848038.409802 -3.011382 1.181820 1.474209 -0.307509 0.800956 -0.444521 0.257506
1341848038.441825 -3.011699 1.192862 1.475557 -0.305607 0.800838 -0.445478 0.258479
1341848038.566862 -2.990778 1.214338 1.479746 -0.301191 0.799677 -0.452154 0.255651
1341848038.634739 -2.972760 1.240195 1.479812 -0.299938 0.798568 -0.456039 0.253683
1341848038.734794 -2.966784 1.263725 1.488679 -0.300805 0.797769 -0.457521 0.252499
1341848038.838770 -2.955646 1.293176 1.487652 -0.297009 0.798685 -0.458351 0.252591
1341848038.938767 -2.950311 1.327954 1.488007 -0.288220 0.802016 -0.459233 0.250609
1341848039.038895 -2.941334 1.359341 1.487913 -0.279448 0.806815 -0.460166 0.243321
1341848039.138656 -2.937212 1.390487 1.487453 -0.271455 0.809146 -0.461530 0.242042
1341848039.238881 -2.931832 1.417942 1.484719 -0.265387 0.810612 -0.463364 0.240357
1341848039.338889 -2.929416 1.445038 1.484090 -0.260573 0.812383 -0.463606 0.239175
1341848039.438853 -2.924980 1.467002 1.484074 -0.259450 0.813943 -0.464004 0.234269
1341848039.507121 -2.919956 1.479663 1.482634 -0.258681 0.815342 -0.463985 0.230261
1341848039.538659 -2.913010 1.488763 1.482370 -0.257189 0.815461 -0.465785 0.227864
1341848039.606721 -2.903002 1.503618 1.483326 -0.256987 0.815795 -0.466205 0.226030
1341848039.642714 -2.898781 1.511839 1.481343 -0.255969 0.815624 -0.468483 0.223074
1341848039.707168 -2.888314 1.528932 1.482138 -0.255179 0.815179 -0.470405 0.221553
1341848039.742862 -2.889071 1.531959 1.483589 -0.255608 0.815606 -0.470072 0.220190
1341848039.806875 -2.871094 1.542772 1.481239 -0.254818 0.814722 -0.474204 0.215468
1341848039.843282 -2.868351 1.552390 1.477858 -0.252866 0.814976 -0.475247 0.214508
1341848039.913822 -2.851384 1.564016 1.478277 -0.248738 0.815534 -0.477623 0.211921
1341848039.943367 -2.850189 1.571409 1.479973 -0.246474 0.816713 -0.476850 0.211765
1341848040.010707 -2.831717 1.578587 1.473620 -0.241032 0.818056 -0.476768 0.213027
1341848040.042768 -2.826027 1.595874 1.475240 -0.238092 0.819448 -0.476794 0.210915
1341848040.110819 -2.814408 1.605077 1.471646 -0.232365 0.823829 -0.472705 0.209434
1341848040.142744 -2.802714 1.614177 1.467125 -0.229328 0.825305 -0.473433 0.205284
1341848040.211029 -2.787615 1.632443 1.470549 -0.224035 0.830296 -0.469067 0.200980
1341848040.242681 -2.787135 1.630601 1.465739 -0.222969 0.831678 -0.467357 0.200433
1341848040.310719 -2.765594 1.639721 1.467266 -0.215200 0.834207 -0.467811 0.197335
1341848040.346920 -2.762913 1.650286 1.471555 -0.211922 0.836144 -0.466144 0.196626
1341848040.410884 -2.737391 1.657562 1.479897 -0.203494 0.839054 -0.465641 0.194313
1341848040.446720 -2.737939 1.663255 1.474742 -0.200708 0.838119 -0.467672 0.196355
1341848040.517796 -2.723588 1.666503 1.484187 -0.195689 0.839349 -0.467197 0.197296
1341848040.578879 -2.718617 1.681602 1.487378 -0.194545 0.838516 -0.469553 0.196376
1341848040.646758 -2.702502 1.693586 1.492644 -0.189892 0.839539 -0.470910 0.193285
1341848040.714653 -2.688952 1.693574 1.494863 -0.183695 0.839467 -0.477227 0.183864
1341848040.746821 -2.685475 1.700811 1.501207 -0.177876 0.839778 -0.480975 0.178313
1341848040.814675 -2.670063 1.711938 1.499110 -0.168858 0.840193 -0.487353 0.167479
1341848040.846908 -2.664831 1.714100 1.494063 -0.165564 0.839871 -0.489817 0.165184
1341848040.914699 -2.650384 1.725956 1.498436 -0.155766 0.841628 -0.492556 0.157443
1341848040.946862 -2.647382 1.723939 1.497210 -0.152719 0.841973 -0.493231 0.156467
1341848041.058859 -2.621890 1.744399 1.498025 -0.134386 0.846737 -0.491803 0.152007
1341848041.122188 -2.614916 1.748461 1.487189 -0.123819 0.850864 -0.488769 0.147660
1341848041.189954 -2.603951 1.759642 1.486504 -0.110440 0.855290 -0.484298 0.147437
1341848041.250726 -2.589201 1.765417 1.484009 -0.104076 0.858264 -0.481248 0.144746
1341848041.355465 -2.570233 1.779214 1.482139 -0.094763 0.861972 -0.477832 0.140361
1341848041.450845 -2.546560 1.786825 1.478634 -0.086244 0.864431 -0.477638 0.131086
1341848041.550730 -2.522711 1.783300 1.464499 -0.077769 0.867906 -0.475408 0.121153
1341848041.650957 -2.494217 1.782848 1.461767 -0.071371 0.869505 -0.475609 0.112533
1341848041.750776 -2.462178 1.778091 1.459412 -0.062468 0.869688 -0.477161 0.109811
1341848041.854747 -2.425344 1.780962 1.463822 -0.052265 0.869243 -0.478691 0.111983
1341848041.994975 -2.384223 1.781506 1.463874 -0.038439 0.868578 -0.481057 0.112602
1341848042.054627 -2.364564 1.776280 1.470697 -0.030883 0.868619 -0.481582 0.112368
1341848042.154788 -2.334642 1.763773 1.476387 -0.021947 0.870553 -0.479056 0.110275
1341848042.254762 -2.302655 1.758508 1.479847 -0.015629 0.872081 -0.478550 0.101102
1341848042.354987 -2.272114 1.763588 1.478175 -0.005373 0.873880 -0.477167 0.092828
1341848042.429737 -2.248200 1.750475 1.471639 0.000589 0.875738 -0.474704 0.087973
1341848042.490921 -2.232678 1.756129 1.475504 0.009148 0.877780 -0.471666 0.083368
1341848042.558691 -2.214121 1.748471 1.464018 0.018213 0.877449 -0.472784 0.078913
1341848042.658741 -2.181980 1.748057 1.456497 0.035415 0.876512 -0.474392 0.073647
1341848042.761637 -2.151560 1.757507 1.447670 0.055470 0.874896 -0.476180 0.068797
1341848042.829708 -2.144799 1.750905 1.455318 0.063024 0.877873 -0.470618 0.062335
1341848042.861726 -2.137944 1.752242 1.451683 0.068654 0.877744 -0.470394 0.059848
1341848042.965708 -2.103064 1.756767 1.449174 0.082537 0.876716 -0.471319 0.049134
1341848043.065737 -2.087336 1.757302 1.450281 0.093839 0.877283 -0.468411 0.046462
1341848043.165792 -2.057242 1.758332 1.441865 0.104027 0.876865 -0.467726 0.038956
1341848043.265717 -2.027457 1.750478 1.441753 0.110926 0.875414 -0.469435 0.031240
1341848043.369819 -2.007871 1.740772 1.440955 0.115987 0.874240 -0.470683 0.026630
1341848043.469625 -1.971329 1.730912 1.444569 0.123849 0.873631 -0.470060 0.021782
1341848043.569664 -1.937821 1.716514 1.438867 0.134386 0.871000 -0.472076 0.021073
1341848043.670144 -1.914170 1.696210 1.435917 0.140240 0.872261 -0.467985 0.021990
1341848043.769828 -1.882138 1.680514 1.440511 0.147988 0.873694 -0.463049 0.018550
1341848043.837855 -1.864450 1.655532 1.447767 0.152476 0.874636 -0.459892 0.016210
1341848043.869697 -1.850920 1.657602 1.435854 0.154758 0.871409 -0.465323 0.013096
1341848043.938034 -1.840224 1.639295 1.440695 0.155974 0.872991 -0.461897 0.014501
1341848043.969826 -1.835927 1.637616 1.435037 0.156064 0.872226 -0.463348 0.013239
1341848044.037703 -1.816288 1.617620 1.444506 0.157342 0.873700 -0.460225 0.009150
1341848044.073762 -1.806231 1.622207 1.436170 0.158934 0.871226 -0.464364 0.008446
1341848044.173825 -1.791577 1.605700 1.444018 0.159535 0.873694 -0.459482 0.009180
1341848044.237767 -1.771494 1.591045 1.440371 0.163764 0.873165 -0.459068 0.004599
1341848044.273822 -1.761223 1.584719 1.447426 0.165991 0.874136 -0.456433 0.001703
1341848044.337838 -1.754206 1.576364 1.441186 0.169228 0.873638 -0.456199 0.001302
1341848044.373688 -1.748186 1.574507 1.435634 0.172075 0.872403 -0.457496 0.000992
1341848044.441696 -1.741480 1.559696 1.433537 0.179678 0.872438 -0.454497 -0.000208
1341848044.473716 -1.736941 1.554655 1.436292 0.184237 0.872411 -0.452717 -0.001979
1341848044.541856 -1.728098 1.543705 1.426987 0.195537 0.870224 -0.452147 -0.006122
1341848044.573760 -1.725293 1.536991 1.427123 0.200793 0.869552 -0.451116 -0.007405
1341848044.641741 -1.700037 1.527423 1.416022 0.214811 0.865276 -0.452678 -0.015363
1341848044.705966 -1.699192 1.512888 1.425810 0.224523 0.865300 -0.447927 -0.014395
1341848044.771011 -1.682850 1.501347 1.425925 0.235570 0.861956 -0.448550 -0.018511
1341848044.834852 -1.672293 1.494169 1.421329 0.240091 0.860275 -0.449244 -0.021518
1341848044.870686 -1.660225 1.485677 1.429313 0.245936 0.859034 -0.448332 -0.023981
1341848044.970797 -1.636221 1.475675 1.431905 0.256761 0.855653 -0.448840 -0.021787
1341848045.070849 -1.621448 1.464852 1.426003 0.258781 0.857136 -0.444982 -0.018455
1341848045.170759 -1.598958 1.445062 1.417944 0.262546 0.857200 -0.442398 -0.023687
1341848045.270833 -1.582999 1.424044 1.415842 0.263394 0.856698 -0.442610 -0.028078
1341848045.370799 -1.568520 1.401469 1.418702 0.263195 0.858363 -0.439288 -0.031105
1341848045.474692 -1.554740 1.378126 1.416579 0.259849 0.861201 -0.435972 -0.027188
1341848045.606920 -1.531886 1.346436 1.408811 0.256405 0.860370 -0.439650 -0.026994
1341848045.706968 -1.514684 1.316019 1.416243 0.251719 0.864195 -0.434805 -0.027389
1341848045.774776 -1.504031 1.299577 1.405294 0.248488 0.864891 -0.435384 -0.025662
1341848045.874777 -1.483440 1.276683 1.398056 0.241977 0.865728 -0.437396 -0.025444
1341848045.974768 -1.468004 1.250382 1.391075 0.232753 0.867040 -0.440090 -0.019680
1341848046.074722 -1.455075 1.233956 1.374079 0.218709 0.867538 -0.446563 -0.011192
1341848046.181848 -1.435972 1.218086 1.372237 0.206838 0.870800 -0.445811 -0.013360
1341848046.283599 -1.413153 1.206456 1.362990 0.196122 0.874054 -0.444332 -0.011632
1341848046.382309 -1.393994 1.196546 1.363389 0.185611 0.877958 -0.441164 -0.010643
1341848046.485848 -1.371021 1.194211 1.355507 0.178861 0.880202 -0.439460 -0.011361
1341848046.586076 -1.339012 1.189001 1.348617 0.171991 0.881313 -0.439895 -0.014103
1341848046.685899 -1.314165 1.194227 1.345528 0.166301 0.880640 -0.443533 -0.009788
1341848046.778736 -1.290693 1.204447 1.347652 0.161063 0.880342 -0.446110 -0.006572
1341848046.878793 -1.267871 1.218043 1.339958 0.158524 0.878866 -0.449928 -0.005508
1341848046.982780 -1.246047 1.231799 1.337902 0.157088 0.878651 -0.450869 -0.003562
1341848047.089866 -1.212217 1.244091 1.328740 0.156787 0.877791 -0.452617 -0.006298
1341848047.214887 -1.181994 1.259809 1.328312 0.150436 0.880559 -0.449405 -0.004481
1341848047.282779 -1.170539 1.266001 1.337490 0.146081 0.883702 -0.444666 0.001709
1341848047.383038 -1.137930 1.277265 1.340170 0.140650 0.883807 -0.446195 0.003510
1341848047.482648 -1.114393 1.293153 1.344749 0.131690 0.882976 -0.450480 0.008915
1341848047.582955 -1.095214 1.299971 1.348669 0.123493 0.883904 -0.450836 0.014505
1341848047.689728 -1.064006 1.306627 1.348219 0.120548 0.882012 -0.455288 0.015369
1341848047.786695 -1.034516 1.310274 1.353498 0.120146 0.883325 -0.452892 0.013848
1341848047.886853 -1.014431 1.312650 1.360472 0.116570 0.884881 -0.450825 0.012413
1341848047.986771 -0.990950 1.315755 1.359807 0.116896 0.883655 -0.453150 0.012057
1341848048.086776 -0.963941 1.319285 1.362284 0.117287 0.882610 -0.455128 0.010041
1341848048.186720 -0.940002 1.318766 1.368011 0.120108 0.882601 -0.454466 0.007075
1341848048.286640 -0.916155 1.319722 1.369172 0.125252 0.879260 -0.459566 0.003653
1341848048.386709 -0.888999 1.320323 1.375779 0.128790 0.878362 -0.460308 -0.003160
1341848048.490668 -0.866529 1.326497 1.382836 0.130571 0.876128 -0.464008 -0.006910
1341848048.590630 -0.839445 1.326088 1.391674 0.133280 0.873008 -0.469023 -0.010539
1341848048.690791 -0.819211 1.329886 1.397240 0.135559 0.868501 -0.476674 -0.010524
1341848048.791156 -0.805768 1.336615 1.399626 0.137642 0.864134 -0.483994 -0.008753
1341848048.891041 -0.784921 1.338459 1.407414 0.135212 0.860810 -0.490514 -0.010975
1341848048.990810 -0.756149 1.340118 1.419577 0.130425 0.857440 -0.497598 -0.013486
1341848049.090709 -0.732204 1.350236 1.425994 0.123566 0.852197 -0.508140 -0.016909
1341848049.194708 -0.716727 1.355972 1.435593 0.118922 0.850417 -0.512256 -0.015541
1341848049.294747 -0.694264 1.366135 1.436247 0.115259 0.848867 -0.515658 -0.015395
1341848049.394779 -0.666750 1.371894 1.439819 0.119078 0.848024 -0.516165 -0.015816
1341848049.494728 -0.638876 1.383493 1.444206 0.126234 0.845042 -0.519299 -0.017257
1341848049.594759 -0.608282 1.400026 1.443148 0.130708 0.842615 -0.522087 -0.018454
1341848049.695064 -0.579977 1.412839 1.444015 0.130602 0.842793 -0.521821 -0.018601
1341848049.794722 -0.552233 1.429051 1.446158 0.124188 0.844927 -0.520074 -0.014056
1341848049.930835 -0.510026 1.444741 1.446108 0.116618 0.846475 -0.519394 -0.010532
1341848049.998757 -0.494309 1.457710 1.445992 0.111892 0.847071 -0.519539 -0.005431
1341848050.098678 -0.465613 1.465999 1.441814 0.104697 0.846989 -0.521189 -0.003282
1341848050.198726 -0.443210 1.473494 1.440996 0.094586 0.849012 -0.519838 -0.000573
1341848050.298842 -0.422301 1.477858 1.441714 0.082139 0.851356 -0.518110 0.002810
1341848050.398693 -0.392378 1.483186 1.439802 0.071835 0.852328 -0.518029 0.004730
1341848050.498791 -0.371245 1.483149 1.444875 0.058062 0.854115 -0.516776 0.007626
1341848050.598790 -0.347805 1.490773 1.435387 0.048298 0.851740 -0.521567 0.013224
1341848050.702846 -0.322296 1.490027 1.445541 0.036033 0.852877 -0.520625 0.015877
1341848050.802875 -0.295789 1.489358 1.445319 0.027549 0.852684 -0.521155 0.023867
1341848050.902725 -0.273312 1.489781 1.449440 0.014266 0.853194 -0.520542 0.029882
1341848051.002763 -0.247699 1.493326 1.449470 0.003138 0.851235 -0.523759 0.032639
1341848051.102734 -0.224997 1.495720 1.449754 -0.005154 0.849209 -0.526707 0.037381
1341848051.238747 -0.205538 1.499404 1.453596 -0.014437 0.847082 -0.529184 0.046985
1341848051.302718 -0.192622 1.502431 1.454994 -0.020172 0.843277 -0.535137 0.045899
1341848051.406688 -0.183483 1.508136 1.460067 -0.029477 0.838813 -0.541193 0.051316
1341848051.506718 -0.175972 1.513184 1.458117 -0.041836 0.835422 -0.545132 0.056126
1341848051.606760 -0.174475 1.515718 1.450395 -0.065198 0.828041 -0.553649 0.059741
1341848051.706714 -0.166714 1.523456 1.448270 -0.086776 0.821454 -0.559761 0.065956
1341848051.806694 -0.167655 1.532277 1.443927 -0.110751 0.816234 -0.562536 0.071053
1341848051.906707 -0.165868 1.548570 1.440939 -0.131525 0.811355 -0.565907 0.064448
1341848052.006755 -0.173373 1.560750 1.433937 -0.144975 0.812397 -0.561537 0.060573
1341848052.143014 -0.189444 1.567361 1.433331 -0.152279 0.812423 -0.560717 0.048745
1341848052.178064 -0.197532 1.578802 1.428180 -0.155342 0.810845 -0.562421 0.045621
1341848052.311125 -0.216394 1.592120 1.427810 -0.161193 0.814625 -0.556252 0.031398
1341848052.379476 -0.225867 1.601992 1.428426 -0.163020 0.813919 -0.557134 0.023719
1341848052.481496 -0.242045 1.611591 1.430093 -0.163702 0.814080 -0.556919 0.017792
1341848052.579155 -0.260310 1.630625 1.428459 -0.165628 0.812524 -0.558800 0.010737
1341848052.678720 -0.279648 1.644661 1.428391 -0.175641 0.809846 -0.559731 -0.001069
1341848052.778710 -0.302072 1.668446 1.429376 -0.172469 0.812744 -0.556508 -0.000569
1341848052.878813 -0.327440 1.683142 1.430395 -0.172858 0.810966 -0.558842 -0.012241
1341848052.978684 -0.342721 1.699961 1.437333 -0.164602 0.814001 -0.556619 -0.021983
1341848053.082651 -0.368827 1.719254 1.435508 -0.153681 0.814067 -0.559329 -0.028786
1341848053.183210 -0.386272 1.735346 1.439270 -0.138082 0.816968 -0.558566 -0.038749
1341848053.289822 -0.402354 1.742887 1.445762 -0.126699 0.817361 -0.560041 -0.047144
1341848053.386096 -0.419310 1.757118 1.453701 -0.109841 0.819209 -0.560507 -0.051611
1341848053.485736 -0.436607 1.776095 1.450501 -0.090800 0.820698 -0.561525 -0.053848
1341848053.589737 -0.446398 1.789721 1.442452 -0.071811 0.822292 -0.561270 -0.060450
1341848053.689724 -0.465066 1.802983 1.444057 -0.048192 0.828937 -0.553601 -0.063777
1341848053.789882 -0.466628 1.810881 1.447300 -0.023335 0.832137 -0.549188 -0.073463
1341848053.889790 -0.472093 1.819971 1.449497 0.003786 0.832190 -0.548883 -0.078565
1341848053.986823 -0.469225 1.830006 1.459059 0.024920 0.829239 -0.552454 -0.080850
1341848054.086777 -0.467399 1.852718 1.460627 0.047746 0.828323 -0.554072 -0.067865
1341848054.186687 -0.458245 1.866733 1.470571 0.062118 0.831199 -0.549324 -0.059098
1341848054.286801 -0.452873 1.892378 1.471163 0.064288 0.827257 -0.554691 -0.061902
1341848054.387103 -0.437715 1.908214 1.489946 0.069671 0.834305 -0.543049 -0.064642
1341848054.486883 -0.423306 1.924374 1.485094 0.073953 0.835849 -0.540431 -0.061822
1341848054.590790 -0.416519 1.938865 1.502835 0.080817 0.836264 -0.538654 -0.063117
1341848054.691021 -0.418739 1.956929 1.515107 0.087373 0.837750 -0.535322 -0.063020
1341848054.790887 -0.412948 1.973751 1.521668 0.094239 0.833964 -0.539290 -0.069201
1341848054.890895 -0.414732 1.994185 1.529277 0.109433 0.830864 -0.541542 -0.066496
1341848054.991052 -0.410454 2.015140 1.536832 0.122000 0.827219 -0.544388 -0.066826
1341848055.090735 -0.402553 2.042202 1.532879 0.131652 0.820649 -0.551652 -0.069883
1341848055.190986 -0.393438 2.071348 1.549215 0.140884 0.818628 -0.552085 -0.072130
1341848055.294725 -0.372998 2.109378 1.546110 0.148167 0.814897 -0.555849 -0.070866
1341848055.394711 -0.361053 2.149514 1.547293 0.149248 0.812930 -0.558044 -0.073863
1341848055.494734 -0.336222 2.180557 1.544124 0.154191 0.811188 -0.558475 -0.079402
1341848055.594685 -0.320004 2.214119 1.551050 0.158208 0.810127 -0.557978 -0.085585
1341848055.694797 -0.300873 2.238281 1.550694 0.163430 0.809659 -0.556463 -0.089960
1341848055.794951 -0.281557 2.254800 1.552605 0.176548 0.808663 -0.552955 -0.095582
1341848055.894792 -0.265748 2.262899 1.557863 0.189563 0.804213 -0.554479 -0.099301
1341848055.994709 -0.239333 2.278872 1.549127 0.197289 0.800136 -0.557454 -0.100519
1341848056.098792 -0.210333 2.280342 1.548204 0.202649 0.800055 -0.555641 -0.100539
1341848056.198744 -0.171646 2.276112 1.542263 0.205935 0.797439 -0.558134 -0.100837
1341848056.298771 -0.125642 2.279679 1.548013 0.204488 0.798700 -0.557433 -0.097626
1341848056.398744 -0.069653 2.283107 1.547801 0.205296 0.799419 -0.556840 -0.093335
1341848056.498895 -0.019650 2.276107 1.544810 0.212461 0.806655 -0.545775 -0.079362
1341848056.598948 0.030336 2.261554 1.531211 0.215897 0.807755 -0.543214 -0.076411
1341848056.698889 0.074814 2.248225 1.538911 0.214788 0.812742 -0.537459 -0.066745
1341848056.802861 0.109380 2.242092 1.534980 0.206828 0.816317 -0.535443 -0.064417
1341848056.902748 0.133409 2.232534 1.546696 0.202762 0.819254 -0.532703 -0.062756
1341848057.002703 0.156952 2.232358 1.550580 0.202432 0.820860 -0.529919 -0.066298
1341848057.102757 0.187705 2.224751 1.545614 0.203162 0.822185 -0.526786 -0.072337
1341848057.202641 0.222751 2.217960 1.536438 0.203079 0.823931 -0.523449 -0.076796
1341848057.302860 0.260046 2.211639 1.530716 0.205661 0.827233 -0.516703 -0.080043
1341848057.402722 0.298166 2.206213 1.522912 0.210316 0.829527 -0.510503 -0.083901
1341848057.506720 0.338943 2.201646 1.516505 0.220736 0.828992 -0.506431 -0.087040
1341848057.606668 0.381969 2.202241 1.519456 0.231250 0.831508 -0.497761 -0.085742
1341848057.706823 0.424883 2.195947 1.516650 0.246467 0.829672 -0.492424 -0.091741
1341848057.806842 0.468338 2.190892 1.513363 0.259069 0.826894 -0.490444 -0.092704
1341848057.906831 0.507658 2.186283 1.512629 0.266507 0.823400 -0.492652 -0.090998
1341848058.006833 0.538211 2.182544 1.510940 0.267908 0.824083 -0.491901 -0.084536
1341848058.106790 0.579982 2.172597 1.518089 0.263128 0.823597 -0.495902 -0.080829
1341848058.207081 0.620962 2.160740 1.521782 0.254466 0.823245 -0.501254 -0.079117
1341848058.310701 0.656431 2.135772 1.511407 0.249781 0.819843 -0.508560 -0.082666
1341848058.410669 0.690316 2.129919 1.514686 0.249622 0.818282 -0.511041 -0.083311
1341848058.542970 0.724248 2.102673 1.516240 0.261051 0.813097 -0.513645 -0.083027
1341848058.610842 0.734416 2.086502 1.520769 0.269005 0.811488 -0.512279 -0.081822
1341848058.710728 0.749046 2.070825 1.530988 0.272179 0.809161 -0.513087 -0.088987
1341848058.810874 0.774625 2.057455 1.518849 0.277361 0.807518 -0.512761 -0.089793
1341848058.946807 0.788033 2.036156 1.524109 0.288126 0.805663 -0.509248 -0.092499
1341848059.014660 0.799575 2.019644 1.522747 0.293577 0.801486 -0.511971 -0.096532
1341848059.114675 0.800628 2.015621 1.530231 0.297178 0.800038 -0.510619 -0.104371
1341848059.214738 0.804457 2.005684 1.528079 0.301288 0.798397 -0.508915 -0.113109
1341848059.314667 0.804394 2.007193 1.525136 0.309125 0.791531 -0.513266 -0.120327
1341848059.414736 0.802886 2.004271 1.525945 0.316853 0.786926 -0.514884 -0.123474
1341848059.514652 0.805588 2.011021 1.516708 0.322798 0.782445 -0.516507 -0.129618
1341848059.614734 0.810443 2.008343 1.521806 0.328044 0.778852 -0.517575 -0.133767
1341848059.718703 0.813902 2.010770 1.521527 0.328540 0.777345 -0.518748 -0.136740
1341848059.818759 0.822480 2.011565 1.526332 0.328244 0.777058 -0.518421 -0.140271
1341848059.918755 0.827910 2.011245 1.519328 0.325686 0.772940 -0.525597 -0.142267
1341848060.018660 0.832610 2.007174 1.530657 0.323468 0.771226 -0.528967 -0.144124
1341848060.118813 0.834631 2.020807 1.528063 0.316090 0.766399 -0.539500 -0.147172
1341848060.218851 0.835727 2.021010 1.524213 0.312082 0.764385 -0.543024 -0.153118
1341848060.318914 0.833639 2.025240 1.519031 0.310333 0.763767 -0.543358 -0.158480
1341848060.418639 0.833756 2.026063 1.509708 0.306791 0.763467 -0.543902 -0.164829
1341848060.522925 0.826802 2.022495 1.509677 0.301652 0.763180 -0.544625 -0.173049
1341848060.622697 0.817742 2.030003 1.506072 0.299905 0.761044 -0.546561 -0.179279
1341848060.723165 0.807449 2.042064 1.507632 0.298707 0.759986 -0.548614 -0.179497
1341848060.823967 0.800568 2.041859 1.504443 0.296157 0.758492 -0.554048 -0.173241
1341848060.923126 0.786515 2.047228 1.507005 0.291862 0.757943 -0.559294 -0.165919
1341848061.030587 0.773483 2.039948 1.512177 0.289961 0.757200 -0.562707 -0.161035
1341848061.100583 0.758335 2.038148 1.520057 0.287820 0.757741 -0.563032 -0.161193
1341848061.259408 0.725471 2.042877 1.538991 0.284709 0.750038 -0.574419 -0.162563
1341848061.326612 0.718771 2.040540 1.539746 0.285479 0.745848 -0.579292 -0.163199
1341848061.426913 0.703417 2.041654 1.545127 0.287655 0.742700 -0.582321 -0.162954
1341848061.526736 0.689491 2.043130 1.545782 0.288750 0.740584 -0.583982 -0.164697
1341848061.626731 0.678598 2.043243 1.550602 0.290392 0.740442 -0.582954 -0.166079
1341848061.726726 0.669759 2.046177 1.551010 0.292549 0.739828 -0.582205 -0.167652
1341848061.826740 0.663251 2.045596 1.546513 0.292985 0.739598 -0.581447 -0.170510
1341848061.930667 0.659537 2.042297 1.547733 0.290825 0.741986 -0.578873 -0.172578
1341848062.030704 0.654542 2.037416 1.542136 0.287583 0.744888 -0.577140 -0.171309
1341848062.130773 0.641995 2.033067 1.540767 0.282846 0.748706 -0.575468 -0.168147
1341848062.230750 0.635442 2.022573 1.537974 0.272824 0.752285 -0.574951 -0.170484
1341848062.330839 0.626233 2.021256 1.537501 0.267156 0.757173 -0.572838 -0.164843
1341848062.430832 0.622501 2.019919 1.533407 0.264397 0.757645 -0.575014 -0.159461
1341848062.530743 0.613242 2.019072 1.531934 0.263531 0.758338 -0.576782 -0.150987
1341848062.630793 0.603955 2.025488 1.530635 0.263725 0.759340 -0.577642 -0.142063
1341848062.734924 0.584996 2.031885 1.530720 0.260755 0.759085 -0.580157 -0.138618
1341848062.834828 0.571018 2.035940 1.531819 0.257865 0.760579 -0.580646 -0.133699
1341848062.934962 0.552113 2.038507 1.534323 0.248722 0.764168 -0.580248 -0.132273
1341848063.034972 0.531402 2.041079 1.535153 0.240565 0.767976 -0.579208 -0.129848
1341848063.135045 0.508227 2.050445 1.537286 0.234518 0.768769 -0.581567 -0.125600
1341848063.234990 0.482815 2.057891 1.540835 0.227224 0.771096 -0.582260 -0.121463
1341848063.334854 0.459796 2.062801 1.536262 0.219522 0.773164 -0.582295 -0.122315
1341848063.439276 0.437818 2.066113 1.539468 0.213579 0.778206 -0.576985 -0.125965
1341848063.541802 0.417846 2.056779 1.538580 0.212307 0.782418 -0.571285 -0.127992
1341848063.609732 0.401879 2.064113 1.530068 0.214083 0.783784 -0.569570 -0.124261
1341848063.709890 0.384845 2.063646 1.515399 0.213225 0.786909 -0.566958 -0.117765
1341848063.809840 0.362271 2.055382 1.518736 0.207139 0.792108 -0.562344 -0.115878
1341848063.913769 0.335451 2.033973 1.524943 0.202601 0.794693 -0.560174 -0.116709
1341848064.013951 0.310882 2.023480 1.521407 0.199709 0.791786 -0.565927 -0.113652
1341848064.113685 0.277183 2.010694 1.530776 0.194445 0.792958 -0.566152 -0.113497
1341848064.213863 0.245586 1.990229 1.531502 0.196237 0.793115 -0.566179 -0.109096
1341848064.313795 0.206626 1.972387 1.533473 0.196630 0.792043 -0.566946 -0.112150
1341848064.418063 0.161113 1.964909 1.531379 0.198194 0.791357 -0.566794 -0.114970
1341848064.518010 0.114795 1.948071 1.542936 0.193140 0.793541 -0.563898 -0.122510
1341848064.617693 0.082725 1.942815 1.550289 0.194394 0.790842 -0.567964 -0.119148
1341848064.685821 0.066218 1.938329 1.541320 0.196759 0.788738 -0.570998 -0.114628
1341848064.749892 0.042085 1.945415 1.546232 0.193259 0.790722 -0.569551 -0.114113
1341848064.810737 0.031203 1.944499 1.543159 0.190435 0.790212 -0.571611 -0.112072
1341848064.910832 0.009792 1.946319 1.541386 0.190917 0.790301 -0.572782 -0.104379
1341848065.010770 -0.016184 1.949879 1.547397 0.191779 0.791180 -0.572413 -0.097968
1341848065.110686 -0.044133 1.954117 1.539877 0.192366 0.791121 -0.573583 -0.090141
1341848065.214760 -0.068096 1.958376 1.542067 0.189406 0.789500 -0.576950 -0.089126
1341848065.314761 -0.092707 1.964004 1.540620 0.183158 0.790672 -0.577498 -0.088238
1341848065.414914 -0.118785 1.970364 1.541543 0.177155 0.791158 -0.578745 -0.087969
1341848065.514745 -0.148337 1.974937 1.542280 0.172021 0.789669 -0.582275 -0.088251
1341848065.614763 -0.169872 1.978556 1.546912 0.166473 0.789518 -0.583993 -0.088878
1341848065.714808 -0.192775 1.987840 1.546294 0.158823 0.790512 -0.585348 -0.085053
1341848065.814742 -0.204134 1.989280 1.541201 0.148004 0.794470 -0.583180 -0.082548
1341848065.918698 -0.208732 1.994245 1.534236 0.135154 0.799934 -0.579916 -0.074405
1341848066.018773 -0.226082 2.003039 1.531732 0.118719 0.806635 -0.575285 -0.065524
1341848066.118721 -0.241019 2.004224 1.527356 0.109192 0.811175 -0.571485 -0.058973
1341848066.218688 -0.257658 2.002663 1.529757 0.103222 0.815396 -0.567230 -0.052201
1341848066.318695 -0.276438 1.993989 1.536813 0.097887 0.817928 -0.564597 -0.051402
1341848066.418820 -0.303917 1.986350 1.533332 0.095093 0.815754 -0.568425 -0.048950
1341848066.522806 -0.330910 1.981616 1.533605 0.086737 0.815845 -0.569907 -0.045604
1341848066.623500 -0.353315 1.971514 1.535089 0.075569 0.815902 -0.571055 -0.049891
1341848066.732527 -0.379421 1.957692 1.539538 0.066795 0.814882 -0.573313 -0.053092
1341848066.833355 -0.404885 1.945348 1.534606 0.058038 0.811227 -0.578920 -0.058265
1341848066.930221 -0.429072 1.940257 1.534151 0.052198 0.811869 -0.578648 -0.057540
1341848067.054702 -0.461176 1.938624 1.532884 0.044088 0.812853 -0.577791 -0.059020
1341848067.122963 -0.466280 1.928559 1.540201 0.041569 0.813024 -0.577364 -0.062566
1341848067.222948 -0.484035 1.933467 1.540165 0.041400 0.810489 -0.581297 -0.059057
1341848067.322816 -0.497889 1.935413 1.539881 0.047115 0.809575 -0.582538 -0.054929
1341848067.426869 -0.511623 1.938413 1.539595 0.054499 0.809216 -0.582651 -0.052130
1341848067.526659 -0.526972 1.943645 1.535470 0.062344 0.809781 -0.581254 -0.050115
1341848067.626656 -0.532145 1.946852 1.542547 0.063647 0.810362 -0.579666 -0.057006
1341848067.726732 -0.543618 1.953972 1.547899 0.067891 0.806867 -0.583957 -0.057886
1341848067.826795 -0.555524 1.965119 1.549341 0.074019 0.803466 -0.587949 -0.057272
