#timestamp x y z qx qy qz qw
1341847980.854690 -0.680943 2.691897 1.737081 0.000127 0.860893 -0.508534 -0.016031
1341847980.890728 -0.680945 2.691186 1.737411 0.000358 0.860893 -0.508539 -0.015868
1341847980.990699 -0.670013 2.692758 1.736376 0.000467 0.860746 -0.508698 -0.018505
1341847981.090715 -0.671582 2.696798 1.731698 -0.000055 0.859927 -0.510080 -0.018552
1341847981.158632 -0.665142 2.696903 1.735939 0.002306 0.860360 -0.509327 -0.019018
1341847981.190636 -0.653776 2.692206 1.739030 0.004778 0.860972 -0.508240 -0.019912
1341847981.290787 -0.655708 2.695458 1.737231 0.006654 0.860235 -0.509588 -0.016480
1341847981.390810 -0.643902 2.695934 1.741844 0.009167 0.860284 -0.509403 -0.018322
1341847981.490701 -0.615277 2.700502 1.734687 0.012930 0.859141 -0.511164 -0.020522
1341847981.594855 -0.609248 2.708595 1.738980 0.012332 0.858599 -0.512017 -0.022245
1341847981.694720 -0.586718 2.715163 1.729124 0.014245 0.857592 -0.513508 -0.025336
1341847981.794659 -0.577906 2.726162 1.726893 0.014400 0.858663 -0.511725 -0.025064
1341847981.862719 -0.562146 2.720376 1.729982 0.014199 0.860180 -0.509056 -0.027400
1341847981.894631 -0.561208 2.736202 1.721119 0.013528 0.859061 -0.511047 -0.025734
1341847981.994808 -0.540720 2.721953 1.733204 0.013996 0.862931 -0.504444 -0.026282
1341847982.062739 -0.537681 2.722092 1.729695 0.011036 0.861300 -0.507316 -0.025919
1341847982.094786 -0.542102 2.729019 1.723738 0.008955 0.860295 -0.509112 -0.024854
1341847982.162730 -0.509998 2.725186 1.734949 0.009925 0.858978 -0.511224 -0.026623
1341847982.194674 -0.533635 2.735374 1.734094 0.008287 0.859260 -0.511014 -0.021617
1341847982.262666 -0.520235 2.725775 1.739719 0.010135 0.860200 -0.509119 -0.027425
1341847982.294994 -0.507088 2.727815 1.741233 0.011833 0.859958 -0.509269 -0.031256
1341847982.398909 -0.477313 2.718389 1.736340 0.019688 0.856248 -0.515347 -0.029492
1341847982.462624 -0.503059 2.726759 1.748134 0.020587 0.855849 -0.516164 -0.025960
1341847982.498616 -0.513526 2.734432 1.740888 0.020162 0.855035 -0.517494 -0.026598
1341847982.566660 -0.498515 2.730737 1.755592 0.024385 0.857954 -0.512272 -0.029965
1341847982.598726 -0.473515 2.724147 1.753293 0.028747 0.859140 -0.509722 -0.035160
1341847982.666620 -0.479862 2.723991 1.736725 0.030948 0.858339 -0.510807 -0.037050
1341847982.698638 -0.465554 2.724164 1.741100 0.033732 0.859285 -0.508714 -0.041247
1341847982.766706 -0.444573 2.714124 1.731004 0.038733 0.858531 -0.509060 -0.047772
1341847982.798737 -0.450691 2.710121 1.743290 0.039991 0.859759 -0.507066 -0.045819
1341847982.898700 -0.414601 2.714718 1.733116 0.043832 0.855615 -0.513481 -0.048364
1341847982.966708 -0.392789 2.710914 1.747468 0.044934 0.858550 -0.508825 -0.044381
1341847982.998783 -0.373974 2.709373 1.745378 0.046012 0.858700 -0.508126 -0.048226
1341847983.102757 -0.343490 2.707276 1.735055 0.048291 0.859523 -0.506450 -0.048957
1341847983.202653 -0.312788 2.710344 1.731491 0.050188 0.858019 -0.509115 -0.045669
1341847983.266753 -0.307916 2.718377 1.732093 0.049924 0.859387 -0.507082 -0.042776
1341847983.302701 -0.274485 2.700465 1.734151 0.053187 0.861244 -0.502993 -0.049283
1341847983.370887 -0.266706 2.688455 1.735044 0.053037 0.862068 -0.501136 -0.053752
1341847983.402670 -0.266125 2.705495 1.725953 0.053113 0.860085 -0.504691 -0.052144
1341847983.470674 -0.229387 2.687389 1.739525 0.056683 0.862582 -0.499970 -0.052627
1341847983.502767 -0.222809 2.688243 1.743427 0.054885 0.862038 -0.500676 -0.056590
1341847983.602741 -0.177972 2.687479 1.739942 0.059324 0.860571 -0.501699 -0.064776
1341847983.638729 -0.167942 2.692010 1.740294 0.060508 0.859535 -0.503309 -0.064943
1341847983.702857 -0.136996 2.695724 1.736940 0.063502 0.856188 -0.508291 -0.067455
1341847983.806672 -0.104210 2.700314 1.740074 0.066211 0.854242 -0.511451 -0.065604
1341847983.906692 -0.042879 2.702132 1.737664 0.071820 0.851136 -0.516082 -0.063787
1341847984.006722 -0.013003 2.714186 1.736484 0.071168 0.852151 -0.514228 -0.065911
1341847984.106759 0.037205 2.709090 1.712693 0.075135 0.853891 -0.509451 -0.075396
1341847984.206711 0.064770 2.715042 1.699520 0.072159 0.856902 -0.504272 -0.078886
1341847984.306662 0.106104 2.705916 1.688878 0.073423 0.859437 -0.500024 -0.077155
1341847984.406718 0.137601 2.689638 1.675789 0.074226 0.862351 -0.495522 -0.072787
1341847984.506747 0.175053 2.660486 1.667149 0.076138 0.863511 -0.492887 -0.074927
1341847984.610792 0.211424 2.613194 1.653985 0.081047 0.863397 -0.491197 -0.081873
1341847984.710651 0.236658 2.578394 1.651203 0.082284 0.861711 -0.494326 -0.079534
1341847984.810639 0.250312 2.545052 1.647580 0.083207 0.859845 -0.497701 -0.077694
1341847984.910613 0.274755 2.516368 1.634358 0.088710 0.855920 -0.503788 -0.075686
1341847985.010633 0.289162 2.475932 1.638932 0.092217 0.859429 -0.498204 -0.068345
1341847985.110771 0.305927 2.432781 1.628637 0.098535 0.860252 -0.494433 -0.076113
1341847985.210840 0.319693 2.385573 1.635697 0.104523 0.860443 -0.491898 -0.082157
1341847985.314648 0.322425 2.353408 1.642251 0.107145 0.859386 -0.492182 -0.087936
1341847985.414650 0.337588 2.318403 1.644417 0.110934 0.859638 -0.490018 -0.092725
1341847985.514673 0.350396 2.284340 1.634849 0.114908 0.857855 -0.491366 -0.097163
1341847985.614773 0.364731 2.242086 1.633229 0.121873 0.856151 -0.491495 -0.102886
1341847985.714719 0.374383 2.201194 1.623354 0.131785 0.850290 -0.498904 -0.103610
1341847985.814703 0.402191 2.158604 1.619212 0.142721 0.841687 -0.509469 -0.107871
1341847985.914968 0.416938 2.130637 1.628699 0.153594 0.839008 -0.510881 -0.107122
1341847986.018756 0.431275 2.090831 1.632387 0.161762 0.836908 -0.509464 -0.117746
1341847986.118719 0.443834 2.055721 1.634910 0.169128 0.836412 -0.507169 -0.120792
1341847986.218674 0.457191 2.011879 1.633326 0.177591 0.834362 -0.505003 -0.131425
1341847986.286733 0.459723 1.984119 1.635145 0.183318 0.831991 -0.505891 -0.135127
1341847986.394467 0.460118 1.956117 1.633804 0.192039 0.826643 -0.510300 -0.139195
1341847986.493735 0.466963 1.909192 1.632369 0.200504 0.825525 -0.506700 -0.146838
1341847986.593712 0.470948 1.864125 1.628251 0.206913 0.824454 -0.504175 -0.152547
1341847986.693739 0.475472 1.825331 1.620661 0.216040 0.820601 -0.505832 -0.155162
1341847986.793794 0.477628 1.790241 1.621589 0.227528 0.821216 -0.500988 -0.151149
1341847986.886746 0.483184 1.752112 1.609910 0.236590 0.820622 -0.497485 -0.152031
1341847986.990631 0.485997 1.710209 1.614003 0.243321 0.823592 -0.488654 -0.153973
1341847987.091223 0.489245 1.678047 1.606726 0.251118 0.823531 -0.484579 -0.154657
1341847987.190716 0.491493 1.642386 1.606583 0.255769 0.824525 -0.475697 -0.168682
1341847987.290653 0.496338 1.608726 1.600447 0.263819 0.823278 -0.470338 -0.177188
1341847987.390720 0.505171 1.571310 1.593896 0.268350 0.817541 -0.469601 -0.197712
1341847987.490754 0.519837 1.541334 1.574255 0.276645 0.806206 -0.477842 -0.212525
1341847987.590776 0.532330 1.518700 1.558809 0.287854 0.799230 -0.479793 -0.219477
1341847987.691638 0.542741 1.504601 1.539800 0.298458 0.794523 -0.481152 -0.219427
1341847987.794708 0.556804 1.470359 1.517633 0.310262 0.789476 -0.483357 -0.216405
1341847987.897796 0.569502 1.437101 1.504503 0.317500 0.786884 -0.484446 -0.212885
1341847987.997794 0.584950 1.409777 1.501129 0.314560 0.785476 -0.487622 -0.215184
1341847988.098165 0.596855 1.377085 1.493765 0.306463 0.783107 -0.492317 -0.224606
1341847988.201710 0.610176 1.361981 1.475081 0.308014 0.778286 -0.498666 -0.225236
1341847988.301776 0.615500 1.337336 1.469775 0.311615 0.779183 -0.494525 -0.226308
1341847988.401745 0.621428 1.315105 1.455696 0.320570 0.777771 -0.492613 -0.222801
1341847988.502496 0.629060 1.299510 1.452932 0.324074 0.776329 -0.491540 -0.225119
1341847988.569700 0.638510 1.292388 1.440763 0.329922 0.774798 -0.491943 -0.220978
1341847988.601796 0.641010 1.289808 1.441626 0.329876 0.776287 -0.489476 -0.221298
1341847988.706192 0.653011 1.278217 1.438236 0.329802 0.778903 -0.482427 -0.227608
1341847988.806051 0.668473 1.265828 1.436807 0.338173 0.775998 -0.482377 -0.225342
1341847988.873917 0.681215 1.259209 1.440464 0.341847 0.776228 -0.477961 -0.228394
1341847988.937824 0.696008 1.255656 1.440305 0.346126 0.774357 -0.477026 -0.230248
1341847988.998737 0.710679 1.245702 1.438589 0.352733 0.772739 -0.474950 -0.229947
1341847989.098821 0.735356 1.226433 1.447403 0.354202 0.774426 -0.469777 -0.232625
1341847989.166672 0.754265 1.214613 1.451627 0.355638 0.770913 -0.474670 -0.232171
1341847989.202743 0.766751 1.213637 1.453282 0.355526 0.768912 -0.479046 -0.229979
1341847989.266651 0.786208 1.202214 1.462298 0.352129 0.769780 -0.481178 -0.227839
1341847989.302773 0.797648 1.199338 1.464302 0.348749 0.770450 -0.482317 -0.228366
1341847989.366685 0.817461 1.189489 1.473408 0.339468 0.776244 -0.477854 -0.232085
1341847989.402777 0.826653 1.183830 1.477470 0.336366 0.777919 -0.475295 -0.236207
1341847989.502614 0.856719 1.178156 1.487543 0.332279 0.779274 -0.474054 -0.239989
1341847989.602804 0.878775 1.165322 1.497880 0.334089 0.779965 -0.471188 -0.240875
1341847989.702606 0.904644 1.160507 1.501605 0.335725 0.777015 -0.470825 -0.248717
1341847989.802890 0.931829 1.154250 1.504469 0.338529 0.776213 -0.467224 -0.254152
1341847989.902718 0.963853 1.146562 1.508510 0.341978 0.772591 -0.467716 -0.259608
1341847990.006923 1.000934 1.140775 1.515510 0.346384 0.770476 -0.469525 -0.256769
1341847990.106701 1.038384 1.133283 1.517593 0.347322 0.768461 -0.470485 -0.259768
1341847990.207022 1.075965 1.127269 1.518747 0.349532 0.764807 -0.476549 -0.256512
1341847990.306743 1.111075 1.120842 1.524312 0.349204 0.765084 -0.477613 -0.254144
1341847990.374663 1.132922 1.114731 1.523507 0.350056 0.764883 -0.477327 -0.254113
1341847990.406760 1.147774 1.115154 1.525913 0.348782 0.765955 -0.476784 -0.253656
1341847990.474644 1.164550 1.105813 1.524892 0.350989 0.767038 -0.474354 -0.251890
1341847990.506783 1.174017 1.105253 1.526911 0.350634 0.767530 -0.473697 -0.252120
1341847990.642783 1.207333 1.095034 1.525713 0.358816 0.766276 -0.470147 -0.251065
1341847990.710795 1.225043 1.089915 1.524040 0.365229 0.763153 -0.471004 -0.249722
1341847990.810771 1.245268 1.076484 1.526489 0.373294 0.760474 -0.469811 -0.248210
1341847990.910825 1.266502 1.064947 1.527599 0.378225 0.758795 -0.466730 -0.251673
1341847991.010797 1.283933 1.050651 1.528733 0.382255 0.756598 -0.463835 -0.257483
1341847991.111319 1.300324 1.036323 1.531016 0.388951 0.752355 -0.464256 -0.259123
1341847991.210687 1.319548 1.014192 1.532674 0.394113 0.748484 -0.463571 -0.263721
1341847991.310807 1.341943 0.991565 1.531043 0.398714 0.743776 -0.464368 -0.268676
1341847991.414715 1.364024 0.970267 1.529238 0.410381 0.740818 -0.464735 -0.258453
1341847991.514709 1.378113 0.945383 1.530115 0.416493 0.740275 -0.456713 -0.264460
1341847991.614853 1.392609 0.931382 1.532032 0.429637 0.734297 -0.455667 -0.261893
1341847991.746823 1.406441 0.914670 1.541021 0.446672 0.722831 -0.452853 -0.270045
1341847991.814748 1.409123 0.900496 1.546575 0.453160 0.720298 -0.448210 -0.273725
1341847991.915817 1.422177 0.883075 1.552529 0.459561 0.714581 -0.445454 -0.282398
1341847992.014724 1.433586 0.863440 1.556974 0.462267 0.711692 -0.441861 -0.290797
1341847992.114842 1.447452 0.845768 1.558979 0.464037 0.710363 -0.438855 -0.295737
1341847992.218736 1.464904 0.819327 1.559092 0.469164 0.706334 -0.437268 -0.299623
1341847992.318683 1.486187 0.794906 1.560239 0.475170 0.700324 -0.434522 -0.308140
1341847992.418855 1.508859 0.770038 1.562794 0.485042 0.693116 -0.433292 -0.310777
1341847992.518735 1.534354 0.748885 1.563027 0.493994 0.686189 -0.433232 -0.312130
1341847992.618832 1.561996 0.721662 1.565679 0.498901 0.683765 -0.429318 -0.315038
1341847992.718718 1.583908 0.696864 1.563132 0.503099 0.680631 -0.427997 -0.316941
1341847992.818723 1.606177 0.671810 1.563641 0.505445 0.679113 -0.426308 -0.318734
1341847992.922713 1.624206 0.648324 1.562224 0.509754 0.678298 -0.420622 -0.321153
1341847993.022736 1.638945 0.628051 1.560912 0.513634 0.674907 -0.419575 -0.323478
1341847993.122668 1.649341 0.599949 1.558602 0.516548 0.674679 -0.414021 -0.326456
1341847993.222703 1.652880 0.569795 1.556360 0.521151 0.670286 -0.410904 -0.332079
1341847993.322794 1.660241 0.540131 1.559183 0.526509 0.663538 -0.413664 -0.333749
1341847993.422745 1.666864 0.510393 1.558833 0.531747 0.658990 -0.409931 -0.339019
1341847993.522707 1.676066 0.479441 1.553222 0.539619 0.650950 -0.411223 -0.340546
1341847993.626764 1.686946 0.443786 1.550761 0.547826 0.648226 -0.407507 -0.337087
1341847993.727062 1.685891 0.410497 1.551058 0.552394 0.651988 -0.396592 -0.335392
1341847993.826735 1.692232 0.375304 1.548752 0.555870 0.649462 -0.390866 -0.341221
1341847993.933661 1.691408 0.343205 1.552072 0.557876 0.649208 -0.385813 -0.344168
1341847994.034008 1.687569 0.315451 1.557471 0.560101 0.646977 -0.380040 -0.351108
1341847994.133885 1.691857 0.288974 1.563364 0.563247 0.641060 -0.380242 -0.356666
1341847994.233618 1.699171 0.264502 1.566669 0.569390 0.631061 -0.385087 -0.359535
1341847994.333755 1.709411 0.234798 1.573337 0.573082 0.623892 -0.385197 -0.366004
1341847994.433802 1.726519 0.201169 1.577049 0.576807 0.615588 -0.388651 -0.370534
1341847994.537738 1.741761 0.164540 1.578870 0.581720 0.608689 -0.390633 -0.372162
1341847994.637836 1.755345 0.126848 1.577408 0.588985 0.603449 -0.387201 -0.372856
1341847994.701643 1.764623 0.103557 1.577764 0.592598 0.602187 -0.383850 -0.372637
1341847994.769803 1.766808 0.081108 1.576462 0.595440 0.599276 -0.380790 -0.375923
1341847994.831306 1.786416 0.060628 1.569804 0.602267 0.596230 -0.373719 -0.376987
1341847994.930711 1.791772 0.027937 1.569368 0.607796 0.596129 -0.365901 -0.375940
1341847995.030768 1.792140 0.000354 1.568145 0.616623 0.587965 -0.361115 -0.379038
1341847995.134939 1.793010 -0.026395 1.569595 0.623778 0.578388 -0.357298 -0.385625
1341847995.234663 1.795325 -0.052565 1.569011 0.628936 0.569850 -0.355807 -0.391296
1341847995.334686 1.799251 -0.076331 1.571737 0.633349 0.562925 -0.355365 -0.394589
1341847995.434743 1.796885 -0.104835 1.571332 0.635889 0.560547 -0.350429 -0.398286
1341847995.534752 1.791503 -0.137510 1.568895 0.638982 0.555639 -0.351347 -0.399403
1341847995.634814 1.793229 -0.163034 1.566721 0.647609 0.550664 -0.353610 -0.390297
1341847995.734774 1.780210 -0.185210 1.562654 0.654790 0.548410 -0.346873 -0.387524
1341847995.838779 1.777437 -0.205491 1.564370 0.658928 0.544853 -0.344604 -0.387554
1341847995.938733 1.775462 -0.223050 1.561382 0.660802 0.542554 -0.340344 -0.391334
1341847996.038762 1.772642 -0.234667 1.564679 0.664304 0.537644 -0.336087 -0.395835
1341847996.138845 1.773652 -0.245148 1.569858 0.666305 0.531829 -0.334818 -0.401363
1341847996.239003 1.777920 -0.256959 1.568956 0.667898 0.525302 -0.332330 -0.409301
1341847996.338944 1.779685 -0.272130 1.567388 0.672701 0.518781 -0.330434 -0.411282
1341847996.438632 1.783108 -0.285920 1.568780 0.678284 0.510671 -0.327781 -0.414373
1341847996.538771 1.786164 -0.305453 1.568553 0.682243 0.502540 -0.327981 -0.417644
1341847996.642752 1.799010 -0.327434 1.564401 0.685937 0.499612 -0.324672 -0.417691
1341847996.742663 1.802532 -0.348785 1.559373 0.691447 0.497792 -0.312080 -0.420369
1341847996.842763 1.799592 -0.372924 1.555802 0.699220 0.491117 -0.304457 -0.420953
1341847996.942686 1.799586 -0.405809 1.550399 0.702798 0.485010 -0.306207 -0.420805
1341847997.042675 1.809550 -0.439560 1.549710 0.702912 0.480473 -0.309839 -0.423155
1341847997.142993 1.816819 -0.477776 1.551401 0.701574 0.480690 -0.308978 -0.425751
1341847997.242959 1.819265 -0.509882 1.548282 0.699697 0.482651 -0.307894 -0.427403
1341847997.346642 1.818732 -0.537465 1.551639 0.701233 0.482285 -0.304104 -0.428012
1341847997.446693 1.807129 -0.562627 1.554921 0.703064 0.475950 -0.301319 -0.434027
1341847997.546599 1.802729 -0.591916 1.558389 0.705164 0.468778 -0.296803 -0.441475
1341847997.646995 1.788926 -0.621703 1.563420 0.705707 0.463991 -0.290793 -0.449587
1341847997.746602 1.773187 -0.653212 1.563068 0.704459 0.458650 -0.292331 -0.455983
1341847997.846906 1.761529 -0.692106 1.569823 0.705600 0.451504 -0.293268 -0.460724
1341847997.946999 1.743601 -0.725417 1.569420 0.712215 0.442605 -0.294298 -0.458519
1341847998.050805 1.728290 -0.761651 1.575244 0.715596 0.437559 -0.294948 -0.457678
1341847998.122275 1.719693 -0.780787 1.574809 0.717142 0.436842 -0.299047 -0.453264
1341847998.253760 1.698516 -0.819865 1.575713 0.716497 0.442130 -0.295218 -0.451663
1341847998.318804 1.687118 -0.842234 1.576626 0.714148 0.444979 -0.295390 -0.452473
1341847998.419237 1.675260 -0.874986 1.573769 0.711842 0.451148 -0.294079 -0.450848
1341847998.550746 1.658816 -0.920455 1.571074 0.708529 0.462072 -0.288139 -0.448834
1341847998.650736 1.653467 -0.960939 1.568720 0.708114 0.465288 -0.283858 -0.448894
1341847998.750838 1.642235 -0.998847 1.564621 0.709812 0.464071 -0.282254 -0.448485
1341847998.854711 1.634774 -1.038079 1.558043 0.711512 0.461848 -0.277921 -0.450785
1341847998.954799 1.627085 -1.074162 1.552194 0.717564 0.458780 -0.277857 -0.444318
1341847999.054894 1.620627 -1.110779 1.547037 0.720887 0.458032 -0.275217 -0.441343
1341847999.122718 1.613990 -1.131888 1.541613 0.722439 0.459849 -0.272126 -0.438826
1341847999.222717 1.601862 -1.159158 1.538027 0.725731 0.453164 -0.266287 -0.443900
1341847999.322701 1.585784 -1.185486 1.539679 0.730983 0.437441 -0.267644 -0.450196
1341847999.423935 1.579814 -1.207892 1.539804 0.734965 0.425355 -0.269884 -0.453941
1341847999.522673 1.566812 -1.226288 1.542203 0.742072 0.406970 -0.265373 -0.461824
1341847999.622896 1.549003 -1.247871 1.540221 0.749177 0.391442 -0.262314 -0.465509
1341847999.722697 1.521641 -1.263728 1.534997 0.753977 0.379247 -0.257474 -0.470530
1341847999.826747 1.497604 -1.276247 1.536388 0.758428 0.366559 -0.255019 -0.474750
1341847999.927117 1.473641 -1.286668 1.535472 0.771079 0.348092 -0.250455 -0.470682
1341848000.026656 1.441293 -1.289006 1.530597 0.782768 0.334159 -0.242962 -0.465383
1341848000.126737 1.418525 -1.294654 1.522448 0.791694 0.324557 -0.231322 -0.463005
1341848000.227063 1.390892 -1.299093 1.518477 0.800194 0.315790 -0.219449 -0.460227
1341848000.327132 1.366333 -1.300133 1.515163 0.807152 0.307792 -0.211300 -0.457299
1341848000.426772 1.342777 -1.297703 1.508751 0.811985 0.301655 -0.207683 -0.454480
1341848000.530849 1.313891 -1.294498 1.504022 0.814936 0.296329 -0.201380 -0.455538
1341848000.630641 1.287239 -1.296732 1.504088 0.816096 0.288455 -0.197733 -0.460090
1341848000.730805 1.260165 -1.295977 1.505139 0.817851 0.277138 -0.194179 -0.465414
1341848000.830729 1.229524 -1.301321 1.505791 0.819598 0.263965 -0.194195 -0.469968
1341848000.930722 1.198465 -1.308465 1.507702 0.822054 0.251672 -0.192515 -0.473103
1341848001.030740 1.167944 -1.313962 1.512815 0.823753 0.245435 -0.189877 -0.474489
1341848001.098800 1.146038 -1.315881 1.511129 0.825532 0.239503 -0.190685 -0.474104
1341848001.130714 1.134664 -1.318298 1.508592 0.825694 0.236789 -0.189663 -0.475592
1341848001.266775 1.094471 -1.324014 1.504489 0.826732 0.231399 -0.176688 -0.481405
1341848001.334803 1.076574 -1.323661 1.496783 0.827317 0.225390 -0.169453 -0.485832
1341848001.434718 1.046633 -1.317994 1.489518 0.830101 0.213605 -0.156428 -0.490751
1341848001.502686 1.031826 -1.312851 1.488685 0.832986 0.206561 -0.145737 -0.492166
1341848001.534905 1.021738 -1.305797 1.487584 0.834093 0.202132 -0.141736 -0.493298
1341848001.602899 1.010349 -1.303745 1.483941 0.835241 0.189351 -0.131636 -0.499190
1341848001.666646 0.992087 -1.296897 1.477812 -0.835905 -0.176931 0.126654 0.503903
1341848001.734859 0.973357 -1.289144 1.481027 -0.837780 -0.171440 0.117869 0.504816
1341848001.802763 0.958147 -1.280220 1.480299 -0.837687 -0.161394 0.115651 0.508779
1341848001.834761 0.949528 -1.276381 1.481007 -0.840274 -0.155638 0.111527 0.507227
1341848001.902749 0.930544 -1.270715 1.482763 -0.841154 -0.147576 0.106424 0.509269
1341848001.934732 0.923527 -1.267993 1.481047 -0.843183 -0.142807 0.103896 0.507793
1341848002.002731 0.904494 -1.259470 1.482848 -0.844742 -0.132202 0.104874 0.507874
1341848002.038858 0.895251 -1.257060 1.483222 -0.846341 -0.126839 0.103625 0.506834
1341848002.102720 0.877957 -1.250763 1.483982 -0.846906 -0.117117 0.102867 0.508382
1341848002.138653 0.868148 -1.241541 1.486295 -0.847645 -0.117012 0.100601 0.507627
1341848002.202698 0.852274 -1.237088 1.485453 -0.849409 -0.107176 0.097253 0.507504
1341848002.238731 0.840216 -1.228613 1.486516 -0.850442 -0.105269 0.094648 0.506663
1341848002.306708 0.824184 -1.224441 1.482237 -0.851735 -0.101813 0.085935 0.506751
1341848002.338850 0.818767 -1.222436 1.480296 -0.853042 -0.098594 0.083292 0.505629
1341848002.406793 0.802034 -1.216494 1.472928 -0.855703 -0.089104 0.078904 0.503594
1341848002.438766 0.794121 -1.209247 1.473965 -0.855921 -0.087996 0.075925 0.503876
1341848002.506756 0.781671 -1.198261 1.463383 -0.857801 -0.083882 0.074098 0.501647
1341848002.538812 0.775247 -1.199290 1.467441 -0.858994 -0.081649 0.069563 0.500624
1341848002.606780 0.755738 -1.188135 1.456568 0.861605 0.078908 -0.063774 -0.497335
1341848002.639359 0.750793 -1.186949 1.457745 0.862278 0.079597 -0.060649 -0.496451
1341848002.713789 0.733779 -1.180201 1.443048 0.864248 0.077916 -0.058046 -0.493595
1341848002.774760 0.720039 -1.175440 1.439685 0.867113 0.077914 -0.053680 -0.489043
1341848002.842833 0.704313 -1.171143 1.426155 0.866003 0.072829 -0.058124 -0.491280
1341848002.943323 0.682792 -1.156449 1.426278 0.865240 0.080979 -0.065755 -0.490386
1341848003.042638 0.661415 -1.149991 1.419267 0.861381 0.087755 -0.071564 -0.495178
1341848003.142626 0.633707 -1.144335 1.416300 0.860206 0.094843 -0.069014 -0.496273
1341848003.242926 0.609502 -1.142147 1.413832 0.859336 0.099090 -0.060670 -0.498039
1341848003.342708 0.582492 -1.136049 1.405579 -0.857289 -0.106572 0.057282 0.500417
1341848003.442728 0.553343 -1.135803 1.399126 -0.853461 -0.120549 0.057529 0.503749
1341848003.510700 0.536691 -1.133122 1.394190 -0.851128 -0.135219 0.065070 0.503053
1341848003.546854 0.528123 -1.129756 1.391596 -0.850771 -0.138650 0.066316 0.502560
1341848003.617886 0.508150 -1.127749 1.390117 -0.848584 -0.147695 0.072407 0.502841
1341848003.649972 0.501851 -1.123919 1.387095 -0.847114 -0.153190 0.076489 0.503070
1341848003.753761 0.478523 -1.114505 1.382250 -0.842438 -0.171090 0.078813 0.504792
1341848003.853971 0.458258 -1.099558 1.375415 -0.839974 -0.184057 0.086548 0.503066
1341848003.953824 0.436515 -1.083689 1.370511 -0.837900 -0.195300 0.090765 0.501541
1341848004.053778 0.415872 -1.062552 1.364766 0.836295 0.203125 -0.096909 -0.499960
1341848004.121698 0.401642 -1.042994 1.365835 0.836992 0.208238 -0.102681 -0.495518
1341848004.153695 0.393733 -1.037573 1.365040 0.836708 0.211054 -0.104536 -0.494417
1341848004.257760 0.371879 -1.020041 1.355558 0.833894 0.223313 -0.110582 -0.492467
1341848004.321820 0.355353 -1.010378 1.356432 0.833785 0.233022 -0.114688 -0.487185
1341848004.357934 0.349386 -1.002867 1.350692 0.831886 0.240349 -0.118326 -0.486001
1341848004.421857 0.331702 -0.995958 1.342743 0.829119 0.253169 -0.118567 -0.484157
1341848004.457752 0.324458 -0.994966 1.337733 0.826863 0.260166 -0.118870 -0.484232
1341848004.525726 0.309304 -0.985766 1.331583 0.826975 0.270148 -0.121787 -0.477808
1341848004.557784 0.303902 -0.982446 1.329008 0.827022 0.274599 -0.124738 -0.474416
1341848004.625757 0.288388 -0.978882 1.321134 0.826587 0.283621 -0.123903 -0.470066
1341848004.657882 0.289422 -0.971743 1.315732 0.826514 0.287471 -0.128574 -0.466588
1341848004.725815 0.275018 -0.964786 1.311744 0.828409 0.294540 -0.129950 -0.458364
1341848004.757723 0.270640 -0.965926 1.307223 0.826684 0.299173 -0.129272 -0.458670
1341848004.825782 0.256458 -0.965782 1.306352 0.827606 0.304922 -0.128048 -0.453535
1341848004.857706 0.255509 -0.963596 1.299686 0.826074 0.308976 -0.131072 -0.452720
1341848004.925788 0.247852 -0.963311 1.298373 0.826084 0.313825 -0.131994 -0.449083
1341848004.957758 0.242824 -0.966068 1.297671 0.825482 0.316607 -0.131993 -0.448238
1341848005.025661 0.237680 -0.965370 1.294222 0.823876 0.323350 -0.134094 -0.445749
1341848005.057739 0.233173 -0.964624 1.294070 0.822289 0.327871 -0.134129 -0.445366
1341848005.157668 0.225708 -0.967174 1.291664 0.820505 0.334624 -0.140526 -0.441645
1341848005.257748 0.215545 -0.969270 1.285523 0.815911 0.344287 -0.143336 -0.441826
1341848005.357655 0.204271 -0.974951 1.284114 0.813042 0.353214 -0.146480 -0.439029
1341848005.461850 0.196437 -0.976087 1.281225 0.810103 0.362190 -0.153853 -0.434605
1341848005.561789 0.186243 -0.978958 1.276218 0.806485 0.371845 -0.158286 -0.431578
1341848005.661802 0.177649 -0.982598 1.277299 0.802829 0.380960 -0.162392 -0.428911
1341848005.761746 0.165518 -0.989308 1.279330 0.797295 0.390224 -0.166312 -0.429402
1341848005.861699 0.156116 -0.994040 1.278777 0.792355 0.398281 -0.174488 -0.427901
1341848005.965681 0.146103 -1.002512 1.276069 0.787021 0.405312 -0.180317 -0.428726
1341848006.065849 0.137893 -1.006566 1.275874 0.779957 0.413321 -0.190545 -0.429565
1341848006.133683 0.126864 -1.010205 1.284944 0.776539 0.416095 -0.194923 -0.431112
1341848006.165815 0.126687 -1.013287 1.278917 0.772999 0.416732 -0.200942 -0.434085
1341848006.233778 0.120881 -1.015990 1.280751 0.768562 0.420488 -0.209271 -0.434404
1341848006.265787 0.119010 -1.019011 1.279326 0.765324 0.422253 -0.212887 -0.436647
1341848006.333717 0.111385 -1.022308 1.275710 0.761643 0.425210 -0.221589 -0.435883
1341848006.366035 0.110417 -1.024977 1.275815 0.758790 0.429586 -0.223001 -0.435849
1341848006.433710 0.101304 -1.031563 1.275303 0.757247 0.431935 -0.224201 -0.435595
1341848006.469715 0.100881 -1.033177 1.274729 0.756311 0.433937 -0.226809 -0.433879
1341848006.569740 0.087828 -1.041213 1.274052 0.754584 0.437117 -0.228847 -0.432621
1341848006.670119 0.076810 -1.055099 1.275387 0.753144 0.438205 -0.230468 -0.433169
1341848006.769742 0.061932 -1.066284 1.278001 0.753969 0.436267 -0.232405 -0.432654
1341848006.870724 0.049263 -1.080382 1.282463 0.755196 0.431147 -0.235507 -0.433966
1341848006.969708 0.041636 -1.097211 1.287687 0.756028 0.424202 -0.236279 -0.438916
1341848007.069678 0.034157 -1.116337 1.289213 0.761477 0.411681 -0.235705 -0.441717
1341848007.169651 0.026100 -1.139032 1.295750 0.767576 0.400896 -0.230464 -0.443843
1341848007.237921 0.021404 -1.155707 1.300622 0.772438 0.392980 -0.227894 -0.443815
1341848007.298875 0.016163 -1.169651 1.303050 0.776607 0.387403 -0.227465 -0.441657
1341848007.366699 0.011506 -1.183518 1.306453 0.776139 0.384511 -0.226195 -0.445640
1341848007.434791 0.005626 -1.200655 1.312592 0.775632 0.382257 -0.226579 -0.448260
1341848007.466689 0.005837 -1.211218 1.310458 0.774242 0.381742 -0.226222 -0.451272
1341848007.534834 -0.005028 -1.227462 1.318899 0.778478 0.376368 -0.223998 -0.449603
1341848007.566719 -0.004081 -1.234866 1.318095 0.777776 0.376109 -0.225025 -0.450522
1341848007.634799 -0.012696 -1.246201 1.322502 0.780062 0.371984 -0.218979 -0.452968
1341848007.666675 -0.013220 -1.253470 1.321461 0.782577 0.366530 -0.220749 -0.452216
1341848007.734605 -0.027035 -1.254487 1.337510 0.792396 0.356010 -0.219334 -0.444138
1341848007.766913 -0.030639 -1.268326 1.331188 0.790245 0.351660 -0.218250 -0.451901
1341848007.834962 -0.040696 -1.284534 1.337151 0.795567 0.343242 -0.212962 -0.451559
1341848007.866745 -0.042822 -1.285035 1.333059 0.796522 0.339440 -0.212567 -0.452933
1341848007.934851 -0.055813 -1.298640 1.340606 0.804264 0.327329 -0.202864 -0.452615
1341848007.970690 -0.059806 -1.306515 1.343447 0.805632 0.321963 -0.206675 -0.452308
1341848008.034820 -0.066404 -1.318366 1.342322 0.809566 0.313574 -0.203384 -0.452669
1341848008.070825 -0.074988 -1.326205 1.345120 0.811843 0.309147 -0.200933 -0.452731
1341848008.171058 -0.094568 -1.342865 1.343276 0.815892 0.299183 -0.193505 -0.455373
1341848008.270710 -0.111872 -1.360826 1.343855 0.823572 0.285554 -0.189163 -0.452112
1341848008.370731 -0.132028 -1.378174 1.345384 0.829865 0.274939 -0.183021 -0.449706
1341848008.470807 -0.151311 -1.395268 1.348942 0.834645 0.263057 -0.178497 -0.449787
1341848008.570727 -0.168413 -1.411278 1.358347 0.840081 0.248950 -0.177062 -0.448260
1341848008.674639 -0.186454 -1.427616 1.366118 0.844939 0.235735 -0.174566 -0.447252
1341848008.775071 -0.202793 -1.439868 1.369545 0.846318 0.228075 -0.168509 -0.450924
1341848008.874631 -0.219951 -1.454356 1.376896 0.848515 0.221648 -0.160851 -0.452793
1341848008.974723 -0.236930 -1.465708 1.381231 0.851480 0.212492 -0.152800 -0.454402
1341848009.074794 -0.253721 -1.479382 1.382453 0.854964 0.205638 -0.146931 -0.452946
1341848009.174693 -0.268231 -1.480788 1.377265 0.855675 0.196097 -0.137145 -0.458866
1341848009.274683 -0.285870 -1.492258 1.369369 0.863518 0.173680 -0.128993 -0.455558
1341848009.378700 -0.306067 -1.501601 1.366053 0.868782 0.156831 -0.117072 -0.454881
1341848009.479022 -0.329087 -1.511042 1.358286 0.872475 0.144093 -0.107568 -0.454371
1341848009.578814 -0.352626 -1.517453 1.356563 0.874363 0.139577 -0.100934 -0.453673
1341848009.678666 -0.376246 -1.517975 1.350464 0.872331 0.141866 -0.097385 -0.457634
1341848009.778767 -0.407498 -1.518079 1.349491 0.870629 0.142326 -0.095599 -0.461096
1341848009.878688 -0.426047 -1.510177 1.338365 0.870402 0.141375 -0.100276 -0.460823
1341848009.978905 -0.457254 -1.503960 1.339809 0.870566 0.143435 -0.096080 -0.460771
1341848010.082650 -0.473055 -1.487960 1.330357 0.870508 0.142450 -0.097850 -0.460813
1341848010.182709 -0.497376 -1.463635 1.332856 0.875086 0.136625 -0.093831 -0.454703
1341848010.282749 -0.513521 -1.435928 1.326967 0.875823 0.130207 -0.092738 -0.455389
1341848010.351054 -0.525596 -1.416016 1.326056 0.877192 0.125777 -0.090877 -0.454375
1341848010.450872 -0.538964 -1.386257 1.333383 0.881133 0.117844 -0.089490 -0.449120
1341848010.550631 -0.552107 -1.360094 1.334295 0.884175 0.109422 -0.084640 -0.446204
1341848010.650956 -0.564061 -1.337842 1.340523 0.886917 0.100191 -0.078565 -0.444036
1341848010.750922 -0.563352 -1.320904 1.343446 0.888008 0.095618 -0.075126 -0.443459
1341848010.850765 -0.569124 -1.305773 1.346594 0.887713 0.084498 -0.069929 -0.447141
1341848010.950793 -0.571335 -1.290751 1.350425 0.888256 0.075283 -0.066379 -0.448250
1341848011.051016 -0.576116 -1.279452 1.349309 0.888687 0.069184 -0.063913 -0.448735
1341848011.154630 -0.581176 -1.273571 1.349959 0.889094 0.060604 -0.062196 -0.449412
1341848011.254693 -0.587868 -1.262485 1.350559 0.890698 0.055840 -0.053541 -0.447965
1341848011.354750 -0.595379 -1.252482 1.352505 0.890910 0.045037 -0.047493 -0.449439
1341848011.454654 -0.600831 -1.243761 1.352952 0.891298 0.033133 -0.043256 -0.450132
1341848011.554674 -0.604728 -1.233507 1.351533 0.892940 0.020710 -0.038195 -0.448074
1341848011.654892 -0.612439 -1.225959 1.349096 0.893906 0.012322 -0.030899 -0.447019
1341848011.754796 -0.611674 -1.214767 1.343068 0.895734 0.005573 -0.023728 -0.443922
1341848011.858763 -0.611773 -1.196342 1.340581 0.898157 -0.007322 -0.020242 -0.439148
1341848011.958828 -0.608922 -1.179905 1.337439 0.899083 -0.015764 -0.019008 -0.437082
1341848012.058861 -0.603022 -1.162213 1.331770 0.900475 -0.016388 -0.015294 -0.434331
1341848012.158771 -0.607898 -1.137455 1.329525 0.902219 -0.017014 -0.008273 -0.430864
1341848012.258713 -0.605042 -1.111123 1.323732 0.904667 -0.010996 -0.011057 -0.425833
1341848012.358782 -0.604484 -1.083905 1.316315 0.906404 0.001310 -0.006698 -0.422358
1341848012.426830 -0.603767 -1.065898 1.311746 0.908424 0.008783 -0.005343 -0.417923
1341848012.458805 -0.605003 -1.053326 1.314021 0.909623 0.011560 -0.003712 -0.415257
1341848012.526756 -0.606027 -1.037329 1.310050 0.910433 0.017492 -0.002218 -0.413281
1341848012.562690 -0.606081 -1.025176 1.309769 0.910959 0.021572 -0.003456 -0.411918
1341848012.662763 -0.616224 -1.005052 1.305413 0.910563 0.033799 0.000797 -0.411986
1341848012.726854 -0.616174 -0.992487 1.302610 0.910759 0.046643 -0.001023 -0.410295
1341848012.762672 -0.623161 -0.985746 1.301787 0.910840 0.051361 0.001008 -0.409550
1341848012.830669 -0.627748 -0.975610 1.301069 0.910822 0.066455 -0.003742 -0.407398
1341848012.862795 -0.629496 -0.968026 1.299492 0.909339 0.075518 -0.003093 -0.409132
1341848012.930848 -0.632950 -0.963100 1.293222 0.906006 0.090857 -0.003971 -0.413380
1341848012.962752 -0.633777 -0.958894 1.293961 0.905005 0.098093 -0.003830 -0.413918
1341848013.030944 -0.640704 -0.957544 1.286716 0.902165 0.110649 -0.002383 -0.416952
1341848013.062714 -0.640418 -0.951722 1.286176 0.901913 0.116788 -0.005894 -0.415788
1341848013.130817 -0.645824 -0.951448 1.278072 0.898284 0.129528 -0.009956 -0.419774
1341848013.162759 -0.651484 -0.949642 1.273459 0.897790 0.133770 -0.013649 -0.419396
1341848013.230855 -0.650952 -0.948702 1.271919 0.897253 0.140112 -0.020682 -0.418185
1341848013.262723 -0.657322 -0.950019 1.265230 0.896019 0.148937 -0.027162 -0.417409
1341848013.330754 -0.655493 -0.946459 1.267814 0.896123 0.162678 -0.036690 -0.411283
1341848013.366705 -0.659314 -0.948507 1.259846 0.893594 0.170796 -0.036641 -0.413492
1341848013.466959 -0.669425 -0.950189 1.254636 0.893729 0.192321 -0.048078 -0.402429
1341848013.566664 -0.690703 -0.957893 1.250530 0.888024 0.216383 -0.045661 -0.403122
1341848013.666669 -0.700475 -0.955989 1.251511 0.883591 0.238377 -0.059027 -0.398698
1341848013.766827 -0.714830 -0.963626 1.247555 0.872886 0.258657 -0.064825 -0.408612
1341848013.866791 -0.722237 -0.964243 1.242904 0.866259 0.276346 -0.075666 -0.409272
1341848013.966740 -0.734341 -0.969101 1.237491 0.860211 0.292753 -0.081840 -0.409433
1341848014.034942 -0.746283 -0.971631 1.233495 0.856529 0.304213 -0.086920 -0.407746
1341848014.070990 -0.747672 -0.969580 1.235852 0.854647 0.313080 -0.091366 -0.403996
1341848014.170724 -0.767513 -0.973174 1.226570 0.847272 0.335680 -0.091980 -0.401233
1341848014.234751 -0.784370 -0.972174 1.226087 0.842668 0.350127 -0.096035 -0.397616
1341848014.270714 -0.789134 -0.974132 1.222291 0.838779 0.358591 -0.100403 -0.397217
1341848014.338694 -0.808877 -0.979751 1.218034 0.833925 0.370163 -0.105713 -0.395440
1341848014.370553 -0.815200 -0.981920 1.216219 0.829912 0.379543 -0.110516 -0.393674
1341848014.438848 -0.831419 -0.986151 1.213793 0.821397 0.397014 -0.116857 -0.392468
1341848014.470783 -0.839226 -0.986712 1.213554 0.816558 0.407116 -0.122043 -0.390635
1341848014.538728 -0.855883 -0.989928 1.210359 0.805801 0.426288 -0.130716 -0.389712
1341848014.570790 -0.861333 -0.992075 1.209211 0.799762 0.433408 -0.136064 -0.392461
1341848014.670828 -0.885355 -1.004917 1.206379 0.788342 0.450480 -0.149390 -0.391494
1341848014.774750 -0.908797 -1.020930 1.206451 0.776143 0.462797 -0.161713 -0.396571
1341848014.874686 -0.927255 -1.027231 1.205802 0.767704 0.473786 -0.180900 -0.391704
1341848014.938697 -0.937305 -1.030061 1.202490 0.763324 0.480179 -0.191024 -0.387653
1341848014.974705 -0.939749 -1.030722 1.198668 0.761100 0.483229 -0.198461 -0.384485
1341848015.042593 -0.939460 -1.019158 1.194267 0.756221 0.498578 -0.203844 -0.371480
1341848015.074864 -0.945074 -1.018397 1.192015 0.753525 0.507139 -0.200536 -0.367145
1341848015.142691 -0.953360 -1.019200 1.184813 0.748444 0.519871 -0.196634 -0.361801
1341848015.174708 -0.959989 -1.018990 1.182072 0.747211 0.524562 -0.196867 -0.357427
1341848015.243495 -0.968481 -1.016413 1.177517 0.741050 0.536185 -0.200268 -0.351059
1341848015.274780 -0.971589 -1.015595 1.170500 0.737853 0.539677 -0.206012 -0.349114
1341848015.342895 -0.980962 -1.016027 1.170504 0.728832 0.553561 -0.213504 -0.341747
1341848015.374733 -0.982546 -1.014140 1.166850 0.725249 0.557840 -0.221615 -0.337217
1341848015.442783 -0.989352 -1.012709 1.166632 0.716850 0.570405 -0.230994 -0.327730
1341848015.474959 -0.994592 -1.014548 1.165249 0.711315 0.577836 -0.234060 -0.324581
1341848015.542834 -0.995241 -1.010830 1.164408 0.699866 0.590664 -0.246339 -0.317208
1341848015.581753 -0.998195 -1.010963 1.163219 0.694260 0.598113 -0.251318 -0.311614
1341848015.650094 -0.999859 -1.009232 1.161231 0.677360 0.615542 -0.260641 -0.307177
1341848015.685811 -1.003458 -1.012155 1.157540 0.671340 0.621424 -0.263708 -0.305930
1341848015.749815 -1.007212 -1.013651 1.159300 0.658476 0.632572 -0.273702 -0.302242
1341848015.785761 -1.010887 -1.012535 1.161656 0.651926 0.639261 -0.278695 -0.297769
1341848015.853811 -1.012502 -1.017510 1.165525 0.641159 0.647575 -0.285525 -0.296711
1341848015.885654 -1.013994 -1.015427 1.166094 0.633201 0.653907 -0.290802 -0.294781
1341848015.954005 -1.012825 -1.020238 1.163890 0.619503 0.661164 -0.297317 -0.301133
1341848015.986663 -1.012850 -1.021144 1.166898 0.613545 0.665105 -0.300832 -0.301160
1341848016.053936 -1.013358 -1.024046 1.168327 0.603767 0.670476 -0.309045 -0.300697
1341848016.085724 -1.012589 -1.024116 1.170207 0.598845 0.673107 -0.312599 -0.300987
1341848016.153821 -1.012862 -1.022674 1.173386 0.591280 0.680919 -0.312929 -0.298016
1341848016.185769 -1.008745 -1.021143 1.171984 0.587494 0.682743 -0.314837 -0.299318
1341848016.253686 -1.011874 -1.027305 1.172786 0.587542 0.684683 -0.311438 -0.298347
1341848016.289960 -1.014803 -1.028375 1.181651 0.586902 0.688788 -0.305338 -0.296455
1341848016.353746 -1.012494 -1.033634 1.176603 0.594344 0.680510 -0.305714 -0.300334
1341848016.389789 -1.009171 -1.032691 1.182008 0.597302 0.678499 -0.306767 -0.297931
1341848016.453901 -1.007343 -1.040823 1.179184 0.606645 0.668236 -0.309443 -0.299479
1341848016.490058 -1.004794 -1.043397 1.179821 0.607202 0.665452 -0.312412 -0.301459
1341848016.554210 -1.001004 -1.048450 1.179900 0.610007 0.659234 -0.316087 -0.305598
1341848016.589825 -0.999889 -1.051887 1.183205 0.610129 0.658453 -0.318381 -0.304657
1341848016.657837 -0.996590 -1.061290 1.182173 0.616635 0.650338 -0.323606 -0.303481
1341848016.689891 -0.991777 -1.065137 1.185043 0.616812 0.649490 -0.326438 -0.301901
1341848016.757848 -0.992436 -1.079052 1.185287 0.617768 0.648105 -0.324010 -0.305516
1341848016.818817 -0.984635 -1.086964 1.189952 0.617723 0.648454 -0.325478 -0.303299
1341848016.882757 -0.975755 -1.098043 1.193203 0.616918 0.649161 -0.325723 -0.303162
1341848016.950706 -0.969241 -1.113207 1.192616 0.619040 0.647341 -0.325101 -0.303396
1341848016.986658 -0.962254 -1.119326 1.194500 0.618737 0.647667 -0.323312 -0.305222
1341848017.050760 -0.953453 -1.133606 1.194361 0.621689 0.644423 -0.321693 -0.307791
1341848017.086845 -0.948156 -1.137596 1.195818 0.622921 0.643549 -0.319997 -0.308894
1341848017.150678 -0.938687 -1.151123 1.199559 0.630100 0.635666 -0.316160 -0.314556
1341848017.186855 -0.936468 -1.157733 1.202212 0.634048 0.632338 -0.313178 -0.316311
1341848017.254693 -0.925352 -1.166798 1.207931 0.639661 0.623520 -0.312435 -0.323173
1341848017.286638 -0.919017 -1.167110 1.209372 0.642393 0.618974 -0.315327 -0.323684
1341848017.354737 -0.909503 -1.176322 1.219857 0.644000 0.610774 -0.318925 -0.332426
1341848017.386825 -0.901386 -1.180394 1.222245 0.648040 0.605150 -0.318662 -0.335101
1341848017.454792 -0.883623 -1.190227 1.228064 0.654119 0.594646 -0.320628 -0.340180
1341848017.486699 -0.882949 -1.194099 1.229423 0.656679 0.591773 -0.318873 -0.341904
1341848017.554797 -0.869150 -1.200469 1.233628 0.658669 0.585872 -0.318163 -0.348828
1341848017.587838 -0.865390 -1.203219 1.234345 0.661423 0.582007 -0.317865 -0.350355
1341848017.654814 -0.855120 -1.209698 1.239443 0.664565 0.575353 -0.317268 -0.355897
1341848017.686820 -0.858580 -1.212664 1.241412 0.667001 0.570604 -0.318330 -0.358032
1341848017.790699 -0.843465 -1.222374 1.248512 0.670081 0.558716 -0.324430 -0.365477
1341848017.854726 -0.832182 -1.228961 1.249807 0.671349 0.552411 -0.326813 -0.370576
1341848017.890737 -0.829974 -1.231199 1.252631 0.671529 0.552207 -0.326329 -0.370978
1341848017.958643 -0.825526 -1.238042 1.253147 0.672980 0.550721 -0.322539 -0.373863
1341848017.990683 -0.817685 -1.242100 1.255401 0.673261 0.549024 -0.322774 -0.375646
1341848018.058766 -0.815685 -1.246507 1.255737 0.676550 0.547139 -0.318182 -0.376403
1341848018.090894 -0.810850 -1.250278 1.256239 0.678783 0.543561 -0.316715 -0.378797
1341848018.159145 -0.810783 -1.257159 1.257197 0.685642 0.536814 -0.314927 -0.377554
1341848018.190824 -0.808157 -1.262397 1.258302 0.686936 0.534525 -0.312346 -0.380582
1341848018.258766 -0.808422 -1.270891 1.258736 0.692370 0.527697 -0.310023 -0.382159
1341848018.290747 -0.805878 -1.277637 1.258538 0.695298 0.524322 -0.309324 -0.382056
1341848018.333905 -0.807659 -1.282369 1.260382 0.697658 0.522675 -0.305760 -0.382876
1341848018.397728 -0.806821 -1.296840 1.261416 0.701131 0.516017 -0.301348 -0.389012
1341848018.465663 -0.808890 -1.314015 1.259809 0.710826 0.504809 -0.301600 -0.385916
1341848018.501822 -0.807233 -1.321482 1.260561 0.713037 0.501696 -0.299820 -0.387282
1341848018.601739 -0.807866 -1.348585 1.258279 0.720047 0.491358 -0.293984 -0.392011
1341848018.669811 -0.804299 -1.369789 1.258893 0.725878 0.482729 -0.290007 -0.394931
1341848018.701756 -0.801529 -1.380061 1.258956 0.728495 0.479941 -0.288236 -0.394805
1341848018.769715 -0.804606 -1.402120 1.259789 0.730867 0.476669 -0.281865 -0.398964
1341848018.802234 -0.805463 -1.412926 1.260883 0.732574 0.474442 -0.280752 -0.399274
1341848018.869787 -0.807235 -1.432417 1.267119 0.732277 0.471899 -0.278729 -0.404218
1341848018.901964 -0.802613 -1.443888 1.267837 0.732940 0.468583 -0.280282 -0.405796
1341848018.969688 -0.802657 -1.460200 1.272601 0.735403 0.464136 -0.283145 -0.404462
1341848019.002336 -0.801395 -1.470835 1.275015 0.736414 0.463148 -0.280163 -0.405829
1341848019.069833 -0.801299 -1.486118 1.279520 0.736674 0.460286 -0.278991 -0.409405
1341848019.130792 -0.800569 -1.500841 1.282568 0.739201 0.456432 -0.274648 -0.412092
1341848019.198644 -0.794647 -1.519243 1.287262 0.743817 0.450251 -0.270539 -0.413303
1341848019.262728 -0.795147 -1.535552 1.288644 0.747316 0.443813 -0.265076 -0.417473
1341848019.298715 -0.791971 -1.547118 1.286227 0.748997 0.440941 -0.261932 -0.419483
1341848019.362697 -0.790709 -1.567440 1.288486 0.752651 0.434484 -0.256050 -0.423295
1341848019.398715 -0.786919 -1.579625 1.288656 0.755290 0.430806 -0.252836 -0.424284
1341848019.467021 -0.786740 -1.599759 1.289248 0.757245 0.425519 -0.247639 -0.429172
1341848019.498756 -0.789122 -1.615858 1.289880 0.759163 0.420682 -0.244250 -0.432481
1341848019.567087 -0.784491 -1.643407 1.290485 0.763124 0.410552 -0.245939 -0.434285
1341848019.598737 -0.786589 -1.654853 1.289792 0.764104 0.408450 -0.245057 -0.435041
1341848019.666875 -0.782764 -1.684241 1.290996 0.767100 0.402229 -0.242456 -0.437018
1341848019.698668 -0.787090 -1.693241 1.286527 0.768047 0.401174 -0.242673 -0.436204
1341848019.766703 -0.785623 -1.716965 1.288944 0.770247 0.396985 -0.236875 -0.439333
1341848019.798719 -0.785773 -1.727944 1.291129 0.771778 0.394098 -0.236325 -0.439541
1341848019.834660 -0.787749 -1.735098 1.289518 0.773026 0.391259 -0.236132 -0.439987
1341848019.898833 -0.787096 -1.752752 1.293105 0.776252 0.383222 -0.232810 -0.443141
1341848019.966705 -0.789239 -1.766453 1.292426 0.782166 0.372227 -0.231142 -0.442987
1341848020.002811 -0.789936 -1.773024 1.293475 0.784131 0.367686 -0.227859 -0.445001
1341848020.066696 -0.794111 -1.787880 1.293248 0.788937 0.356851 -0.223171 -0.447694
1341848020.102776 -0.795901 -1.794861 1.293118 0.790650 0.352813 -0.222062 -0.448424
1341848020.170835 -0.802481 -1.807028 1.292908 0.793227 0.345972 -0.213633 -0.453271
1341848020.202706 -0.801802 -1.817910 1.294685 0.794520 0.341967 -0.211661 -0.454968
1341848020.271152 -0.814115 -1.828419 1.293365 0.797825 0.333465 -0.204019 -0.458969
1341848020.302754 -0.816369 -1.836652 1.294204 0.798823 0.328670 -0.201637 -0.461736
1341848020.370812 -0.828410 -1.849304 1.293923 0.802485 0.317399 -0.196941 -0.465285
1341848020.438816 -0.838438 -1.862458 1.295600 0.804353 0.307436 -0.192056 -0.470759
1341848020.502691 -0.847249 -1.878576 1.297628 0.804887 0.295099 -0.187567 -0.479471
1341848020.570790 -0.857874 -1.892241 1.298333 0.809709 0.280268 -0.186728 -0.480576
1341848020.602764 -0.862016 -1.901219 1.296204 0.811254 0.274914 -0.184801 -0.481807
1341848020.670809 -0.875668 -1.913955 1.297704 0.817489 0.263088 -0.182588 -0.478705
1341848020.706669 -0.876277 -1.924184 1.296128 0.817613 0.260568 -0.179735 -0.480945
1341848020.770817 -0.894444 -1.933724 1.297505 0.822803 0.252409 -0.175670 -0.477939
1341848020.807216 -0.895135 -1.942591 1.298896 0.823859 0.249930 -0.175369 -0.477532
1341848020.906582 -0.913728 -1.963400 1.304969 0.826764 0.241951 -0.170032 -0.478550
1341848021.006632 -0.932546 -1.979414 1.307277 0.828218 0.234980 -0.164335 -0.481491
1341848021.106691 -0.951252 -1.992560 1.311380 0.832267 0.224392 -0.160130 -0.480976
1341848021.206698 -0.974867 -2.010681 1.308612 0.834966 0.213064 -0.152174 -0.484024
1341848021.274899 -0.992650 -2.018748 1.309181 0.835863 0.204234 -0.144624 -0.488576
1341848021.307283 -1.002248 -2.023329 1.310288 0.836498 0.198776 -0.142863 -0.490255
1341848021.384830 -1.018025 -2.034939 1.316444 0.835384 0.187472 -0.136784 -0.498275
1341848021.455728 -1.036667 -2.044904 1.316485 -0.835701 -0.170632 0.134581 0.504357
1341848021.514696 -1.054555 -2.063182 1.322602 -0.835657 -0.155456 0.132105 0.509960
1341848021.550755 -1.063259 -2.069661 1.322194 -0.836348 -0.149758 0.131422 0.510709
1341848021.617752 -1.079697 -2.080638 1.323072 -0.836165 -0.146964 0.123809 0.513713
1341848021.710743 -1.110737 -2.101047 1.323831 -0.836708 -0.140293 0.111602 0.517478
1341848021.778676 -1.128879 -2.106940 1.324597 -0.839142 -0.132178 0.107762 0.516486
1341848021.810867 -1.135621 -2.116314 1.324755 -0.839871 -0.129657 0.104273 0.516656
1341848021.878887 -1.158345 -2.111565 1.321838 -0.841508 -0.123172 0.096427 0.517102
1341848021.910628 -1.168368 -2.116712 1.325539 -0.841788 -0.120709 0.094049 0.517665
1341848021.978747 -1.192376 -2.116095 1.327130 -0.840985 -0.115222 0.088198 0.521238
1341848022.010782 -1.201498 -2.119005 1.326774 -0.840281 -0.112836 0.085649 0.523316
1341848022.078665 -1.223285 -2.120384 1.328200 -0.840314 -0.105971 0.080264 0.525548
1341848022.110954 -1.233612 -2.118169 1.329802 -0.840619 -0.102886 0.076685 0.526207
1341848022.178988 -1.258065 -2.114852 1.334248 -0.840367 -0.094922 0.070598 0.528951
1341848022.214773 -1.268544 -2.113387 1.335019 -0.839946 -0.091301 0.067628 0.530642
1341848022.278764 -1.290750 -2.110558 1.340335 -0.838928 -0.078706 0.062787 0.534849
1341848022.314757 -1.303560 -2.107704 1.340452 -0.839627 -0.069096 0.063871 0.534952
1341848022.354110 -1.310252 -2.099589 1.348258 -0.839546 -0.063555 0.063619 0.535795
1341848022.417848 -1.334802 -2.095877 1.351656 -0.838744 -0.050005 0.058448 0.539066
1341848022.521730 -1.362228 -2.088312 1.363840 -0.836409 -0.035443 0.052491 0.544434
1341848022.586067 -1.372982 -2.085900 1.375061 -0.835313 -0.028496 0.050908 0.546671
1341848022.690287 -1.402393 -2.078293 1.383491 -0.833390 -0.013358 0.043688 0.550794
1341848022.782985 -1.425677 -2.070061 1.389158 -0.835732 0.003077 0.034807 0.548024
1341848022.882710 -1.451113 -2.062587 1.390549 -0.840117 0.019173 0.020973 0.541660
1341848022.950815 -1.474133 -2.024121 1.398881 -0.849997 0.030255 0.000119 0.525917
1341848023.018822 -1.486364 -2.040663 1.399340 -0.846856 0.039506 -0.018835 0.530019
1341848023.050766 -1.509225 -2.016684 1.388010 -0.848007 0.052950 -0.025064 0.526737
1341848023.118789 -1.527441 -2.012725 1.393880 -0.847668 0.068757 -0.028962 0.525255
1341848023.150992 -1.538844 -1.997285 1.393393 -0.848098 0.077033 -0.034445 0.523076
1341848023.218702 -1.554326 -2.005400 1.392071 -0.848205 0.092597 -0.037813 0.520139
1341848023.286758 -1.576925 -1.992225 1.387900 -0.852439 0.102801 -0.046377 0.510518
1341848023.354762 -1.594672 -1.983494 1.383577 -0.855126 0.108110 -0.061384 0.503292
1341848023.418717 -1.614246 -1.971205 1.376272 0.856406 -0.115373 0.067948 -0.498640
1341848023.454710 -1.623588 -1.965998 1.376251 0.857766 -0.121728 0.070353 -0.494440
1341848023.518675 -1.636338 -1.953366 1.374661 0.858203 -0.128846 0.074295 -0.491291
1341848023.555068 -1.643252 -1.948185 1.374479 0.857523 -0.133211 0.078973 -0.490584
1341848023.622845 -1.658967 -1.930890 1.370996 0.855056 -0.140529 0.083607 -0.492079
1341848023.687172 -1.672966 -1.916075 1.371185 0.852479 -0.149815 0.090601 -0.492571
1341848023.786854 -1.688021 -1.890529 1.373701 0.850164 -0.161995 0.096858 -0.491526
1341848023.854825 -1.692786 -1.884675 1.370431 0.847904 -0.165564 0.100517 -0.493501
1341848023.922784 -1.706757 -1.850134 1.375381 0.846145 -0.176853 0.109605 -0.490661
1341848023.990739 -1.713991 -1.837222 1.378119 0.842233 -0.189951 0.111952 -0.491964
1341848024.054725 -1.719037 -1.823544 1.377731 0.841720 -0.198604 0.110959 -0.489644
1341848024.122843 -1.729717 -1.797827 1.384082 0.839126 -0.214365 0.110374 -0.487579
1341848024.190945 -1.734512 -1.779293 1.388441 0.837665 -0.222119 0.110192 -0.486660
1341848024.258826 -1.739700 -1.760175 1.387426 0.837205 -0.232504 0.114858 -0.481495
1341848024.322705 -1.743789 -1.746908 1.388961 0.837707 -0.238250 0.117082 -0.477258
1341848024.358743 -1.746031 -1.737356 1.388512 0.837593 -0.241287 0.121143 -0.474914
1341848024.426783 -1.752402 -1.721963 1.387044 0.836124 -0.247258 0.127138 -0.472860
1341848024.458795 -1.754909 -1.711630 1.384103 0.835696 -0.251081 0.128622 -0.471197
1341848024.526783 -1.762026 -1.700908 1.384039 0.835502 -0.257490 0.133802 -0.466618
1341848024.558627 -1.766318 -1.688133 1.380285 0.835510 -0.259299 0.136783 -0.464733
1341848024.626657 -1.774634 -1.679711 1.380976 0.835796 -0.264811 0.141134 -0.459784
1341848024.658717 -1.779364 -1.671249 1.379557 0.835138 -0.268344 0.143719 -0.458128
1341848024.727054 -1.791262 -1.657008 1.373459 0.834322 -0.276551 0.146311 -0.453894
1341848024.758938 -1.797433 -1.648557 1.374319 0.833628 -0.280398 0.148773 -0.452004
1341848024.826727 -1.811243 -1.634684 1.370012 0.831160 -0.287226 0.153922 -0.450535
1341848024.862797 -1.820292 -1.627475 1.368235 0.828812 -0.292211 0.153945 -0.451646
1341848024.926754 -1.836244 -1.617950 1.367093 0.825756 -0.301044 0.153325 -0.451653
1341848024.962678 -1.846555 -1.610143 1.365844 0.823637 -0.305312 0.154035 -0.452416
1341848025.026872 -1.864157 -1.598771 1.361678 0.822565 -0.313746 0.153587 -0.448733
1341848025.062647 -1.871380 -1.597229 1.364800 0.821806 -0.315606 0.154765 -0.448414
1341848025.131056 -1.891880 -1.580919 1.356187 0.819539 -0.322123 0.162208 -0.445286
1341848025.194910 -1.899666 -1.575851 1.356360 0.818063 -0.325825 0.161830 -0.445445
1341848025.262679 -1.925277 -1.556439 1.351194 0.814118 -0.337372 0.164362 -0.443144
1341848025.330653 -1.938251 -1.549292 1.351583 0.813421 -0.340836 0.166007 -0.441156
1341848025.430687 -1.957326 -1.533061 1.351933 0.812245 -0.345991 0.169116 -0.438118
1341848025.530800 -1.974400 -1.517188 1.351938 0.810044 -0.351046 0.176023 -0.435443
1341848025.630731 -1.989123 -1.502129 1.351631 0.808371 -0.356257 0.181273 -0.432155
1341848025.730719 -2.001255 -1.487229 1.348894 0.806967 -0.362619 0.185664 -0.427599
1341848025.798909 -2.006398 -1.481689 1.349385 0.805882 -0.364265 0.187582 -0.427408
1341848025.866679 -2.017792 -1.464537 1.347062 0.801844 -0.373239 0.187959 -0.427095
1341848025.934824 -2.025517 -1.453357 1.344661 0.799598 -0.379533 0.187842 -0.425810
1341848026.034640 -2.038589 -1.434265 1.340763 0.796130 -0.389442 0.188873 -0.422893
1341848026.134670 -2.055602 -1.415498 1.338462 0.791364 -0.400903 0.190102 -0.420572
1341848026.234940 -2.069479 -1.396982 1.334211 0.786981 -0.414005 0.188326 -0.416886
1341848026.334824 -2.082059 -1.377719 1.329266 0.783981 -0.425392 0.186480 -0.411875
1341848026.434734 -2.095914 -1.361358 1.326570 0.778683 -0.434764 0.187575 -0.411641
1341848026.502672 -2.104633 -1.352401 1.326012 0.775303 -0.439305 0.189212 -0.412451
1341848026.570847 -2.112199 -1.339397 1.324903 0.772409 -0.442074 0.193128 -0.413106
1341848026.602721 -2.118521 -1.335164 1.325033 0.771965 -0.441829 0.195593 -0.413038
1341848026.641972 -2.123143 -1.329196 1.324017 0.770667 -0.443955 0.196773 -0.412622
1341848026.702795 -2.132503 -1.316993 1.324475 0.769191 -0.445318 0.198562 -0.413050
1341848026.770813 -2.149263 -1.304959 1.324026 0.768644 -0.446327 0.200773 -0.411909
1341848026.806747 -2.156365 -1.299571 1.325214 0.769191 -0.446793 0.200493 -0.410517
1341848026.878025 -2.171161 -1.286762 1.321729 0.770230 -0.445788 0.202332 -0.408755
1341848026.938881 -2.189944 -1.275046 1.323366 0.771873 -0.444487 0.203114 -0.406679
1341848027.006815 -2.207665 -1.264158 1.319082 0.772537 -0.443704 0.203811 -0.405924
1341848027.074785 -2.230065 -1.255663 1.319343 0.771316 -0.445733 0.203590 -0.406135
1341848027.106663 -2.239834 -1.249663 1.317718 0.770430 -0.448303 0.203814 -0.404872
1341848027.174831 -2.259514 -1.242989 1.320257 0.767558 -0.450059 0.205286 -0.407627
1341848027.207212 -2.268930 -1.238080 1.317936 0.766024 -0.451852 0.206496 -0.407918
1341848027.274701 -2.292839 -1.231316 1.321382 0.763585 -0.454723 0.208253 -0.408407
1341848027.306705 -2.302071 -1.227843 1.321290 0.762303 -0.456235 0.208809 -0.408832
1341848027.374943 -2.323565 -1.218965 1.323541 0.759183 -0.458517 0.209194 -0.411876
1341848027.406837 -2.335738 -1.216368 1.323530 0.757808 -0.458477 0.209093 -0.414494
1341848027.474800 -2.351839 -1.208228 1.324956 0.756826 -0.454963 0.209728 -0.419806
1341848027.506714 -2.364159 -1.203235 1.326302 0.756033 -0.453909 0.209595 -0.422434
1341848027.574717 -2.382379 -1.195385 1.327247 0.756349 -0.448798 0.209320 -0.427436
1341848027.610716 -2.390182 -1.192165 1.325051 0.756377 -0.446606 0.209554 -0.429563
1341848027.674731 -2.405545 -1.183400 1.325791 0.757712 -0.442636 0.209439 -0.431371
1341848027.711026 -2.411757 -1.179060 1.326845 0.758040 -0.442825 0.208495 -0.431058
1341848027.778768 -2.423834 -1.165131 1.325845 0.759332 -0.439347 0.209134 -0.432032
1341848027.810746 -2.431980 -1.159377 1.326284 0.759901 -0.437676 0.209366 -0.432616
1341848027.878669 -2.443201 -1.146107 1.326887 0.762844 -0.434310 0.208251 -0.431364
1341848027.911127 -2.448718 -1.140596 1.327608 0.764155 -0.431596 0.208436 -0.431678
1341848027.978757 -2.456081 -1.124367 1.329273 0.767148 -0.427356 0.208905 -0.430360
1341848028.011034 -2.462437 -1.120023 1.327076 0.767389 -0.423962 0.209711 -0.432889
1341848028.078967 -2.471313 -1.101857 1.330841 0.767132 -0.423356 0.209823 -0.433879
1341848028.110971 -2.476494 -1.097272 1.330121 0.766631 -0.422109 0.208435 -0.436641
1341848028.186050 -2.479957 -1.078475 1.335557 0.765501 -0.422816 0.208294 -0.438005
1341848028.254235 -2.486362 -1.066577 1.334226 0.764050 -0.423194 0.208263 -0.440183
1341848028.314908 -2.491663 -1.051533 1.334319 0.761169 -0.425267 0.208623 -0.442998
1341848028.378956 -2.497694 -1.031831 1.335934 0.758922 -0.428441 0.210243 -0.443028
1341848028.414628 -2.500365 -1.025556 1.339309 0.758285 -0.429058 0.210054 -0.443611
1341848028.514701 -2.515476 -0.999690 1.335427 0.752872 -0.434686 0.210582 -0.447087
1341848028.582747 -2.523960 -0.979080 1.340857 0.753002 -0.435874 0.210346 -0.445822
1341848028.614649 -2.532414 -0.964653 1.341804 0.753351 -0.436549 0.211381 -0.444078
1341848028.653766 -2.535970 -0.953320 1.345974 0.754431 -0.436893 0.210327 -0.442403
1341848028.721828 -2.545840 -0.934248 1.347081 0.754350 -0.437084 0.210316 -0.442358
1341848028.782861 -2.554213 -0.917371 1.352028 0.753974 -0.438217 0.208755 -0.442619
1341848028.814757 -2.558156 -0.912213 1.352686 0.753883 -0.437838 0.208153 -0.443431
1341848028.882714 -2.569138 -0.893677 1.349913 0.753250 -0.437466 0.207950 -0.444967
1341848028.914838 -2.572498 -0.885046 1.350362 0.754327 -0.437834 0.206272 -0.443559
1341848028.982690 -2.580142 -0.862740 1.356006 0.756102 -0.439302 0.204984 -0.439665
1341848029.018728 -2.583142 -0.856224 1.353590 0.756090 -0.438124 0.206016 -0.440377
1341848029.082877 -2.592614 -0.840639 1.356415 0.755734 -0.438308 0.209668 -0.439081
1341848029.118800 -2.595660 -0.834178 1.354157 0.755410 -0.439054 0.209046 -0.439189
1341848029.182676 -2.604052 -0.820913 1.353822 0.756419 -0.439951 0.210909 -0.435650
1341848029.218708 -2.607742 -0.812646 1.352077 0.756497 -0.440565 0.212237 -0.434245
1341848029.286969 -2.614473 -0.794743 1.357630 0.758808 -0.439930 0.217045 -0.428443
1341848029.320225 -2.620303 -0.793572 1.356016 0.757977 -0.441123 0.218147 -0.428128
1341848029.386923 -2.630756 -0.780372 1.352821 0.755530 -0.443762 0.219187 -0.429193
1341848029.418757 -2.635638 -0.774185 1.352011 0.754839 -0.445327 0.221190 -0.427758
1341848029.486788 -2.649457 -0.761300 1.352938 0.751760 -0.449321 0.223416 -0.427847
1341848029.518925 -2.656149 -0.755807 1.353626 0.750279 -0.451135 0.225818 -0.427277
1341848029.586990 -2.673118 -0.740246 1.354130 0.745542 -0.456727 0.227917 -0.428511
1341848029.618715 -2.681000 -0.735448 1.352981 0.743445 -0.460224 0.228461 -0.428123
1341848029.686830 -2.696738 -0.721704 1.354077 0.739159 -0.466337 0.230743 -0.427705
1341848029.718752 -2.705208 -0.720605 1.354334 0.738095 -0.468694 0.231879 -0.426349
1341848029.786949 -2.721000 -0.706450 1.354745 0.734666 -0.474292 0.234618 -0.424579
1341848029.822778 -2.729710 -0.702720 1.355071 0.733800 -0.476756 0.235470 -0.422843
1341848029.887992 -2.745344 -0.688639 1.349523 0.729152 -0.483379 0.238110 -0.421883
1341848029.922779 -2.753558 -0.686770 1.351201 0.728333 -0.485782 0.238042 -0.420574
1341848029.990762 -2.768070 -0.676161 1.350127 0.725640 -0.491100 0.240180 -0.417829
1341848030.022873 -2.775209 -0.672001 1.349164 0.724730 -0.493378 0.240682 -0.416434
1341848030.090782 -2.786483 -0.658507 1.345147 0.722263 -0.497616 0.243613 -0.413964
1341848030.122796 -2.793877 -0.654117 1.344625 0.721156 -0.499380 0.245191 -0.412838
1341848030.190683 -2.804315 -0.643840 1.344903 0.719210 -0.503969 0.247165 -0.409466
1341848030.222713 -2.807594 -0.635525 1.344159 0.717943 -0.506600 0.249832 -0.406815
1341848030.290864 -2.817274 -0.626758 1.342441 0.715310 -0.511867 0.253097 -0.402822
1341848030.322775 -2.820647 -0.620818 1.342675 0.714902 -0.513581 0.254435 -0.400516
1341848030.390832 -2.827567 -0.608012 1.339737 0.711764 -0.520001 0.257682 -0.395717
1341848030.422795 -2.834085 -0.608034 1.338498 0.711297 -0.520982 0.259427 -0.394123
1341848030.490846 -2.840724 -0.594177 1.335455 0.708911 -0.525217 0.261863 -0.391178
1341848030.526716 -2.842419 -0.586491 1.333750 0.707940 -0.527675 0.262764 -0.389018
1341848030.565795 -2.845167 -0.581427 1.333742 0.706250 -0.529862 0.264069 -0.388233
1341848030.626961 -2.854075 -0.568116 1.329917 0.701615 -0.535957 0.266560 -0.386566
1341848030.690656 -2.857898 -0.552307 1.330508 0.696533 -0.542299 0.266432 -0.387000
1341848030.726765 -2.860902 -0.543548 1.329530 0.694302 -0.544985 0.267803 -0.386286
1341848030.794692 -2.869464 -0.527034 1.331276 0.688073 -0.551259 0.271993 -0.385603
1341848030.827483 -2.872537 -0.521285 1.333887 0.685600 -0.554016 0.272994 -0.385348
1341848030.894711 -2.884090 -0.504225 1.329806 0.676563 -0.563663 0.272944 -0.387359
1341848030.926741 -2.884193 -0.493881 1.332390 0.673624 -0.568198 0.271058 -0.387181
1341848030.994735 -2.895455 -0.477519 1.337003 0.666387 -0.573792 0.275158 -0.388561
1341848031.026698 -2.900630 -0.468073 1.337045 0.663055 -0.576852 0.275051 -0.389803
1341848031.094761 -2.909828 -0.449700 1.338913 0.656745 -0.583220 0.273044 -0.392412
1341848031.126776 -2.914858 -0.439456 1.343114 0.654889 -0.585555 0.272491 -0.392423
1341848031.194685 -2.926032 -0.422138 1.345208 0.652057 -0.588084 0.270680 -0.394604
1341848031.230953 -2.927866 -0.413489 1.343878 0.651286 -0.589311 0.270166 -0.394396
1341848031.294747 -2.938584 -0.396374 1.348720 0.649901 -0.593440 0.266753 -0.392811
1341848031.330754 -2.941248 -0.390181 1.348872 0.648999 -0.594952 0.265878 -0.392607
1341848031.394753 -2.948531 -0.375735 1.348017 0.647486 -0.594989 0.269993 -0.392241
1341848031.430611 -2.949489 -0.368928 1.353023 0.647154 -0.596181 0.271050 -0.390247
1341848031.472150 -2.954947 -0.364009 1.353120 0.645185 -0.597025 0.272929 -0.390907
1341848031.562876 -2.960172 -0.353158 1.356317 0.643932 -0.598795 0.277532 -0.387004
1341848031.630816 -2.973136 -0.339685 1.356561 0.638426 -0.604052 0.282649 -0.384245
1341848031.698757 -2.980865 -0.331867 1.359418 0.634816 -0.607834 0.285587 -0.382082
1341848031.730668 -2.981856 -0.321534 1.360805 0.632359 -0.609618 0.289115 -0.380658
1341848031.798743 -2.998519 -0.316392 1.361113 0.627307 -0.612445 0.294011 -0.380728
1341848031.830821 -3.002414 -0.312511 1.362507 0.623685 -0.616069 0.294606 -0.380372
1341848031.898722 -3.011171 -0.301154 1.362491 -0.617459 0.620869 -0.300318 0.378253
1341848031.930844 -3.016995 -0.296542 1.364671 -0.613848 0.623648 -0.301588 0.378548
1341848031.998742 -3.026084 -0.284026 1.366104 -0.609427 0.628119 -0.304630 0.375853
1341848032.034711 -3.034202 -0.277347 1.365491 -0.607225 0.628674 -0.308367 0.375443
1341848032.098732 -3.046965 -0.264419 1.368323 -0.603929 0.632285 -0.309288 0.373934
1341848032.134739 -3.054849 -0.261862 1.367175 -0.603908 0.631430 -0.309848 0.374947
1341848032.203043 -3.065269 -0.249663 1.367567 -0.602153 0.633582 -0.310808 0.373343
1341848032.234663 -3.073945 -0.242823 1.366168 -0.600960 0.634139 -0.311536 0.373712
1341848032.334617 -3.088243 -0.227141 1.366960 -0.598994 0.636482 -0.313670 0.371089
1341848032.402980 -3.096460 -0.213369 1.364470 -0.595566 0.639092 -0.317217 0.369101
1341848032.434730 -3.102975 -0.211093 1.365359 -0.593851 0.639832 -0.318436 0.369533
1341848032.502972 -3.112192 -0.198790 1.369015 -0.592014 0.641195 -0.319417 0.369272
1341848032.534733 -3.117450 -0.193128 1.367288 -0.590329 0.641694 -0.320835 0.369873
1341848032.603044 -3.126652 -0.179981 1.371955 -0.588392 0.642018 -0.322251 0.371163
1341848032.634746 -3.131430 -0.174654 1.371960 -0.586890 0.641325 -0.323899 0.373299
1341848032.702791 -3.141035 -0.159810 1.375813 -0.585013 0.640156 -0.327690 0.374939
1341848032.738725 -3.147520 -0.150552 1.376314 -0.583721 0.640162 -0.328641 0.376109
1341848032.802941 -3.151382 -0.134984 1.377924 -0.583688 0.640560 -0.328624 0.375496
1341848032.838781 -3.160712 -0.126649 1.384318 -0.583645 0.640097 -0.328554 0.376414
1341848032.902707 -3.162852 -0.114955 1.380417 -0.582311 0.641265 -0.326948 0.377885
1341848032.938845 -3.166140 -0.106832 1.379427 -0.581977 0.641422 -0.327783 0.377412
1341848033.006687 -3.168824 -0.089615 1.380775 -0.580786 0.643216 -0.329440 0.374740
1341848033.039238 -3.166606 -0.083950 1.380090 -0.579429 0.644191 -0.329638 0.374991
1341848033.106948 -3.167869 -0.067209 1.381545 -0.575863 0.645742 -0.334568 0.373449
1341848033.139110 -3.168071 -0.060506 1.380149 -0.572780 0.647114 -0.335669 0.374825
1341848033.206854 -3.169993 -0.048078 1.381495 -0.568438 0.652968 -0.332936 0.373718
1341848033.238728 -3.171221 -0.036121 1.382931 -0.565188 0.655754 -0.334744 0.372150
1341848033.306665 -3.171312 -0.021977 1.382880 -0.562553 0.659453 -0.335824 0.368617
1341848033.338836 -3.172032 -0.014930 1.382231 -0.560380 0.661373 -0.336507 0.367863
1341848033.406805 -3.171870 0.000749 1.384316 -0.558866 0.664399 -0.337406 0.363868
1341848033.443097 -3.172582 0.008005 1.385719 -0.557396 0.665256 -0.337980 0.364025
1341848033.506807 -3.173438 0.022183 1.383626 -0.554872 0.667689 -0.338930 0.362539
1341848033.542876 -3.173807 0.030135 1.384385 -0.553286 0.668612 -0.339298 0.362919
1341848033.606870 -3.175421 0.040924 1.387121 -0.549396 0.672963 -0.338587 0.361446
1341848033.642934 -3.173479 0.046308 1.389000 -0.548128 0.674140 -0.337924 0.361798
1341848033.742797 -3.172737 0.067878 1.390275 -0.543329 0.677964 -0.338675 0.361189
1341848033.811114 -3.179571 0.076541 1.393591 -0.541236 0.679171 -0.340418 0.360425
1341848033.842774 -3.179967 0.082463 1.395755 -0.539012 0.681247 -0.340127 0.360114
1341848033.911229 -3.181587 0.092373 1.396004 -0.535222 0.684614 -0.341147 0.358413
1341848033.942752 -3.186241 0.100924 1.392016 -0.530999 0.685839 -0.347182 0.356553
1341848034.010755 -3.188016 0.106149 1.396888 -0.524265 0.688110 -0.356006 0.353428
1341848034.042713 -3.192250 0.110526 1.397206 -0.518685 0.691148 -0.360333 0.351341
1341848034.110771 -3.191678 0.116163 1.400715 -0.509996 0.696584 -0.362109 0.351499
1341848034.142710 -3.197904 0.123742 1.402426 -0.503243 0.699869 -0.367963 0.348616
1341848034.210696 -3.204477 0.126865 1.405285 -0.495838 0.703606 -0.371905 0.347519
1341848034.246723 -3.208592 0.131459 1.409579 -0.491160 0.707854 -0.371776 0.345669
1341848034.318061 -3.215209 0.142187 1.410314 -0.484144 0.710707 -0.376501 0.344596
1341848034.421769 -3.230093 0.161587 1.412416 -0.474454 0.716603 -0.378039 0.344181
1341848034.521747 -3.244930 0.185749 1.414143 -0.471196 0.717964 -0.380927 0.342632
1341848034.585774 -3.253443 0.203990 1.412253 -0.470937 0.718666 -0.381243 0.341161
1341848034.653784 -3.265238 0.221115 1.413791 -0.472539 0.720278 -0.378627 0.338449
1341848034.746742 -3.278015 0.248355 1.405706 -0.471575 0.722083 -0.377444 0.337266
1341848034.814737 -3.284460 0.261512 1.402853 -0.470778 0.723831 -0.376265 0.335949
1341848034.846851 -3.284488 0.274998 1.402170 -0.471444 0.724103 -0.376772 0.333854
1341848034.951491 -3.294587 0.293332 1.395132 -0.469537 0.726641 -0.377303 0.330409
1341848035.050945 -3.298349 0.309925 1.393182 -0.466745 0.730819 -0.376339 0.326222
1341848035.118886 -3.300117 0.321442 1.388671 -0.466078 0.731590 -0.377800 0.323751
1341848035.218946 -3.298759 0.341334 1.386254 -0.465167 0.733877 -0.377241 0.320520
1341848035.319914 -3.300028 0.361925 1.385674 -0.461360 0.735586 -0.377959 0.321259
1341848035.350991 -3.297753 0.366447 1.384694 -0.460291 0.735886 -0.378523 0.321441
1341848035.422709 -3.298340 0.385302 1.389140 -0.456098 0.737712 -0.378784 0.322921
1341848035.486822 -3.295119 0.406314 1.388263 -0.450605 0.739489 -0.380356 0.324717
1341848035.550852 -3.288650 0.423151 1.385708 -0.444151 0.743387 -0.378421 0.326961
1341848035.618790 -3.289908 0.438374 1.389577 -0.439635 0.744738 -0.380744 0.327294
1341848035.718791 -3.286150 0.464927 1.387280 -0.428116 0.753615 -0.378894 0.324377
1341848035.818784 -3.279117 0.486888 1.389215 -0.420756 0.759543 -0.379764 0.319122
1341848035.886689 -3.269053 0.498527 1.392222 -0.414894 0.762923 -0.379080 0.319547
1341848035.954633 -3.267296 0.512746 1.398237 -0.410114 0.765509 -0.377590 0.321292
1341848036.022779 -3.269396 0.530508 1.399215 -0.405369 0.768430 -0.374444 0.324010
1341848036.122737 -3.266561 0.549155 1.395711 -0.403178 0.770525 -0.374339 0.321885
1341848036.223282 -3.256354 0.573120 1.400823 -0.399816 0.774053 -0.374711 0.317143
1341848036.322672 -3.251860 0.591832 1.402239 -0.398714 0.774748 -0.380161 0.310274
1341848036.422758 -3.240389 0.613789 1.402159 -0.394962 0.777219 -0.381577 0.307140
1341848036.522726 -3.236015 0.637329 1.400128 -0.393455 0.776458 -0.385443 0.306169
1341848036.626802 -3.223666 0.667634 1.402138 -0.384741 0.779194 -0.390184 0.304283
1341848036.691175 -3.215554 0.686809 1.406934 -0.379639 0.779456 -0.394439 0.304533
1341848036.758851 -3.213792 0.710582 1.408379 -0.371783 0.781211 -0.397611 0.305601
1341848036.790720 -3.214521 0.717972 1.412494 -0.369879 0.780877 -0.399772 0.305945
1341848036.858633 -3.211179 0.746867 1.417047 -0.362933 0.784009 -0.402836 0.302214
1341848036.926846 -3.207281 0.768923 1.416816 -0.355485 0.786345 -0.404485 0.302794
1341848036.994836 -3.207146 0.790725 1.421639 -0.350887 0.786639 -0.408867 0.301505
1341848037.061042 -3.198420 0.813542 1.422534 -0.349023 0.784789 -0.414601 0.300658
1341848037.094661 -3.198832 0.821684 1.425851 -0.346842 0.784311 -0.416824 0.301355
1341848037.162789 -3.185711 0.843968 1.439239 -0.344202 0.783709 -0.420176 0.301292
1341848037.263738 -3.184955 0.884661 1.439937 -0.341045 0.773825 -0.432394 0.312919
1341848037.362746 -3.179715 0.915767 1.441300 -0.342521 0.768481 -0.438028 0.316619
1341848037.462765 -3.172677 0.944387 1.442815 -0.345058 0.764264 -0.444061 0.315665
1341848037.562958 -3.158624 0.979477 1.445679 -0.346131 0.763872 -0.446449 0.312052
1341848037.662669 -3.146755 1.003494 1.446814 -0.346439 0.764767 -0.448536 0.306475
1341848037.769764 -3.130333 1.028791 1.448011 -0.342535 0.767255 -0.451225 0.300641
1341848037.866711 -3.114013 1.055965 1.447103 -0.333483 0.772277 -0.451265 0.297889
1341848037.930939 -3.100733 1.072546 1.444848 -0.327619 0.778492 -0.448478 0.292377
1341848037.998629 -3.086926 1.086878 1.444030 -0.323439 0.784177 -0.444711 0.287553
1341848038.030908 -3.082932 1.095289 1.439700 -0.321609 0.785555 -0.445008 0.285375
1341848038.098674 -3.071965 1.107439 1.436568 -0.316603 0.791939 -0.441220 0.279140
1341848038.134662 -3.063559 1.116372 1.437446 -0.315307 0.793618 -0.440908 0.276319
1341848038.198711 -3.049358 1.133418 1.434789 -0.311524 0.797300 -0.441058 0.269693
1341848038.234726 -3.042361 1.130645 1.437886 -0.310031 0.798818 -0.438888 0.270459
1341848038.306525 -3.032272 1.147401 1.435014 -0.308191 0.799712 -0.441120 0.266257
1341848038.341933 -3.025602 1.152072 1.436207 -0.306703 0.800610 -0.441174 0.265185
1341848038.409802 -3.014587 1.166626 1.436753 -0.305987 0.800610 -0.444789 0.259920
1341848038.441825 -3.010011 1.178109 1.438710 -0.303790 0.800861 -0.445811 0.259972
1341848038.566862 -2.990420 1.202597 1.443001 -0.298919 0.799631 -0.452811 0.257294
1341848038.634739 -2.976401 1.225799 1.444975 -0.298225 0.798430 -0.456204 0.255831
1341848038.734794 -2.969522 1.251366 1.449134 -0.299086 0.797050 -0.458597 0.254848
1341848038.838770 -2.955189 1.281011 1.447768 -0.294320 0.798377 -0.459231 0.255103
1341848038.902781 -2.955869 1.305795 1.449807 -0.289941 0.800298 -0.460847 0.251155
1341848038.938767 -2.952300 1.316192 1.447891 -0.286210 0.801237 -0.460634 0.252821
1341848039.002634 -2.951639 1.335891 1.447696 -0.281442 0.805134 -0.459757 0.247333
1341848039.038895 -2.942931 1.347694 1.447897 -0.277619 0.806086 -0.461432 0.245427
1341848039.106775 -2.941736 1.370389 1.448333 -0.272530 0.808135 -0.461636 0.244003
1341848039.170737 -2.941118 1.389456 1.450103 -0.267619 0.809987 -0.462029 0.242547
1341848039.270959 -2.941296 1.416446 1.449339 -0.262958 0.810395 -0.464557 0.241455
1341848039.338889 -2.934035 1.432385 1.452573 -0.258771 0.812504 -0.463537 0.240848
1341848039.406886 -2.930026 1.452877 1.447152 -0.257699 0.812876 -0.465405 0.237113
1341848039.438853 -2.926532 1.458214 1.445630 -0.256789 0.813496 -0.465391 0.235998
1341848039.507121 -2.919594 1.470173 1.443805 -0.256054 0.814885 -0.465465 0.231821
1341848039.538659 -2.913723 1.477584 1.445957 -0.254941 0.815255 -0.466689 0.229274
1341848039.606721 -2.904552 1.491782 1.446091 -0.254838 0.815290 -0.467417 0.227773
1341848039.642714 -2.905005 1.494676 1.442946 -0.254452 0.814938 -0.468986 0.226238
1341848039.707168 -2.891234 1.513711 1.445391 -0.253318 0.814860 -0.470784 0.224043
1341848039.775334 -2.880280 1.522171 1.444105 -0.252913 0.815216 -0.472675 0.219169
1341848039.881803 -2.859583 1.545087 1.441382 -0.249184 0.815335 -0.476753 0.214110
1341848039.974815 -2.841493 1.562233 1.440185 -0.241328 0.817992 -0.476176 0.214256
1341848040.042768 -2.833030 1.582604 1.438731 -0.236172 0.818993 -0.477095 0.214134
1341848040.142744 -2.809095 1.600049 1.432355 -0.227190 0.825246 -0.473137 0.208553
1341848040.242681 -2.790969 1.617647 1.436157 -0.220633 0.832208 -0.466481 0.202849
1341848040.310719 -2.775033 1.623857 1.436456 -0.214574 0.833997 -0.467117 0.200519
1341848040.346920 -2.766158 1.637420 1.440580 -0.209719 0.836492 -0.465408 0.199236
1341848040.410884 -2.749624 1.639515 1.437366 -0.203201 0.837534 -0.466503 0.199051
1341848040.446720 -2.741959 1.648576 1.447703 -0.199136 0.838678 -0.466341 0.198720
1341848040.517796 -2.722143 1.662496 1.453695 -0.192598 0.839551 -0.467768 0.198124
1341848040.578879 -2.719588 1.672441 1.457589 -0.191764 0.838946 -0.469156 0.198213
1341848040.646758 -2.704545 1.684679 1.455284 -0.187389 0.838778 -0.472285 0.195662
1341848040.714653 -2.691994 1.702050 1.466582 -0.178371 0.839889 -0.477999 0.185168
1341848040.746821 -2.688978 1.695114 1.466555 -0.175320 0.839414 -0.481834 0.180230
1341848040.814675 -2.680656 1.706633 1.465322 -0.165667 0.840025 -0.487321 0.171554
1341848040.846908 -2.671070 1.709030 1.470644 -0.162763 0.840880 -0.488300 0.167308
1341848040.914699 -2.655756 1.727408 1.473793 -0.153062 0.842103 -0.492308 0.158326
1341848040.946862 -2.647855 1.722278 1.467927 -0.148216 0.842754 -0.492671 0.158346
1341848041.022638 -2.637452 1.732107 1.469990 -0.138393 0.845880 -0.491668 0.153612
1341848041.058859 -2.635457 1.733071 1.474431 -0.132988 0.847521 -0.489656 0.155755
1341848041.122188 -2.623037 1.744387 1.459281 -0.121887 0.850896 -0.488618 0.149569
1341848041.189954 -2.608933 1.752466 1.461519 -0.108704 0.855925 -0.483076 0.149039
1341848041.250726 -2.600628 1.759478 1.459179 -0.102446 0.858700 -0.479988 0.147484
1341848041.319290 -2.583457 1.759971 1.452235 -0.096764 0.861985 -0.475946 0.145240
1341848041.355465 -2.581985 1.763693 1.450386 -0.095149 0.861550 -0.477588 0.143487
1341848041.450845 -2.559868 1.779939 1.450757 -0.085022 0.864639 -0.476565 0.134373
1341848041.550730 -2.536378 1.776560 1.439945 -0.078706 0.867883 -0.474804 0.123068
1341848041.650957 -2.504155 1.777345 1.439588 -0.070459 0.870147 -0.474210 0.114043
1341848041.750776 -2.470393 1.777694 1.437317 -0.060643 0.870354 -0.475838 0.111287
1341848041.854747 -2.432410 1.779920 1.439402 -0.049915 0.869855 -0.477383 0.113865
1341848041.994975 -2.389067 1.779493 1.443448 -0.036290 0.869641 -0.479047 0.113670
1341848042.054627 -2.368329 1.775044 1.449482 -0.028353 0.869449 -0.479984 0.113442
1341848042.154788 -2.338958 1.771462 1.456065 -0.019044 0.870960 -0.478359 0.110627
1341848042.254762 -2.308002 1.762242 1.454960 -0.013108 0.872101 -0.478286 0.102522
1341848042.354987 -2.278704 1.760978 1.450883 -0.004675 0.873808 -0.477064 0.094060
1341848042.429737 -2.249420 1.753441 1.438676 0.003266 0.874786 -0.476207 0.089245
1341848042.490921 -2.227656 1.763015 1.431816 0.013180 0.875190 -0.476256 0.083955
1341848042.558691 -2.204428 1.756183 1.423501 0.023825 0.875316 -0.476544 0.078481
1341848042.622730 -2.192298 1.745311 1.429015 0.032452 0.877791 -0.471815 0.076300
1341848042.658741 -2.179729 1.751291 1.427292 0.038575 0.875905 -0.475243 0.073808
1341848042.761637 -2.149452 1.757215 1.423595 0.058130 0.875070 -0.475564 0.068644
1341848042.861726 -2.127328 1.758873 1.420783 0.073315 0.876556 -0.472134 0.058010
1341848042.965708 -2.103288 1.758260 1.419859 0.084282 0.876198 -0.471948 0.049379
1341848043.065737 -2.081540 1.761754 1.415988 0.097304 0.875795 -0.470499 0.046317
1341848043.165792 -2.057783 1.757921 1.405767 0.106430 0.875631 -0.469331 0.040887
1341848043.265717 -2.026145 1.752210 1.405084 0.113855 0.873912 -0.471408 0.033005
1341848043.369819 -2.008124 1.741812 1.405885 0.118173 0.872911 -0.472517 0.028101
1341848043.469625 -1.970860 1.731852 1.408682 0.125809 0.872137 -0.472247 0.023074
1341848043.569664 -1.941773 1.716769 1.411272 0.135594 0.870872 -0.471883 0.022839
1341848043.670144 -1.905293 1.700269 1.409405 0.143210 0.871467 -0.468658 0.019903
1341848043.769828 -1.881259 1.682032 1.410600 0.149325 0.873003 -0.463922 0.018561
1341848043.869697 -1.857777 1.657323 1.411353 0.154930 0.871808 -0.464459 0.014993
1341848043.938034 -1.850459 1.642430 1.412912 0.156354 0.872867 -0.461880 0.017991
1341848043.969826 -1.846748 1.639799 1.407172 0.155880 0.872120 -0.463494 0.016764
1341848044.037703 -1.829311 1.619263 1.406526 0.157654 0.872380 -0.462474 0.014707
1341848044.073762 -1.817190 1.625612 1.413342 0.158433 0.871932 -0.463149 0.011257
1341848044.173825 -1.807336 1.608141 1.407590 0.158624 0.872661 -0.461599 0.015068
1341848044.273822 -1.776905 1.589093 1.406539 0.165144 0.872349 -0.460076 0.008037
1341848044.373688 -1.756034 1.576625 1.409140 0.172235 0.872500 -0.457235 0.003806
1341848044.473716 -1.742582 1.557719 1.406259 0.185375 0.871930 -0.453181 0.001124
1341848044.573760 -1.730374 1.539841 1.405945 0.201616 0.870337 -0.449259 -0.005576
1341848044.641741 -1.713003 1.529984 1.405868 0.214961 0.868283 -0.446923 -0.011631
1341848044.705966 -1.708297 1.518284 1.399770 0.225339 0.865466 -0.447309 -0.010332
1341848044.771011 -1.694633 1.507249 1.399868 0.235072 0.862359 -0.448192 -0.014257
1341848044.870686 -1.672760 1.491895 1.397047 0.245575 0.858516 -0.449775 -0.018612
1341848044.970797 -1.636909 1.479460 1.393597 0.258242 0.853496 -0.452193 -0.019431
1341848045.070849 -1.620528 1.469460 1.388916 0.260302 0.855075 -0.448116 -0.016778
1341848045.170759 -1.598575 1.446642 1.383835 0.265103 0.855456 -0.444350 -0.021642
1341848045.270833 -1.586542 1.428720 1.386111 0.263935 0.856083 -0.443607 -0.025941
1341848045.370799 -1.568241 1.403749 1.381542 0.264780 0.856352 -0.442358 -0.029550
1341848045.474692 -1.544190 1.382733 1.381915 0.264201 0.858362 -0.438884 -0.028175
1341848045.606920 -1.528710 1.348971 1.384514 0.259602 0.859919 -0.438685 -0.026474
1341848045.674943 -1.516007 1.330807 1.380880 0.257261 0.861236 -0.437479 -0.026470
1341848045.774776 -1.497102 1.303337 1.370958 0.252027 0.862386 -0.438293 -0.025928
1341848045.874777 -1.479615 1.279265 1.364194 0.245226 0.863606 -0.439809 -0.024835
1341848045.974768 -1.464158 1.253126 1.354973 0.235074 0.864673 -0.443526 -0.019137
1341848046.074722 -1.441981 1.236413 1.347363 0.223570 0.865882 -0.447272 -0.014569
1341848046.181848 -1.425410 1.218728 1.339590 0.212023 0.868392 -0.448018 -0.014905
1341848046.283599 -1.406863 1.208393 1.333548 0.200375 0.872450 -0.445583 -0.011743
1341848046.382309 -1.382726 1.199539 1.334668 0.190613 0.875944 -0.442957 -0.013311
1341848046.485848 -1.362595 1.195718 1.326740 0.183135 0.878613 -0.440843 -0.012632
1341848046.586076 -1.339036 1.192082 1.328719 0.175035 0.881614 -0.438150 -0.011974
1341848046.685899 -1.307399 1.199191 1.321173 0.171310 0.879373 -0.444136 -0.010020
1341848046.778736 -1.282099 1.208022 1.320667 0.166460 0.878538 -0.447667 -0.007480
1341848046.878793 -1.253682 1.219969 1.312652 0.164680 0.876960 -0.451381 -0.008786
1341848046.982780 -1.237112 1.233051 1.312667 0.162619 0.877441 -0.451254 -0.004780
1341848047.089866 -1.212916 1.244885 1.311993 0.159155 0.878744 -0.449949 -0.004927
1341848047.214887 -1.181495 1.261614 1.311011 0.153162 0.881253 -0.447131 -0.003007
1341848047.282779 -1.162557 1.267321 1.317280 0.150124 0.883456 -0.443810 0.000343
1341848047.383038 -1.126282 1.276652 1.312479 0.146615 0.882078 -0.447705 0.001814
1341848047.482648 -1.103403 1.292356 1.318742 0.137438 0.881619 -0.451449 0.007280
1341848047.582955 -1.081712 1.297996 1.327671 0.129635 0.883585 -0.449817 0.011690
1341848047.689728 -1.054772 1.305513 1.327634 0.125527 0.881867 -0.454262 0.014101
1341848047.786695 -1.025330 1.307860 1.335252 0.124594 0.883744 -0.450924 0.011880
1341848047.886853 -1.006585 1.309607 1.338402 0.121243 0.884716 -0.449951 0.011016
1341848047.986771 -0.978713 1.307828 1.340127 0.122267 0.884349 -0.450452 0.008399
1341848048.086776 -0.950174 1.311593 1.339473 0.122654 0.882781 -0.453452 0.005915
1341848048.186720 -0.929471 1.313162 1.344711 0.125309 0.882288 -0.453702 0.004594
1341848048.286640 -0.906312 1.314738 1.344821 0.130238 0.878737 -0.459193 0.001529
1341848048.386709 -0.879537 1.314377 1.354194 0.133178 0.878486 -0.458800 -0.005313
1341848048.490668 -0.850785 1.317767 1.358438 0.136530 0.875786 -0.462848 -0.011409
1341848048.590630 -0.831574 1.321787 1.368130 0.137791 0.872641 -0.468375 -0.011696
1341848048.690791 -0.814270 1.326536 1.373105 0.139674 0.867941 -0.476503 -0.010709
1341848048.791156 -0.796969 1.329402 1.378006 0.142339 0.864272 -0.482345 -0.010793
1341848048.891041 -0.774802 1.330845 1.385620 0.140308 0.860909 -0.488843 -0.013485
1341848048.990810 -0.747373 1.333106 1.399812 0.134929 0.858049 -0.495281 -0.015618
1341848049.090709 -0.726131 1.342377 1.409063 0.127819 0.853371 -0.505071 -0.017988
1341848049.194708 -0.704345 1.345873 1.412790 0.123793 0.850687 -0.510526 -0.019239
1341848049.294747 -0.683527 1.356023 1.409648 0.120264 0.848480 -0.515050 -0.018484
1341848049.394779 -0.656269 1.365500 1.416662 0.123363 0.847756 -0.515508 -0.018525
1341848049.494728 -0.625355 1.373187 1.420016 0.130181 0.845276 -0.517755 -0.022183
1341848049.594759 -0.599295 1.389587 1.425185 0.134109 0.843925 -0.518977 -0.021653
1341848049.695064 -0.569674 1.407229 1.429437 0.133441 0.844428 -0.518331 -0.021611
1341848049.794722 -0.542885 1.420787 1.426812 0.127675 0.845726 -0.517849 -0.016716
1341848049.930835 -0.498167 1.433440 1.428970 0.120624 0.847979 -0.515920 -0.014405
1341848049.998757 -0.482186 1.447086 1.423606 0.116624 0.847411 -0.517898 -0.008644
1341848050.098678 -0.451887 1.455701 1.423554 0.109416 0.848047 -0.518450 -0.007420
1341848050.198726 -0.432117 1.461501 1.424697 0.098130 0.850955 -0.515972 -0.004330
1341848050.298842 -0.407742 1.465165 1.422668 0.086516 0.852805 -0.515010 -0.001936
1341848050.398693 -0.381215 1.470383 1.422281 0.074989 0.854268 -0.514394 0.000881
1341848050.498791 -0.362535 1.470075 1.431505 0.060995 0.856967 -0.511728 0.004678
1341848050.598790 -0.334876 1.475733 1.422083 0.051711 0.854815 -0.516276 0.008725
1341848050.702846 -0.307853 1.474781 1.430652 0.039795 0.855640 -0.515919 0.011177
1341848050.802875 -0.289762 1.476825 1.430448 0.028579 0.855496 -0.516559 0.021855
1341848050.902725 -0.268115 1.478226 1.429702 0.016240 0.854994 -0.517580 0.028857
1341848051.002763 -0.239278 1.479039 1.435986 0.004922 0.854582 -0.518428 0.029950
1341848051.102734 -0.216245 1.484976 1.432797 -0.003682 0.851476 -0.523247 0.034459
1341848051.238747 -0.195878 1.487281 1.434565 -0.012341 0.849121 -0.526215 0.044040
1341848051.302718 -0.181590 1.491187 1.438999 -0.017796 0.845810 -0.531490 0.042508
1341848051.406688 -0.173429 1.496534 1.443465 -0.027044 0.841337 -0.537654 0.048460
1341848051.506718 -0.161732 1.500743 1.441624 -0.038850 0.838215 -0.541520 0.051406
1341848051.606760 -0.157218 1.504535 1.442357 -0.061820 0.832913 -0.547344 0.053378
1341848051.706714 -0.148411 1.512054 1.440568 -0.083386 0.826705 -0.553235 0.059472
1341848051.806694 -0.148013 1.518536 1.435824 -0.107259 0.821682 -0.556055 0.064315
1341848051.906707 -0.145472 1.535027 1.434793 -0.127696 0.817103 -0.559186 0.057858
1341848052.006755 -0.155067 1.545197 1.430599 -0.141645 0.818848 -0.553566 0.054676
1341848052.143014 -0.172895 1.554740 1.427584 -0.149829 0.818205 -0.553356 0.043460
1341848052.178064 -0.180928 1.566505 1.425260 -0.152196 0.817001 -0.554668 0.041102
1341848052.275206 -0.196834 1.583256 1.421111 -0.157570 0.817349 -0.553391 0.029495
1341848052.311125 -0.199614 1.577742 1.421470 -0.158041 0.819979 -0.549463 0.027355
1341848052.379476 -0.213330 1.592985 1.419914 -0.161302 0.818354 -0.551259 0.019802
1341848052.481496 -0.229173 1.603416 1.421248 -0.161806 0.818381 -0.551250 0.013964
1341848052.579155 -0.248060 1.625638 1.420297 -0.163992 0.816703 -0.553223 0.006822
1341848052.678720 -0.266765 1.638628 1.418114 -0.173934 0.813714 -0.554609 -0.005158
1341848052.778710 -0.287434 1.659277 1.420759 -0.170897 0.816897 -0.550865 -0.004562
1341848052.878813 -0.309962 1.671304 1.423790 -0.170102 0.816026 -0.552180 -0.016239
1341848052.978684 -0.326412 1.690587 1.423412 -0.161760 0.817313 -0.552423 -0.025742
1341848053.082651 -0.349656 1.708453 1.428399 -0.150485 0.818818 -0.552977 -0.033285
1341848053.183210 -0.363646 1.727789 1.434081 -0.134307 0.821801 -0.551947 -0.044256
1341848053.289822 -0.378133 1.735358 1.443149 -0.122739 0.822561 -0.552705 -0.053348
1341848053.386096 -0.400849 1.749946 1.441966 -0.106215 0.822577 -0.555857 -0.055748
1341848053.485736 -0.418425 1.769129 1.437994 -0.087538 0.824802 -0.555501 -0.058795
1341848053.589737 -0.429807 1.782050 1.444772 -0.070178 0.829950 -0.549398 -0.066480
1341848053.689724 -0.450325 1.796599 1.442152 -0.046511 0.836402 -0.541710 -0.069410
1341848053.789882 -0.460331 1.804405 1.444689 -0.022061 0.840064 -0.536605 -0.076556
1341848053.889790 -0.462845 1.816719 1.449254 0.005311 0.840640 -0.535153 -0.083105
1341848053.986823 -0.457897 1.827859 1.457102 0.027554 0.837469 -0.539066 -0.085409
1341848054.086777 -0.456026 1.848218 1.463547 0.050751 0.837651 -0.538982 -0.072548
1341848054.186687 -0.442171 1.861675 1.465493 0.065928 0.839085 -0.536079 -0.064884
1341848054.286801 -0.440475 1.884767 1.473105 0.067322 0.836096 -0.540328 -0.066767
1341848054.387103 -0.425262 1.903400 1.486123 0.072707 0.841348 -0.531133 -0.068883
1341848054.486883 -0.407670 1.917472 1.489183 0.078379 0.842995 -0.527929 -0.067127
1341848054.590790 -0.402431 1.932264 1.504730 0.085056 0.842434 -0.527577 -0.068793
1341848054.691021 -0.405902 1.952061 1.512736 0.092045 0.842422 -0.526398 -0.068978
1341848054.790887 -0.399568 1.968374 1.525926 0.098241 0.838623 -0.530517 -0.074920
1341848054.890895 -0.396008 1.983137 1.528848 0.112535 0.834106 -0.534920 -0.073916
1341848054.991052 -0.390614 2.002302 1.537041 0.124449 0.829954 -0.538601 -0.074811
1341848055.090735 -0.380961 2.028915 1.538790 0.132641 0.823667 -0.545757 -0.078286
1341848055.190986 -0.375079 2.059495 1.548759 0.140294 0.820613 -0.548262 -0.079504
1341848055.294725 -0.355466 2.096324 1.547282 0.146606 0.817116 -0.552064 -0.077803
1341848055.394711 -0.350197 2.141603 1.543602 0.146515 0.815082 -0.555091 -0.077778
1341848055.494734 -0.329241 2.173518 1.543763 0.150795 0.814090 -0.554536 -0.083720
1341848055.594685 -0.308424 2.201444 1.545018 0.157002 0.812403 -0.554158 -0.090887
1341848055.694797 -0.293472 2.233376 1.543226 0.162806 0.811771 -0.552745 -0.094838
1341848055.794951 -0.266184 2.242767 1.544004 0.176217 0.810734 -0.548793 -0.102393
1341848055.894792 -0.248263 2.252894 1.546220 0.189593 0.805860 -0.550873 -0.105749
1341848055.994709 -0.223813 2.267781 1.540892 0.196456 0.802590 -0.552976 -0.107103
1341848056.098792 -0.185923 2.263781 1.545121 0.202128 0.803302 -0.549443 -0.109378
1341848056.198744 -0.161390 2.266124 1.538999 0.203721 0.801130 -0.552661 -0.106086
1341848056.298771 -0.116362 2.264135 1.538840 0.202287 0.802257 -0.552188 -0.102726
1341848056.398744 -0.060387 2.260247 1.531591 0.204777 0.802170 -0.552199 -0.098313
1341848056.498895 -0.013217 2.253047 1.530139 0.211183 0.809962 -0.540638 -0.084109
1341848056.598948 0.027328 2.245590 1.527957 0.212280 0.813324 -0.535764 -0.079984
1341848056.698889 0.059044 2.241927 1.536766 0.208925 0.819044 -0.530005 -0.067914
1341848056.802861 0.102095 2.234528 1.528661 0.201691 0.822026 -0.528387 -0.066342
1341848056.902748 0.122733 2.228214 1.540766 0.197427 0.824987 -0.525735 -0.063412
1341848057.002703 0.144225 2.232337 1.549048 0.196400 0.827290 -0.522195 -0.065802
1341848057.102757 0.174899 2.226578 1.544981 0.197298 0.828748 -0.518769 -0.071616
1341848057.202641 0.209135 2.216017 1.545882 0.196507 0.832276 -0.512638 -0.076842
1341848057.302860 0.253230 2.212771 1.529871 0.199339 0.834301 -0.507635 -0.080700
1341848057.402722 0.293345 2.204236 1.523511 0.205083 0.836679 -0.500748 -0.084623
1341848057.506720 0.335553 2.199818 1.519239 0.215696 0.836438 -0.495915 -0.088970
1341848057.606668 0.375983 2.199473 1.520743 0.227053 0.838433 -0.487422 -0.088863
1341848057.706823 0.414952 2.199481 1.515167 0.242375 0.836218 -0.482777 -0.094444
1341848057.806842 0.458975 2.190527 1.515604 0.254206 0.834168 -0.479894 -0.096151
1341848057.906831 0.504974 2.186916 1.516387 0.261970 0.830740 -0.481849 -0.095204
1341848058.006833 0.543796 2.177085 1.511356 0.264499 0.830998 -0.481069 -0.089746
1341848058.106790 0.586940 2.163906 1.518814 0.259450 0.830943 -0.484615 -0.085837
1341848058.207081 0.620795 2.157490 1.519581 0.249816 0.830740 -0.490661 -0.081949
1341848058.310701 0.667521 2.119088 1.522716 0.246100 0.829257 -0.494103 -0.087352
1341848058.410669 0.700569 2.118327 1.525492 0.245368 0.828114 -0.496537 -0.086440
1341848058.542970 0.729736 2.088671 1.526557 0.256239 0.823332 -0.499051 -0.086111
1341848058.610842 0.739484 2.076352 1.528035 0.263727 0.821625 -0.498090 -0.085366
1341848058.710728 0.760846 2.057438 1.526110 0.269199 0.816754 -0.501726 -0.093358
1341848058.810874 0.777997 2.049072 1.519481 0.273118 0.816694 -0.499880 -0.092395
1341848058.946807 0.801077 2.022684 1.516925 0.285766 0.813409 -0.497329 -0.096792
1341848059.014660 0.801372 2.020887 1.512853 0.288918 0.809334 -0.501714 -0.098933
1341848059.114675 0.812278 2.008136 1.521616 0.294936 0.807347 -0.499445 -0.108439
1341848059.214738 0.820355 1.996496 1.524093 0.299090 0.806361 -0.496194 -0.118824
1341848059.314667 0.815658 1.998930 1.517539 0.307129 0.799041 -0.501369 -0.125831
1341848059.414736 0.814734 1.998136 1.517190 0.315076 0.794245 -0.503277 -0.128893
1341848059.514652 0.818677 2.002959 1.515015 0.321746 0.790181 -0.503658 -0.135730
1341848059.614734 0.823979 2.001390 1.514639 0.326976 0.786054 -0.505465 -0.140395
1341848059.718703 0.823840 2.003527 1.519637 0.327057 0.785469 -0.505396 -0.143690
1341848059.818759 0.833190 2.003516 1.512467 0.327539 0.783223 -0.507513 -0.147347
1341848059.918755 0.839875 2.009026 1.514482 0.324758 0.780118 -0.513415 -0.149512
1341848060.018660 0.845444 2.001802 1.514671 0.323438 0.776886 -0.518475 -0.151721
1341848060.118813 0.850778 2.012262 1.517700 0.316074 0.772922 -0.527525 -0.156225
1341848060.218851 0.849933 2.012320 1.517264 0.312554 0.771417 -0.530022 -0.162179
1341848060.318914 0.848356 2.016957 1.513929 0.310992 0.770914 -0.529823 -0.168115
1341848060.418639 0.843353 2.026850 1.502239 0.306968 0.770225 -0.531479 -0.173362
1341848060.522925 0.837121 2.028004 1.495810 0.300785 0.769352 -0.533629 -0.181288
1341848060.622697 0.826930 2.033294 1.501513 0.297759 0.768609 -0.534052 -0.188064
1341848060.723165 0.818381 2.042916 1.499194 0.297504 0.766585 -0.537091 -0.188076
1341848060.823967 0.814475 2.040850 1.496459 0.293719 0.765666 -0.542395 -0.182463
1341848060.923126 0.801637 2.037708 1.504618 0.289076 0.766427 -0.546154 -0.175330
1341848061.030587 0.785744 2.040339 1.508816 0.285437 0.766081 -0.550665 -0.168563
1341848061.100583 0.770457 2.033659 1.518200 0.283193 0.767037 -0.550503 -0.168530
1341848061.259408 0.742287 2.032928 1.532133 0.280970 0.758484 -0.562941 -0.169870
1341848061.326612 0.728147 2.035501 1.543501 0.280392 0.756539 -0.566151 -0.168826
1341848061.426913 0.711935 2.036450 1.543172 0.283306 0.752389 -0.570563 -0.167652
1341848061.526736 0.697022 2.040002 1.546598 0.283315 0.750829 -0.572182 -0.169103
1341848061.626731 0.689475 2.035450 1.547531 0.286333 0.749537 -0.571945 -0.170551
1341848061.726726 0.679010 2.041335 1.544720 0.287744 0.748570 -0.572129 -0.171798
1341848061.826740 0.671702 2.035608 1.546010 0.288009 0.749460 -0.569703 -0.175499
1341848061.930667 0.667538 2.032648 1.547650 0.286545 0.751548 -0.567285 -0.176791
1341848062.030704 0.663689 2.031118 1.542360 0.283929 0.754021 -0.565944 -0.174767
1341848062.130773 0.651508 2.019453 1.542397 0.278456 0.758947 -0.562537 -0.173244
1341848062.230750 0.644376 2.013951 1.540392 0.269019 0.762259 -0.562288 -0.174419
1341848062.330839 0.635761 2.007408 1.538823 0.263351 0.767338 -0.559565 -0.169489
1341848062.430832 0.628926 2.004952 1.535697 0.261261 0.767852 -0.561607 -0.163535
1341848062.530743 0.619866 2.010348 1.537286 0.260806 0.768800 -0.563124 -0.154331
1341848062.630793 0.609797 2.017025 1.533463 0.261878 0.769218 -0.564358 -0.145683
1341848062.734924 0.592427 2.018036 1.535015 0.259480 0.769101 -0.566204 -0.143411
1341848062.834828 0.576645 2.021173 1.530414 0.257472 0.770123 -0.567228 -0.137370
1341848062.934962 0.559769 2.023592 1.533594 0.248399 0.774172 -0.566202 -0.135539
1341848063.034972 0.537623 2.029483 1.532484 0.240231 0.777998 -0.565247 -0.132303
1341848063.135045 0.514827 2.040869 1.532641 0.233815 0.778679 -0.568020 -0.127837
1341848063.234990 0.490248 2.048044 1.536285 0.227051 0.781165 -0.568270 -0.123687
1341848063.334854 0.468942 2.053729 1.536986 0.218934 0.784258 -0.566789 -0.125527
1341848063.439276 0.446746 2.057356 1.534596 0.212759 0.788460 -0.562378 -0.129596
1341848063.541802 0.421004 2.049206 1.532500 0.212158 0.792124 -0.557092 -0.131063
1341848063.609732 0.404033 2.061097 1.523512 0.214350 0.792734 -0.556184 -0.127620
1341848063.709890 0.390913 2.052989 1.521821 0.214330 0.797272 -0.550476 -0.124080
1341848063.809840 0.367320 2.042526 1.517821 0.208502 0.801022 -0.547512 -0.122969
1341848063.913769 0.341275 2.027952 1.528574 0.202891 0.803774 -0.545526 -0.123224
1341848064.013951 0.311795 2.015940 1.522955 0.199939 0.800402 -0.552434 -0.119153
1341848064.113685 0.279085 2.000703 1.523981 0.194431 0.800195 -0.554829 -0.118530
1341848064.213863 0.246689 1.985978 1.534068 0.194366 0.801596 -0.554034 -0.112744
1341848064.313795 0.204247 1.970885 1.529665 0.193896 0.799501 -0.556979 -0.113911
1341848064.418063 0.163948 1.958197 1.530190 0.194727 0.799193 -0.556538 -0.116779
1341848064.518010 0.123647 1.942637 1.535546 0.187957 0.800376 -0.555686 -0.123630
1341848064.617693 0.086013 1.937516 1.542457 0.188915 0.798128 -0.559345 -0.120148
1341848064.749892 0.051266 1.938971 1.538834 0.188847 0.798106 -0.560112 -0.116786
1341848064.810737 0.038208 1.939793 1.538060 0.186246 0.798025 -0.561585 -0.114413
1341848064.910832 0.013261 1.943087 1.534252 0.186976 0.797930 -0.562780 -0.107824
1341848065.010770 -0.012552 1.945626 1.538896 0.189502 0.798474 -0.562286 -0.101798
1341848065.110686 -0.039897 1.952577 1.533206 0.191175 0.798479 -0.563015 -0.094325
1341848065.214760 -0.063319 1.955065 1.531854 0.188980 0.796527 -0.566556 -0.094044
1341848065.314761 -0.088045 1.960741 1.530604 0.183349 0.797829 -0.566571 -0.094069
1341848065.414914 -0.110661 1.965842 1.533116 0.177966 0.798437 -0.567277 -0.094996
1341848065.514745 -0.135573 1.970668 1.532362 0.173412 0.796624 -0.570854 -0.097183
1341848065.614763 -0.163222 1.975087 1.536838 0.168553 0.796572 -0.572564 -0.096091
1341848065.714808 -0.183773 1.985838 1.534485 0.160206 0.796961 -0.574858 -0.093411
1341848065.814742 -0.197741 1.989694 1.531358 0.148961 0.800536 -0.573468 -0.089924
1341848065.918698 -0.202353 1.990889 1.523550 0.135020 0.805330 -0.571516 -0.081133
1341848066.018773 -0.214647 1.996714 1.522838 0.117076 0.811852 -0.567237 -0.073709
1341848066.118721 -0.229820 1.995802 1.513987 0.107828 0.814950 -0.565613 -0.065656
1341848066.218688 -0.241705 1.995747 1.509274 0.101286 0.817569 -0.563673 -0.059955
1341848066.318695 -0.266995 1.987401 1.528697 0.093499 0.821428 -0.559726 -0.056756
1341848066.418820 -0.289012 1.978653 1.532039 0.090628 0.819644 -0.562964 -0.055153
1341848066.522806 -0.313872 1.972510 1.529338 0.083407 0.818866 -0.565564 -0.051365
1341848066.623500 -0.336260 1.958378 1.532098 0.072281 0.818649 -0.567030 -0.055378
1341848066.732527 -0.365054 1.947199 1.533670 0.064637 0.817276 -0.569765 -0.057014
1341848066.833355 -0.387445 1.937719 1.532538 0.056776 0.814582 -0.573860 -0.062588
1341848066.930221 -0.409602 1.932368 1.532925 0.050824 0.815505 -0.573132 -0.062358
1341848067.054702 -0.442406 1.931830 1.531945 0.042641 0.816554 -0.572186 -0.063435
1341848067.122963 -0.446078 1.919629 1.539010 0.040189 0.817052 -0.571199 -0.067395
1341848067.222948 -0.465635 1.923975 1.536871 0.040116 0.814340 -0.575542 -0.063185
1341848067.322816 -0.477177 1.925250 1.538049 0.046112 0.813807 -0.576171 -0.060147
1341848067.426869 -0.494835 1.931766 1.536774 0.053264 0.813184 -0.576769 -0.056854
1341848067.526659 -0.508361 1.938522 1.534438 0.061247 0.814113 -0.574793 -0.055510
1341848067.626656 -0.514152 1.938226 1.537095 0.062752 0.814249 -0.573610 -0.063497
1341848067.726732 -0.523165 1.941602 1.545119 0.066872 0.811316 -0.577119 -0.065027
1341848067.826795 -0.535130 1.954439 1.543454 0.073570 0.807187 -0.582198 -0.063893
