#timestamp x y z qx qy qz qw
1341847981.626685 -0.612632 2.711165 1.738869 0.012261 0.858578 -0.512102 -0.021090
1341847981.694720 -0.599560 2.716415 1.733792 0.012717 0.858619 -0.511940 -0.022991
1341847981.794659 -0.582159 2.723013 1.733570 0.013892 0.859919 -0.509683 -0.023862
1341847981.894631 -0.563036 2.728320 1.727572 0.014057 0.860478 -0.508711 -0.024350
1341847981.926602 -0.555119 2.730776 1.720858 0.013761 0.861381 -0.507182 -0.024499
1341847981.994808 -0.544326 2.724777 1.730691 0.013544 0.863040 -0.504331 -0.025087
1341847982.062739 -0.537994 2.725813 1.729485 0.010917 0.861692 -0.506682 -0.025316
1341847982.094786 -0.529092 2.729575 1.715233 0.010370 0.859911 -0.509657 -0.026383
1341847982.194674 -0.525874 2.732646 1.730317 0.009010 0.859596 -0.510395 -0.022595
1341847982.294994 -0.515558 2.728205 1.741284 0.011160 0.860437 -0.508580 -0.029501
1341847982.330655 -0.500629 2.720752 1.725534 0.014949 0.858171 -0.512152 -0.031943
1341847982.398909 -0.497486 2.729505 1.731359 0.017745 0.855780 -0.516389 -0.025850
1341847982.498616 -0.500894 2.727510 1.749072 0.021269 0.856686 -0.514609 -0.028541
1341847982.598726 -0.487156 2.723909 1.745205 0.027682 0.858965 -0.510244 -0.032621
1341847982.698638 -0.461112 2.719503 1.748003 0.034403 0.860701 -0.506242 -0.041587
1341847982.798737 -0.443443 2.709658 1.742388 0.040582 0.860200 -0.506171 -0.046901
1341847982.898700 -0.400217 2.708535 1.734488 0.045655 0.856390 -0.511877 -0.049939
1341847982.998783 -0.389775 2.712238 1.734845 0.045063 0.858250 -0.509272 -0.044932
1341847983.102757 -0.347359 2.710342 1.719702 0.048082 0.858568 -0.508234 -0.047402
1341847983.202653 -0.308827 2.706212 1.742154 0.050194 0.859778 -0.506113 -0.045954
1341847983.302701 -0.289247 2.702656 1.739134 0.050977 0.862299 -0.501694 -0.046308
1341847983.370887 -0.272259 2.692501 1.733564 0.052426 0.862390 -0.500854 -0.051775
1341847983.402670 -0.247404 2.696283 1.731865 0.055232 0.861264 -0.502178 -0.054686
1341847983.502767 -0.239494 2.695729 1.738568 0.054344 0.861783 -0.501622 -0.052456
1341847983.570684 -0.200531 2.690351 1.739380 0.057442 0.861613 -0.500510 -0.061752
1341847983.602741 -0.194490 2.683031 1.750941 0.057636 0.862498 -0.498945 -0.061888
1341847983.702857 -0.157058 2.694673 1.744982 0.061354 0.857849 -0.506180 -0.064122
1341847983.806672 -0.117425 2.694389 1.754802 0.064024 0.856659 -0.507922 -0.063647
1341847983.906692 -0.066510 2.699363 1.751922 0.068712 0.853551 -0.512929 -0.060275
1341847984.006722 -0.036881 2.715600 1.741991 0.069315 0.853431 -0.512937 -0.061208
1341847984.106759 0.003644 2.724144 1.725693 0.070866 0.855801 -0.507660 -0.069740
1341847984.206711 0.054648 2.709249 1.718131 0.070178 0.859730 -0.499926 -0.077543
1341847984.306662 0.090141 2.702077 1.712347 0.070510 0.862821 -0.494900 -0.075107
1341847984.406718 0.125958 2.688590 1.695750 0.072549 0.864999 -0.491463 -0.070551
1341847984.506747 0.148045 2.661796 1.685894 0.072574 0.866125 -0.489460 -0.070637
1341847984.610792 0.192015 2.616276 1.668750 0.078306 0.865738 -0.488059 -0.078514
1341847984.710651 0.213494 2.584857 1.656982 0.079689 0.863001 -0.493178 -0.075197
1341847984.810639 0.238968 2.545855 1.660611 0.081043 0.862575 -0.493753 -0.074858
1341847984.910613 0.259340 2.523730 1.640868 0.085465 0.858384 -0.500733 -0.071689
1341847985.010633 0.273260 2.486574 1.642135 0.089075 0.861880 -0.494968 -0.065081
1341847985.110771 0.290666 2.438339 1.642454 0.096704 0.864121 -0.488473 -0.073061
1341847985.210840 0.304720 2.393708 1.639452 0.103774 0.863305 -0.487437 -0.079632
1341847985.314648 0.316971 2.361624 1.636165 0.109044 0.860752 -0.489479 -0.087330
1341847985.414650 0.323889 2.332686 1.637918 0.112982 0.860522 -0.488393 -0.090606
1341847985.514673 0.342525 2.287133 1.635854 0.119449 0.859335 -0.487922 -0.095953
1341847985.614773 0.355159 2.246586 1.628957 0.127119 0.856520 -0.489787 -0.101604
1341847985.714719 0.368003 2.205837 1.621273 0.137718 0.850253 -0.497557 -0.102668
1341847985.814703 0.398624 2.162038 1.612184 0.150820 0.840271 -0.509525 -0.107623
1341847985.914968 0.409824 2.137784 1.620693 0.162276 0.837298 -0.511184 -0.106251
1341847986.018756 0.423886 2.100902 1.619734 0.171165 0.834513 -0.510539 -0.116793
1341847986.118719 0.434542 2.064033 1.631992 0.177784 0.835660 -0.505448 -0.120782
1341847986.218674 0.441122 2.027563 1.624797 0.185602 0.833440 -0.504018 -0.129982
1341847986.286733 0.448048 1.996252 1.632741 0.191905 0.832070 -0.502751 -0.134440
1341847986.394467 0.450665 1.964179 1.632703 0.200286 0.827540 -0.505411 -0.140081
1341847986.493735 0.454034 1.919967 1.628871 0.208336 0.826410 -0.502174 -0.146505
1341847986.593712 0.460008 1.873265 1.630098 0.213802 0.826508 -0.497769 -0.152967
1341847986.693739 0.463988 1.834798 1.619017 0.222611 0.822266 -0.500512 -0.154307
1341847986.793794 0.465878 1.795483 1.624247 0.232277 0.824224 -0.493986 -0.150600
1341847986.886746 0.471041 1.758228 1.611209 0.240935 0.823211 -0.491537 -0.150553
1341847986.990631 0.475634 1.715129 1.612067 0.248258 0.824961 -0.484408 -0.152173
1341847987.091223 0.478879 1.684283 1.604334 0.255468 0.824554 -0.481506 -0.151655
1341847987.190716 0.481350 1.648036 1.601123 0.259519 0.824770 -0.474602 -0.164797
1341847987.290653 0.488134 1.613690 1.601511 0.266839 0.824226 -0.468181 -0.173942
1341847987.322780 0.490380 1.602076 1.599993 0.268522 0.822795 -0.467177 -0.180692
1341847987.390720 0.497331 1.575858 1.594914 0.270643 0.817686 -0.469696 -0.193718
1341847987.490754 0.510320 1.547268 1.575204 0.278927 0.805905 -0.479199 -0.207568
1341847987.590776 0.523617 1.522160 1.557333 0.290772 0.797938 -0.482355 -0.214665
1341847987.658922 0.532789 1.509717 1.544656 0.298734 0.793964 -0.483732 -0.215365
1341847987.691638 0.537376 1.500859 1.538346 0.301577 0.792536 -0.483859 -0.216375
1341847987.794708 0.549848 1.470514 1.521605 0.310846 0.789021 -0.485047 -0.213424
1341847987.897796 0.563724 1.436218 1.506568 0.317445 0.786452 -0.486871 -0.208993
1341847987.997794 0.578331 1.408544 1.502589 0.313439 0.785541 -0.490130 -0.210843
1341847988.065746 0.586493 1.382771 1.496757 0.308561 0.784087 -0.492701 -0.217358
1341847988.098165 0.591442 1.376033 1.497562 0.304241 0.784233 -0.493927 -0.220120
1341847988.201710 0.606710 1.362303 1.482540 0.304975 0.780645 -0.498642 -0.221222
1341847988.265702 0.607649 1.337801 1.481022 0.307016 0.783021 -0.493511 -0.221506
1341847988.301776 0.611540 1.336186 1.474452 0.308462 0.781363 -0.495056 -0.221907
1341847988.401745 0.617812 1.316447 1.458303 0.317346 0.779599 -0.493963 -0.217986
1341847988.502496 0.626036 1.301359 1.456928 0.320913 0.778688 -0.492167 -0.220070
1341847988.601796 0.637818 1.290922 1.449228 0.325889 0.780130 -0.487941 -0.217040
1341847988.669807 0.645233 1.280989 1.444594 0.325695 0.781685 -0.483058 -0.222589
1341847988.706192 0.650061 1.279014 1.443156 0.326201 0.782118 -0.481421 -0.223873
1341847988.806051 0.666206 1.266042 1.441204 0.334857 0.779060 -0.481170 -0.222286
1341847988.873917 0.678740 1.259106 1.447036 0.338315 0.779948 -0.475900 -0.225261
1341847988.937824 0.693784 1.255915 1.445044 0.342966 0.777554 -0.475593 -0.227144
1341847988.998737 0.708510 1.244609 1.444500 0.349402 0.776296 -0.472993 -0.227069
1341847989.066658 0.726261 1.235642 1.450635 0.351819 0.778314 -0.467792 -0.227203
1341847989.098821 0.732519 1.222534 1.453149 0.351563 0.777919 -0.467155 -0.230242
1341847989.166672 0.752910 1.215912 1.458401 0.352568 0.774647 -0.472496 -0.228835
1341847989.202743 0.763467 1.209954 1.458756 0.352879 0.772785 -0.475883 -0.227629
1341847989.266651 0.785201 1.199758 1.469774 0.349651 0.773647 -0.477971 -0.225295
1341847989.302773 0.796064 1.198422 1.470378 0.345658 0.774726 -0.478822 -0.225943
1341847989.402777 0.824931 1.184105 1.485034 0.333346 0.782600 -0.471331 -0.232949
1341847989.470712 0.848165 1.187276 1.487456 0.329498 0.781571 -0.474741 -0.234942
1341847989.502614 0.855792 1.182785 1.491783 0.330541 0.782578 -0.471844 -0.235961
1341847989.602804 0.876539 1.170812 1.502589 0.331471 0.783862 -0.468297 -0.237455
1341847989.670627 0.896105 1.170279 1.503615 0.332421 0.780204 -0.470189 -0.244335
1341847989.702606 0.902669 1.166351 1.505269 0.333769 0.780403 -0.468418 -0.245262
1341847989.770735 0.921694 1.162815 1.508243 0.335427 0.779583 -0.466203 -0.249786
1341847989.802890 0.929900 1.156577 1.508206 0.337242 0.779545 -0.464079 -0.251413
1341847989.870960 0.945843 1.147450 1.511132 0.338951 0.778535 -0.462279 -0.255528
1341847989.902718 0.962833 1.152278 1.512128 0.340690 0.775826 -0.464931 -0.256640
1341847989.970730 0.986082 1.143727 1.515711 0.344579 0.774367 -0.466568 -0.252856
1341847990.006923 0.999166 1.143409 1.520330 0.344515 0.774367 -0.465711 -0.254515
1341847990.070686 1.022409 1.137819 1.520965 0.345060 0.772905 -0.466402 -0.256943
1341847990.106701 1.035263 1.136255 1.524245 0.345031 0.772893 -0.466163 -0.257452
1341847990.171055 1.057677 1.131191 1.523563 0.347218 0.770179 -0.469627 -0.256347
1341847990.207022 1.072846 1.129551 1.525748 0.347570 0.769347 -0.471820 -0.254334
1341847990.274709 1.093429 1.124090 1.529935 0.348614 0.769307 -0.472357 -0.252021
1341847990.306743 1.108567 1.124359 1.531435 0.347589 0.769196 -0.473455 -0.251713
1341847990.406760 1.141781 1.118336 1.533611 0.347257 0.770099 -0.472731 -0.250770
1341847990.506783 1.169031 1.109463 1.533639 0.348978 0.771339 -0.470045 -0.249616
1341847990.642783 1.202897 1.099393 1.533825 0.357323 0.770286 -0.466124 -0.248413
1341847990.710795 1.219611 1.092493 1.529552 0.364039 0.766668 -0.467500 -0.247263
1341847990.810771 1.240170 1.082138 1.532500 0.372094 0.763773 -0.466733 -0.245676
1341847990.910825 1.260887 1.070740 1.533706 0.377361 0.762041 -0.463688 -0.248767
1341847991.010797 1.279176 1.056198 1.534699 0.381242 0.759816 -0.460775 -0.254994
1341847991.111319 1.296995 1.039306 1.538387 0.388010 0.755877 -0.460149 -0.257608
1341847991.210687 1.314602 1.018651 1.539561 0.392938 0.752102 -0.459906 -0.261588
1341847991.310807 1.336146 0.997101 1.536556 0.397801 0.746982 -0.461286 -0.266436
1341847991.414715 1.357041 0.975782 1.536412 0.409108 0.744530 -0.461165 -0.256188
1341847991.514709 1.372957 0.954251 1.534345 0.415882 0.742816 -0.454819 -0.261546
1341847991.614853 1.387190 0.936783 1.537465 0.429551 0.736894 -0.452711 -0.259858
1341847991.746823 1.401495 0.918868 1.546390 0.446554 0.725486 -0.449623 -0.268511
1341847991.814748 1.403482 0.905643 1.553802 0.452849 0.723318 -0.444676 -0.272033
1341847991.915817 1.417720 0.889315 1.557190 0.459430 0.717043 -0.442693 -0.280707
1341847992.014724 1.426977 0.867880 1.563267 0.461909 0.714577 -0.438397 -0.289530
1341847992.114842 1.441751 0.847800 1.565073 0.464138 0.713054 -0.435022 -0.294764
1341847992.218736 1.460055 0.821883 1.564574 0.469104 0.708950 -0.433542 -0.298953
1341847992.318683 1.480127 0.798813 1.566574 0.475200 0.702963 -0.431091 -0.306901
1341847992.418855 1.503241 0.773895 1.567323 0.485269 0.695347 -0.430285 -0.309615
1341847992.518735 1.528574 0.749655 1.569556 0.494578 0.688611 -0.429063 -0.311629
1341847992.618832 1.557370 0.724460 1.571653 0.499152 0.686153 -0.425650 -0.314426
1341847992.718718 1.578617 0.696067 1.572462 0.503010 0.683755 -0.422863 -0.317249
1341847992.818723 1.602301 0.671975 1.572227 0.505558 0.681872 -0.421653 -0.318858
1341847992.922713 1.619767 0.649150 1.570916 0.509661 0.681115 -0.416019 -0.321336
1341847993.022736 1.631129 0.623978 1.568669 0.513662 0.677927 -0.414062 -0.324220
1341847993.122668 1.641135 0.596821 1.566689 0.516177 0.677974 -0.408393 -0.327305
1341847993.222703 1.646463 0.569294 1.564175 0.521318 0.672877 -0.406360 -0.332169
1341847993.322794 1.652488 0.538651 1.566568 0.526952 0.666031 -0.408930 -0.333917
1341847993.422745 1.663043 0.510077 1.565703 0.532279 0.661047 -0.405713 -0.339253
1341847993.522707 1.671544 0.478303 1.561164 0.539873 0.653371 -0.406529 -0.341142
1341847993.626764 1.681488 0.443527 1.559737 0.547858 0.651109 -0.402335 -0.337691
1341847993.727062 1.678512 0.407232 1.558511 0.552578 0.654728 -0.391009 -0.336306
1341847993.826735 1.686239 0.374875 1.556791 0.555746 0.652152 -0.386024 -0.341804
1341847993.933661 1.684627 0.342688 1.559422 0.557983 0.651737 -0.380832 -0.344761
1341847994.034008 1.683716 0.317905 1.565384 0.560654 0.648934 -0.376172 -0.350781
1341847994.133885 1.688314 0.291651 1.570759 0.563998 0.642770 -0.376549 -0.356321
1341847994.233618 1.697124 0.267256 1.575382 0.570186 0.632994 -0.380993 -0.359237
1341847994.333755 1.704391 0.235220 1.580629 0.573658 0.625841 -0.380937 -0.366234
1341847994.433802 1.720873 0.201555 1.583705 0.577231 0.617590 -0.384516 -0.370855
1341847994.537738 1.735083 0.164273 1.586514 0.582387 0.610740 -0.386251 -0.372334
1341847994.637836 1.749101 0.126667 1.582995 0.589236 0.605497 -0.382984 -0.373494
1341847994.769803 1.761722 0.078763 1.581725 0.596049 0.600563 -0.376576 -0.377146
1341847994.831306 1.776138 0.057832 1.574754 0.603559 0.597422 -0.369106 -0.377576
1341847994.930711 1.782127 0.026215 1.576555 0.608615 0.597742 -0.361316 -0.376488
1341847995.030768 1.783828 -0.001682 1.573988 0.617374 0.589509 -0.356564 -0.379726
1341847995.134939 1.784536 -0.028266 1.573422 0.624587 0.579548 -0.352927 -0.386598
1341847995.234663 1.787388 -0.053316 1.573815 0.629384 0.571419 -0.351543 -0.392140
1341847995.334686 1.791853 -0.078173 1.578536 0.633277 0.565132 -0.350446 -0.395945
1341847995.434743 1.792358 -0.106873 1.574239 0.635849 0.561937 -0.346353 -0.399952
1341847995.534752 1.783386 -0.134056 1.575196 0.639151 0.557684 -0.347541 -0.399613
1341847995.634814 1.782179 -0.161121 1.570555 0.647423 0.552997 -0.349413 -0.391087
1341847995.734774 1.773613 -0.184273 1.568192 0.655034 0.549966 -0.342895 -0.388446
1341847995.838779 1.764370 -0.205409 1.567361 0.658876 0.547056 -0.340128 -0.388492
1341847995.938733 1.763585 -0.220423 1.565654 0.660849 0.544669 -0.336583 -0.391569
1341847996.038762 1.761159 -0.232058 1.568531 0.664265 0.539602 -0.332421 -0.396331
1341847996.138845 1.763874 -0.243263 1.572826 0.665866 0.534033 -0.331210 -0.402157
1341847996.239003 1.765476 -0.255310 1.572564 0.667817 0.527258 -0.328444 -0.410054
1341847996.338944 1.769558 -0.268845 1.572158 0.672446 0.521007 -0.326891 -0.411717
1341847996.438632 1.776824 -0.284173 1.575521 0.678255 0.512615 -0.324027 -0.414973
1341847996.538771 1.774596 -0.302805 1.572098 0.681818 0.504789 -0.324422 -0.418406
1341847996.642752 1.790134 -0.326374 1.567301 0.685819 0.501256 -0.320917 -0.418817
1341847996.742663 1.791408 -0.346206 1.560918 0.691341 0.499313 -0.308531 -0.421359
1341847996.842763 1.788892 -0.370752 1.555318 0.698575 0.492583 -0.301301 -0.422579
1341847996.942686 1.788166 -0.404714 1.552292 0.702458 0.486682 -0.302541 -0.422093
1341847997.042675 1.795413 -0.438139 1.555607 0.703460 0.482232 -0.305528 -0.423379
1341847997.142993 1.802495 -0.474533 1.554612 0.701824 0.482346 -0.305322 -0.426103
1341847997.242959 1.807252 -0.510053 1.550872 0.699570 0.484420 -0.303878 -0.428484
1341847997.346642 1.803298 -0.535298 1.553491 0.701905 0.483079 -0.300715 -0.428409
1341847997.446693 1.790746 -0.560163 1.556119 0.703133 0.477616 -0.297843 -0.434485
1341847997.546599 1.788759 -0.588942 1.560619 0.705419 0.470340 -0.293751 -0.441446
1341847997.646995 1.773679 -0.619905 1.564293 0.705642 0.465715 -0.287451 -0.450056
1341847997.746602 1.760035 -0.652105 1.568086 0.704455 0.460714 -0.288570 -0.456304
1341847997.846906 1.744212 -0.689132 1.568382 0.705468 0.453178 -0.290001 -0.461351
1341847997.946999 1.730572 -0.723491 1.570456 0.711905 0.444584 -0.290959 -0.459216
1341847998.050805 1.711498 -0.759381 1.571638 0.714979 0.439615 -0.291537 -0.458857
1341847998.122275 1.703843 -0.781657 1.574541 0.717044 0.438540 -0.295455 -0.454133
1341847998.185663 1.692078 -0.802612 1.572830 0.716914 0.441289 -0.293518 -0.452931
1341847998.253760 1.684306 -0.820953 1.576089 0.716319 0.444027 -0.291471 -0.452517
1341847998.318804 1.673581 -0.845248 1.576325 0.714099 0.446510 -0.291970 -0.453260
1341847998.419237 1.663150 -0.875945 1.577548 0.712230 0.452700 -0.290900 -0.450742
1341847998.550746 1.642963 -0.923276 1.571699 0.708721 0.463503 -0.284343 -0.449475
1341847998.650736 1.641649 -0.962037 1.568150 0.707702 0.467108 -0.280741 -0.449613
1341847998.750838 1.629064 -1.001127 1.565474 0.709909 0.465581 -0.279274 -0.448631
1341847998.854711 1.623982 -1.040012 1.559793 0.711596 0.463365 -0.275231 -0.450747
1341847998.954799 1.612473 -1.079715 1.548135 0.716921 0.460411 -0.274258 -0.445902
1341847999.054894 1.608454 -1.114254 1.545415 0.720241 0.459958 -0.271908 -0.442445
1341847999.122718 1.596662 -1.132870 1.539721 0.722690 0.461015 -0.269465 -0.438832
1341847999.222717 1.584511 -1.155564 1.537455 0.726236 0.454468 -0.264640 -0.442725
1341847999.322701 1.568963 -1.185427 1.537263 0.730994 0.438866 -0.265405 -0.450116
1341847999.423935 1.563160 -1.208440 1.536210 0.734817 0.427032 -0.267443 -0.454050
1341847999.522673 1.552200 -1.230797 1.540522 0.741955 0.408075 -0.262834 -0.462490
1341847999.622896 1.536578 -1.250359 1.539397 0.748906 0.392929 -0.260297 -0.465825
1341847999.722697 1.508437 -1.265220 1.536403 0.753864 0.381046 -0.255687 -0.470231
1341847999.826747 1.481874 -1.280331 1.535193 0.758284 0.367874 -0.252520 -0.475297
1341847999.927117 1.459675 -1.293574 1.533857 0.770331 0.350002 -0.247486 -0.472059
1341848000.026656 1.427338 -1.294126 1.528836 0.781999 0.336120 -0.240464 -0.466559
1341848000.126737 1.405272 -1.302059 1.521639 0.791171 0.326090 -0.228800 -0.464074
1341848000.227063 1.379262 -1.305506 1.518928 0.799430 0.317959 -0.217052 -0.461197
1341848000.327132 1.353747 -1.306048 1.515326 0.806601 0.309765 -0.208969 -0.458009
1341848000.426772 1.329073 -1.306552 1.509071 0.811504 0.303528 -0.204600 -0.455489
1341848000.530849 1.304375 -1.303855 1.504428 0.814082 0.298180 -0.199415 -0.456719
1341848000.630641 1.274178 -1.306188 1.504641 0.815120 0.291171 -0.194707 -0.461398
1341848000.730805 1.246771 -1.301206 1.508798 0.817516 0.280274 -0.191844 -0.465092
1341848000.830729 1.216598 -1.305008 1.509651 0.819379 0.267247 -0.192151 -0.469335
1341848000.898723 1.198866 -1.310939 1.509069 0.820130 0.258674 -0.190526 -0.473470
1341848000.963197 1.174893 -1.312269 1.509313 0.822223 0.252536 -0.191041 -0.472946
1341848001.030740 1.156795 -1.323010 1.513237 0.822833 0.248306 -0.188234 -0.475245
1341848001.130714 1.124922 -1.325965 1.511150 0.825235 0.239465 -0.188625 -0.475462
1341848001.205951 1.103837 -1.332050 1.508397 0.825641 0.235496 -0.184404 -0.478387
1341848001.266775 1.082562 -1.330057 1.504059 0.825597 0.235244 -0.175319 -0.481988
1341848001.334803 1.062597 -1.332275 1.494848 0.826297 0.228577 -0.168015 -0.486577
1341848001.434718 1.031552 -1.324456 1.489869 0.829330 0.217508 -0.154665 -0.490898
1341848001.502686 1.018978 -1.314088 1.485433 0.832044 0.210754 -0.145981 -0.491910
1341848001.534905 1.007577 -1.310461 1.485641 0.833313 0.205604 -0.141317 -0.493300
1341848001.634657 0.982209 -1.302554 1.479488 -0.835657 -0.187981 0.125829 0.500507
1341848001.734859 0.958182 -1.290943 1.476136 -0.836657 -0.175717 0.117621 0.505267
1341848001.802763 0.938795 -1.283869 1.476413 -0.836904 -0.164818 0.114885 0.509145
1341848001.834761 0.931582 -1.280295 1.479559 -0.839705 -0.159908 0.110326 0.507103
1341848001.902749 0.916897 -1.275656 1.480916 -0.839789 -0.153589 0.106024 0.509828
1341848001.934732 0.908896 -1.274504 1.477912 -0.841902 -0.146969 0.104285 0.508651
1341848002.002731 0.890084 -1.266190 1.479926 -0.843481 -0.136817 0.104881 0.508744
1341848002.038858 0.879289 -1.259691 1.477884 -0.844977 -0.131634 0.104273 0.507753
1341848002.102720 0.859668 -1.252195 1.480237 -0.846029 -0.122473 0.102268 0.508701
1341848002.138653 0.853312 -1.246695 1.482935 -0.846637 -0.122051 0.100938 0.508056
1341848002.202698 0.835409 -1.239096 1.480900 -0.848191 -0.113322 0.096938 0.508265
1341848002.238731 0.823646 -1.232633 1.482659 -0.849245 -0.111382 0.094370 0.507416
1341848002.306708 0.807789 -1.229182 1.478902 -0.850658 -0.107294 0.086375 0.507355
1341848002.338850 0.801294 -1.225156 1.475634 -0.851906 -0.103920 0.083858 0.506384
1341848002.406793 0.782079 -1.217878 1.466931 -0.854454 -0.094912 0.078580 0.504703
1341848002.438766 0.777008 -1.212005 1.469410 -0.854955 -0.093519 0.076567 0.504425
1341848002.506756 0.760627 -1.202416 1.464331 -0.857472 -0.090740 0.071590 0.501382
1341848002.538812 0.755329 -1.199441 1.464040 -0.858186 -0.088844 0.068752 0.500895
1341848002.606780 0.738571 -1.191455 1.452587 0.860757 0.084972 -0.064201 -0.497750
1341848002.639359 0.731642 -1.188129 1.451980 0.861329 0.085729 -0.060470 -0.497099
1341848002.713789 0.716125 -1.184398 1.441509 0.863720 0.084393 -0.057704 -0.493494
1341848002.774760 0.701658 -1.181020 1.435514 0.866013 0.084609 -0.053006 -0.489952
1341848002.842833 0.682867 -1.175593 1.427750 0.865957 0.080307 -0.055303 -0.490520
1341848002.943323 0.656985 -1.171788 1.419130 0.862869 0.084343 -0.062059 -0.494461
1341848003.042638 0.630800 -1.166881 1.419174 0.860328 0.092080 -0.064641 -0.497171
1341848003.142626 0.603746 -1.161960 1.414604 0.858970 0.098065 -0.063051 -0.498576
1341848003.242926 0.579346 -1.161271 1.411290 -0.857642 -0.102503 0.053970 0.501029
1341848003.310739 0.561479 -1.155506 1.405893 -0.856981 -0.107622 0.052078 0.501287
1341848003.342708 0.552272 -1.153848 1.403889 -0.856022 -0.110680 0.050275 0.502442
1341848003.442728 0.521865 -1.152852 1.396754 -0.852232 -0.124415 0.050424 0.505646
1341848003.546854 0.496801 -1.149434 1.390070 -0.849614 -0.142354 0.058806 0.504414
1341848003.649972 0.469584 -1.142280 1.386302 -0.846676 -0.156533 0.068926 0.503872
1341848003.753761 0.445432 -1.133787 1.382543 -0.842254 -0.173902 0.071112 0.505283
1341848003.853971 0.422957 -1.119773 1.376459 -0.840354 -0.186181 0.077863 0.503070
1341848003.921688 0.406405 -1.109355 1.377089 -0.839599 -0.193213 0.079353 0.501444
1341848003.953824 0.403184 -1.103294 1.369156 -0.837647 -0.197977 0.082889 0.502277
1341848004.021643 0.387730 -1.083157 1.375972 0.840012 0.201787 -0.088470 -0.495817
1341848004.053778 0.378854 -1.082133 1.368640 0.837860 0.204736 -0.086927 -0.498516
1341848004.121698 0.366411 -1.059336 1.371588 0.839628 0.209319 -0.094668 -0.492187
1341848004.153695 0.356663 -1.057301 1.368321 0.838246 0.212634 -0.095125 -0.493033
1341848004.221773 0.342221 -1.045648 1.360427 0.836556 0.220012 -0.100280 -0.491643
1341848004.257760 0.335370 -1.036093 1.358249 0.835961 0.225366 -0.101948 -0.489884
1341848004.321820 0.317892 -1.027407 1.356399 0.835049 0.235854 -0.105630 -0.485703
1341848004.357934 0.313676 -1.019140 1.351530 0.833610 0.242675 -0.109921 -0.483859
1341848004.421857 0.295431 -1.014480 1.342363 0.830105 0.256126 -0.109543 -0.483038
1341848004.457752 0.286445 -1.007803 1.338585 0.829463 0.262500 -0.110614 -0.480468
1341848004.525726 0.272533 -1.001557 1.330997 0.828452 0.272998 -0.113107 -0.475759
1341848004.557784 0.265741 -0.999469 1.328519 0.828509 0.277370 -0.115158 -0.472629
1341848004.625757 0.252308 -0.992192 1.322488 0.829263 0.285833 -0.116157 -0.465973
1341848004.657882 0.251136 -0.989711 1.316633 0.828874 0.289182 -0.118502 -0.464003
1341848004.757723 0.234479 -0.985057 1.307809 0.828446 0.301402 -0.119785 -0.456601
1341848004.857706 0.219882 -0.983502 1.303368 0.828833 0.310218 -0.121024 -0.449615
1341848004.957758 0.207190 -0.983169 1.299473 0.827720 0.318994 -0.122732 -0.445040
1341848005.057739 0.201367 -0.976794 1.294873 0.824945 0.330048 -0.128127 -0.440587
1341848005.157668 0.190215 -0.986746 1.295672 0.823072 0.336935 -0.130382 -0.438209
1341848005.257748 0.180831 -0.985607 1.288885 0.818996 0.346489 -0.134786 -0.437062
1341848005.357655 0.170278 -0.989457 1.285085 0.815346 0.356285 -0.138957 -0.434698
1341848005.461850 0.163363 -0.988821 1.282034 0.812734 0.365212 -0.147152 -0.429453
1341848005.525844 0.158538 -0.993582 1.274258 0.809560 0.371217 -0.150475 -0.429148
1341848005.561789 0.153045 -0.995154 1.278276 0.808942 0.374920 -0.150611 -0.427042
1341848005.629831 0.146982 -0.994309 1.275427 0.806671 0.380381 -0.155025 -0.424923
1341848005.661802 0.142252 -0.994982 1.275017 0.805587 0.383130 -0.156224 -0.424070
1341848005.761746 0.131100 -1.000453 1.273483 0.799193 0.392819 -0.160865 -0.425566
1341848005.829917 0.125635 -1.005965 1.275653 0.796285 0.397326 -0.167488 -0.424276
1341848005.861699 0.123097 -1.005096 1.275584 0.795117 0.400352 -0.169748 -0.422722
1341848005.929656 0.117594 -1.013424 1.276553 0.791224 0.405010 -0.174268 -0.423748
1341848005.965681 0.114110 -1.012257 1.274566 0.789763 0.408201 -0.176287 -0.422575
1341848006.029768 0.104120 -1.019973 1.273175 0.784416 0.413554 -0.180684 -0.425462
1341848006.065849 0.105330 -1.020581 1.276513 0.782775 0.416572 -0.183988 -0.424121
1341848006.133683 0.094883 -1.025955 1.281670 0.777989 0.420155 -0.188060 -0.427594
1341848006.165815 0.092755 -1.030072 1.278761 0.775586 0.420482 -0.192542 -0.429638
1341848006.233778 0.084879 -1.031659 1.279715 0.771500 0.423847 -0.201468 -0.429596
1341848006.265787 0.085484 -1.033087 1.279317 0.768289 0.425906 -0.206112 -0.431108
1341848006.333717 0.076203 -1.040378 1.276737 0.764657 0.429021 -0.213072 -0.431093
1341848006.366035 0.078450 -1.041286 1.271433 0.760220 0.434194 -0.215965 -0.432319
1341848006.469715 0.066194 -1.049075 1.271207 0.758588 0.437866 -0.219434 -0.429728
1341848006.569740 0.056891 -1.058098 1.276740 0.757920 0.440648 -0.221972 -0.426749
1341848006.670119 0.044253 -1.069641 1.277198 0.756635 0.441854 -0.224132 -0.426654
1341848006.769742 0.030999 -1.083359 1.281264 0.757464 0.439850 -0.225441 -0.426564
1341848006.870724 0.018452 -1.097001 1.285212 0.758536 0.435114 -0.228715 -0.427770
1341848006.969708 0.010282 -1.113892 1.290089 0.759428 0.428017 -0.229312 -0.432998
1341848007.069678 0.002282 -1.134221 1.291447 0.765045 0.414946 -0.228953 -0.436013
1341848007.169651 -0.003610 -1.156371 1.301026 0.771222 0.404787 -0.223620 -0.437446
1341848007.298875 -0.016212 -1.186284 1.304374 0.779539 0.391781 -0.220956 -0.435896
1341848007.366699 -0.021536 -1.200688 1.307795 0.778731 0.389513 -0.219761 -0.439958
1341848007.466689 -0.026618 -1.225883 1.311228 0.776315 0.387755 -0.221181 -0.445040
1341848007.566719 -0.036546 -1.252059 1.319652 0.780037 0.381860 -0.219719 -0.444353
1341848007.666675 -0.044867 -1.271026 1.325426 0.785014 0.372769 -0.215044 -0.445592
1341848007.766913 -0.062300 -1.286765 1.334538 0.792702 0.358113 -0.212466 -0.445239
1341848007.866745 -0.074748 -1.302964 1.334337 0.798446 0.346637 -0.206686 -0.446775
1341848007.970690 -0.092433 -1.325208 1.346053 0.807807 0.329538 -0.200458 -0.445722
1341848008.070825 -0.106948 -1.344707 1.344883 0.813558 0.317273 -0.195101 -0.446539
1341848008.171058 -0.126170 -1.361011 1.344766 0.818063 0.307094 -0.187781 -0.448559
1341848008.270710 -0.142587 -1.376384 1.340921 0.825004 0.294584 -0.183992 -0.445797
1341848008.338769 -0.158755 -1.388746 1.344536 0.830493 0.286379 -0.178754 -0.443075
1341848008.370731 -0.164121 -1.394799 1.342806 0.831501 0.284213 -0.176458 -0.443499
1341848008.438870 -0.179366 -1.406302 1.349497 0.835867 0.275271 -0.172587 -0.442454
1341848008.470807 -0.184472 -1.412754 1.346687 0.836675 0.271952 -0.171622 -0.443354
1341848008.538786 -0.196332 -1.420889 1.354154 0.840955 0.262284 -0.168955 -0.442104
1341848008.570727 -0.199569 -1.428766 1.352855 0.841405 0.259011 -0.169592 -0.442933
1341848008.674639 -0.218734 -1.442869 1.360985 0.846988 0.244714 -0.167716 -0.441132
1341848008.775071 -0.237719 -1.460845 1.368568 0.848959 0.236747 -0.159896 -0.444581
1341848008.874631 -0.253243 -1.473070 1.371931 0.850722 0.230520 -0.152827 -0.446964
1341848008.974723 -0.271383 -1.486130 1.376555 0.853732 0.221219 -0.143934 -0.448873
1341848009.074794 -0.287440 -1.497896 1.376658 0.857384 0.213900 -0.138371 -0.447206
1341848009.174693 -0.306226 -1.506576 1.371784 0.858431 0.202237 -0.126519 -0.454081
1341848009.274683 -0.322973 -1.516882 1.361579 0.866024 0.180377 -0.117588 -0.451264
1341848009.378700 -0.341864 -1.522854 1.362928 0.872248 0.163130 -0.106140 -0.448672
1341848009.479022 -0.358418 -1.533295 1.359603 0.876326 0.151379 -0.097389 -0.446824
1341848009.578814 -0.379475 -1.539640 1.352810 0.877422 0.146705 -0.091317 -0.447515
1341848009.678666 -0.405865 -1.541252 1.349394 0.876111 0.147917 -0.086915 -0.450552
1341848009.778767 -0.437016 -1.541093 1.343721 0.873989 0.148746 -0.084119 -0.454908
1341848009.878688 -0.454905 -1.538327 1.334350 0.873831 0.147283 -0.088125 -0.454930
1341848009.978905 -0.485332 -1.526275 1.340188 0.875562 0.147850 -0.084666 -0.452066
1341848010.082650 -0.499989 -1.510115 1.328663 0.875397 0.146831 -0.085945 -0.452475
1341848010.182709 -0.525622 -1.487625 1.324427 0.879063 0.139747 -0.080827 -0.448537
1341848010.282749 -0.539181 -1.458334 1.325078 0.881109 0.132874 -0.079764 -0.446799
1341848010.351054 -0.550505 -1.436394 1.326094 0.883104 0.127752 -0.078428 -0.444584
1341848010.450872 -0.564535 -1.410203 1.327670 0.885792 0.120433 -0.075505 -0.441778
1341848010.550631 -0.576778 -1.383375 1.327296 0.888793 0.111617 -0.070646 -0.438859
1341848010.650956 -0.587792 -1.361082 1.331560 0.891155 0.102566 -0.064568 -0.437211
1341848010.750922 -0.589837 -1.345454 1.336051 0.892532 0.097362 -0.059819 -0.436267
1341848010.850765 -0.594328 -1.330031 1.337927 0.891971 0.085603 -0.054874 -0.440509
1341848010.950793 -0.596819 -1.314042 1.342321 0.892716 0.076884 -0.050924 -0.441083
1341848011.051016 -0.600707 -1.303482 1.341586 0.893081 0.070445 -0.048614 -0.441680
1341848011.118701 -0.603789 -1.297489 1.342127 0.893500 0.065258 -0.047087 -0.441794
1341848011.154630 -0.607845 -1.296087 1.342266 0.893785 0.061742 -0.045682 -0.441871
1341848011.219095 -0.606681 -1.291132 1.340990 0.894779 0.060082 -0.042599 -0.440392
1341848011.254693 -0.612715 -1.285624 1.343141 0.895282 0.057128 -0.037398 -0.440237
1341848011.354750 -0.617270 -1.274951 1.344032 0.895242 0.046760 -0.032617 -0.441917
1341848011.454654 -0.624802 -1.267285 1.341178 0.894893 0.034833 -0.026797 -0.444111
1341848011.554674 -0.630370 -1.257160 1.340757 0.896646 0.021928 -0.020746 -0.441718
1341848011.654892 -0.635968 -1.248519 1.337284 0.897429 0.013449 -0.014194 -0.440725
1341848011.754796 -0.633166 -1.236719 1.329255 0.898963 0.007377 -0.007542 -0.437898
1341848011.858763 -0.632424 -1.219552 1.325722 0.900902 -0.005755 -0.004094 -0.433966
1341848011.922914 -0.631749 -1.209097 1.326110 0.902367 -0.012295 -0.002527 -0.430785
1341848011.958828 -0.625593 -1.201717 1.325181 0.902435 -0.013971 -0.004519 -0.430577
1341848012.058861 -0.625606 -1.186026 1.318987 0.903427 -0.014782 0.002551 -0.428480
1341848012.158771 -0.623599 -1.158821 1.313787 0.904961 -0.014673 0.006341 -0.425193
1341848012.190967 -0.621772 -1.151429 1.310622 0.905395 -0.013015 0.004384 -0.424347
1341848012.258713 -0.622592 -1.132546 1.307129 0.907372 -0.008880 0.004702 -0.420208
1341848012.358782 -0.619536 -1.105555 1.301375 0.909459 0.003874 0.007777 -0.415702
1341848012.458805 -0.620451 -1.075645 1.295742 0.912017 0.014079 0.011291 -0.409756
1341848012.526756 -0.620272 -1.058913 1.292984 0.913151 0.020202 0.012058 -0.406942
1341848012.562690 -0.622561 -1.046707 1.294614 0.914047 0.024088 0.011826 -0.404719
1341848012.626774 -0.626574 -1.033661 1.289311 0.913284 0.034021 0.015831 -0.405591
1341848012.662763 -0.628541 -1.026456 1.288701 0.913513 0.037494 0.013840 -0.404842
1341848012.762672 -0.636161 -1.007636 1.283374 0.913569 0.055111 0.014507 -0.402672
1341848012.862795 -0.639999 -0.988633 1.282209 0.912557 0.079593 0.008844 -0.401031
1341848012.962752 -0.645395 -0.980164 1.275187 0.907953 0.102267 0.008671 -0.406310
1341848013.062714 -0.651961 -0.972993 1.268704 0.905273 0.120651 0.006432 -0.407288
1341848013.162759 -0.661416 -0.970837 1.257170 0.901545 0.137809 -0.002431 -0.410145
1341848013.262723 -0.667375 -0.971889 1.250574 0.900332 0.152644 -0.015756 -0.407252
1341848013.366705 -0.668020 -0.968727 1.243914 0.898115 0.173756 -0.026486 -0.403109
1341848013.466959 -0.679320 -0.970739 1.238360 0.898265 0.195154 -0.037469 -0.391958
1341848013.566664 -0.695763 -0.977769 1.235991 0.892406 0.221176 -0.038402 -0.391430
1341848013.666669 -0.706610 -0.976076 1.233318 0.887515 0.242866 -0.051803 -0.388137
1341848013.766827 -0.716877 -0.983330 1.227384 0.876223 0.263781 -0.060425 -0.398750
1341848013.866791 -0.725890 -0.983650 1.224715 0.870273 0.281232 -0.070616 -0.398179
1341848013.966740 -0.735045 -0.988974 1.217439 0.863235 0.298789 -0.077964 -0.399340
1341848014.070990 -0.747629 -0.988972 1.211442 0.856610 0.319500 -0.088161 -0.395432
1341848014.134725 -0.763000 -0.992585 1.206983 0.851503 0.334801 -0.086077 -0.394260
1341848014.170724 -0.769060 -0.994239 1.201771 0.849252 0.341564 -0.089176 -0.392623
1341848014.234751 -0.786941 -0.993519 1.202777 0.844559 0.357066 -0.091969 -0.388285
1341848014.270714 -0.790762 -0.996143 1.200746 0.840531 0.366257 -0.096998 -0.387240
1341848014.370553 -0.814526 -1.000677 1.193517 0.831604 0.386951 -0.110163 -0.382841
1341848014.470783 -0.845735 -1.012415 1.187734 0.818700 0.411961 -0.117300 -0.382439
1341848014.570790 -0.865409 -1.017245 1.187905 0.802277 0.439469 -0.131403 -0.382036
1341848014.638688 -0.882036 -1.029185 1.181499 0.794125 0.450865 -0.140128 -0.382687
1341848014.670828 -0.890070 -1.031431 1.182885 0.790574 0.456061 -0.145061 -0.382046
1341848014.738691 -0.905193 -1.035425 1.184214 0.781808 0.466108 -0.153761 -0.384549
1341848014.774750 -0.911997 -1.044001 1.183667 0.778550 0.468651 -0.159056 -0.385911
1341848014.874686 -0.930124 -1.050807 1.181862 0.769884 0.479446 -0.178684 -0.381421
1341848014.938697 -0.935970 -1.053149 1.177791 0.764241 0.486142 -0.191444 -0.378089
1341848014.974705 -0.943231 -1.054727 1.174295 0.762738 0.489301 -0.196600 -0.374384
1341848015.042593 -0.943854 -1.051710 1.174026 0.759690 0.501818 -0.198458 -0.362856
1341848015.074864 -0.949068 -1.051259 1.170099 0.756762 0.509778 -0.195925 -0.359237
1341848015.142691 -0.960180 -1.052444 1.164781 0.751497 0.523874 -0.189821 -0.353238
1341848015.174708 -0.966434 -1.052518 1.159603 0.750100 0.527910 -0.190695 -0.349710
1341848015.243495 -0.976912 -1.050936 1.155698 0.743972 0.540107 -0.192567 -0.343086
1341848015.274780 -0.980827 -1.053750 1.151528 0.740832 0.544080 -0.195420 -0.341990
1341848015.342895 -0.988919 -1.050778 1.149350 0.731616 0.557616 -0.205565 -0.333983
1341848015.374733 -0.988653 -1.049651 1.144610 0.728671 0.560389 -0.214745 -0.329980
1341848015.442783 -0.999005 -1.049309 1.146335 0.719934 0.574488 -0.221720 -0.320156
1341848015.474959 -1.004818 -1.052355 1.146148 0.714496 0.582346 -0.223273 -0.317044
1341848015.542834 -1.003954 -1.045963 1.143819 0.703294 0.594302 -0.238645 -0.308597
1341848015.581753 -1.008842 -1.050847 1.141997 0.698611 0.600926 -0.240929 -0.304603
1341848015.650094 -1.010359 -1.047551 1.139764 0.681333 0.618751 -0.251194 -0.299725
1341848015.685811 -1.014486 -1.050143 1.137627 0.675861 0.624758 -0.253803 -0.297446
1341848015.749815 -1.017021 -1.051672 1.138212 0.663014 0.635301 -0.264833 -0.294396
1341848015.785761 -1.021234 -1.050411 1.140422 0.656522 0.641999 -0.270004 -0.289679
1341848015.853811 -1.021811 -1.053663 1.142647 0.645037 0.650328 -0.278563 -0.288796
1341848015.885654 -1.023782 -1.051494 1.145639 0.636869 0.657607 -0.282858 -0.286256
1341848015.986663 -1.022303 -1.054186 1.148073 0.615519 0.670931 -0.293582 -0.291201
1341848016.053936 -1.021796 -1.058444 1.148813 0.606682 0.674995 -0.302320 -0.291411
1341848016.085724 -1.024283 -1.059074 1.154267 0.601706 0.679777 -0.302749 -0.290166
1341848016.153821 -1.027147 -1.059078 1.160674 0.594424 0.688791 -0.300367 -0.286368
1341848016.185769 -1.025770 -1.056557 1.161249 0.590835 0.691820 -0.301264 -0.285551
1341848016.253686 -1.022749 -1.059960 1.158215 0.588552 0.692652 -0.302558 -0.286877
1341848016.289960 -1.031135 -1.063737 1.169703 0.590278 0.696909 -0.292788 -0.283132
1341848016.353746 -1.028106 -1.068029 1.163232 0.597704 0.688383 -0.294086 -0.287040
1341848016.389789 -1.022664 -1.066418 1.167232 0.599540 0.686045 -0.296662 -0.286157
1341848016.453901 -1.023305 -1.074559 1.167143 0.609254 0.676931 -0.297470 -0.286506
1341848016.490058 -1.019672 -1.076199 1.166730 0.609970 0.673586 -0.301600 -0.288543
1341848016.554210 -1.016118 -1.081688 1.166782 0.612713 0.667312 -0.305382 -0.293291
1341848016.589825 -1.014071 -1.084574 1.169584 0.612468 0.666492 -0.308208 -0.292710
1341848016.657837 -1.011669 -1.093364 1.169165 0.619331 0.658445 -0.313528 -0.290827
1341848016.689891 -1.005916 -1.097281 1.172037 0.619124 0.657785 -0.316321 -0.289735
1341848016.757848 -1.005406 -1.110092 1.171123 0.618975 0.656689 -0.315042 -0.293900
1341848016.818817 -0.995384 -1.119005 1.174918 0.619522 0.655352 -0.317481 -0.293108
1341848016.882757 -0.987635 -1.131468 1.177565 0.619463 0.655292 -0.317140 -0.293735
1341848016.950706 -0.981779 -1.143361 1.179237 0.620847 0.655244 -0.316667 -0.291422
1341848016.986658 -0.975398 -1.149383 1.180946 0.620375 0.655611 -0.314802 -0.293614
1341848017.050760 -0.966980 -1.160574 1.182649 0.623028 0.653347 -0.313863 -0.294047
1341848017.086845 -0.962936 -1.168336 1.184829 0.625989 0.651251 -0.310329 -0.296152
1341848017.150678 -0.952973 -1.177269 1.189560 0.631035 0.645646 -0.307584 -0.300545
1341848017.186855 -0.949020 -1.184167 1.190800 0.635119 0.641351 -0.305615 -0.303136
1341848017.254693 -0.939034 -1.193902 1.196757 0.641487 0.631944 -0.304535 -0.310484
1341848017.286638 -0.932739 -1.198571 1.197531 0.644261 0.627152 -0.305254 -0.313732
1341848017.354737 -0.919710 -1.206200 1.207172 0.645622 0.617740 -0.311569 -0.323257
1341848017.386825 -0.912457 -1.210307 1.208404 0.649300 0.612475 -0.310959 -0.326479
1341848017.454792 -0.895674 -1.217895 1.215990 0.656129 0.601724 -0.313891 -0.329994
1341848017.486699 -0.894543 -1.223380 1.217022 0.659421 0.597774 -0.312039 -0.332359
1341848017.554797 -0.881318 -1.229906 1.221758 0.661383 0.592108 -0.310531 -0.339928
1341848017.587838 -0.877157 -1.230904 1.223179 0.663614 0.588932 -0.310701 -0.340939
1341848017.654814 -0.866978 -1.237374 1.227435 0.667025 0.581929 -0.310271 -0.346652
1341848017.686820 -0.869566 -1.241890 1.229992 0.668309 0.578498 -0.309702 -0.350411
1341848017.754780 -0.856674 -1.247516 1.230659 0.671452 0.568414 -0.314912 -0.356214
1341848017.790699 -0.854606 -1.250890 1.235233 0.671324 0.566061 -0.316591 -0.358704
1341848017.854726 -0.843157 -1.257370 1.238122 0.672896 0.559887 -0.318826 -0.363440
1341848017.890737 -0.837752 -1.260622 1.240498 0.673441 0.558048 -0.319650 -0.364532
1341848017.958643 -0.833965 -1.267094 1.240510 0.674940 0.556383 -0.316032 -0.367449
1341848017.990683 -0.827911 -1.270732 1.241466 0.675089 0.554943 -0.315944 -0.369421
1341848018.058766 -0.824621 -1.276382 1.243536 0.679174 0.552144 -0.311282 -0.370086
1341848018.090894 -0.819728 -1.279085 1.244308 0.679832 0.550593 -0.308788 -0.373264
1341848018.159145 -0.819568 -1.287341 1.245312 0.687721 0.542500 -0.307277 -0.371907
1341848018.190824 -0.817207 -1.290106 1.246969 0.688580 0.541125 -0.304846 -0.374313
1341848018.258766 -0.817247 -1.300387 1.246755 0.694208 0.533609 -0.302241 -0.376811
1341848018.290747 -0.815683 -1.306337 1.247540 0.697716 0.529877 -0.301500 -0.376193
1341848018.333905 -0.817694 -1.312153 1.248833 0.699862 0.528495 -0.297079 -0.377664
1341848018.397728 -0.813853 -1.325606 1.248821 0.703613 0.520721 -0.294575 -0.383411
1341848018.465663 -0.816484 -1.342283 1.247668 0.713572 0.509122 -0.294839 -0.380367
1341848018.501822 -0.816721 -1.349129 1.248548 0.715573 0.506668 -0.292859 -0.381414
1341848018.601739 -0.815519 -1.376460 1.247329 0.722406 0.496453 -0.287419 -0.386075
1341848018.669811 -0.811244 -1.399966 1.247234 0.728189 0.487451 -0.283090 -0.389862
1341848018.701756 -0.811169 -1.410147 1.244965 0.730306 0.485209 -0.280689 -0.390435
1341848018.769715 -0.813123 -1.429054 1.248878 0.733266 0.481322 -0.275747 -0.393211
1341848018.802234 -0.811832 -1.440177 1.250292 0.735223 0.478536 -0.275281 -0.393282
1341848018.869787 -0.813638 -1.459045 1.254735 0.734491 0.476232 -0.273427 -0.398703
1341848018.901964 -0.811182 -1.470253 1.256142 0.735548 0.472802 -0.274343 -0.400204
1341848018.969688 -0.808447 -1.489743 1.263136 0.738549 0.467495 -0.277131 -0.398990
1341848019.002336 -0.808780 -1.499138 1.263975 0.739443 0.466694 -0.273688 -0.400644
1341848019.069833 -0.807385 -1.514974 1.269168 0.740022 0.463208 -0.272949 -0.404110
1341848019.130792 -0.806813 -1.529810 1.272952 0.742357 0.459598 -0.267783 -0.407392
1341848019.198644 -0.800595 -1.548346 1.277782 0.747645 0.451882 -0.264161 -0.408716
1341848019.262728 -0.801255 -1.563822 1.279303 0.751152 0.445577 -0.258600 -0.412745
1341848019.298715 -0.796089 -1.578722 1.279598 0.753561 0.441940 -0.254405 -0.414865
1341848019.398715 -0.793949 -1.609930 1.281075 0.760183 0.431032 -0.244679 -0.420078
1341848019.498756 -0.794077 -1.646427 1.283291 0.764221 0.420664 -0.235722 -0.428303
1341848019.567087 -0.790121 -1.673625 1.283689 0.768349 0.410439 -0.236636 -0.430328
1341848019.598737 -0.792508 -1.684583 1.282876 0.769628 0.407675 -0.235942 -0.431052
1341848019.666875 -0.791944 -1.712983 1.281806 0.772277 0.401763 -0.232396 -0.433781
1341848019.698668 -0.789949 -1.725891 1.282534 0.773943 0.400057 -0.232379 -0.432396
1341848019.766703 -0.793924 -1.746176 1.283323 0.776318 0.395476 -0.226002 -0.435722
1341848019.798719 -0.792098 -1.760055 1.283382 0.777251 0.392934 -0.224459 -0.437151
1341848019.834660 -0.793084 -1.766620 1.285664 0.779522 0.389086 -0.224308 -0.436627
1341848019.898833 -0.792745 -1.785395 1.288152 0.782607 0.380619 -0.221330 -0.440079
1341848019.966705 -0.794875 -1.797542 1.288194 0.788301 0.370229 -0.219615 -0.439637
1341848020.002811 -0.798153 -1.803465 1.286459 0.790267 0.365207 -0.216313 -0.441940
1341848020.066696 -0.803282 -1.821193 1.286965 0.794902 0.354591 -0.210665 -0.444990
1341848020.102776 -0.802670 -1.827265 1.287817 0.796469 0.350544 -0.210403 -0.445519
1341848020.202706 -0.809301 -1.848067 1.289175 0.800291 0.339581 -0.200380 -0.451738
1341848020.271152 -0.821523 -1.857331 1.290149 0.803690 0.331116 -0.193353 -0.455037
1341848020.302754 -0.824467 -1.866336 1.289718 0.804479 0.326282 -0.190643 -0.458267
1341848020.370812 -0.835696 -1.876769 1.290163 0.808107 0.315384 -0.186552 -0.461188
1341848020.438816 -0.846527 -1.889719 1.290460 0.809709 0.305555 -0.181414 -0.467007
1341848020.502691 -0.856095 -1.906316 1.292447 0.810307 0.292882 -0.177187 -0.475633
1341848020.570790 -0.867207 -1.920706 1.292247 0.814594 0.278917 -0.175210 -0.477434
1341848020.602764 -0.870131 -1.931170 1.291384 0.816215 0.273141 -0.173868 -0.478494
1341848020.670809 -0.885368 -1.944355 1.290900 0.822138 0.261327 -0.170804 -0.476050
1341848020.706669 -0.884675 -1.953936 1.292733 0.822338 0.259846 -0.168185 -0.477445
1341848020.770817 -0.900110 -1.964238 1.292427 0.827174 0.250705 -0.165562 -0.474890
1341848020.807216 -0.901339 -1.974188 1.294733 0.828335 0.248514 -0.164601 -0.474352
1341848020.870955 -0.918937 -1.982732 1.297295 0.830295 0.243947 -0.159557 -0.475017
1341848020.906582 -0.921943 -1.993494 1.299672 0.831290 0.240457 -0.159269 -0.475154
1341848020.974874 -0.938081 -1.997668 1.300881 0.832932 0.235263 -0.156237 -0.475884
1341848021.006632 -0.940947 -2.006483 1.303835 0.832940 0.233899 -0.153807 -0.477332
1341848021.074762 -0.953955 -2.016062 1.305167 0.836190 0.225064 -0.152259 -0.476392
1341848021.106691 -0.960146 -2.020325 1.303667 0.836211 0.223910 -0.149039 -0.477915
1341848021.175038 -0.976489 -2.031015 1.305043 0.838242 0.216900 -0.142818 -0.479488
1341848021.206698 -0.983192 -2.038102 1.303882 0.839233 0.212673 -0.141447 -0.480053
1341848021.307283 -1.009577 -2.051328 1.304816 0.840290 0.199183 -0.132029 -0.486628
1341848021.384830 -1.029862 -2.057082 1.307583 0.838867 0.188764 -0.125125 -0.494989
1341848021.514696 -1.063406 -2.090023 1.314791 -0.838645 -0.157468 0.120293 0.507354
1341848021.617752 -1.088600 -2.110097 1.317770 -0.839246 -0.148771 0.112096 0.510851
1341848021.710743 -1.118675 -2.127720 1.316474 -0.839523 -0.142587 0.100564 0.514545
1341848021.778676 -1.136948 -2.132465 1.314625 -0.841650 -0.134682 0.096966 0.513891
1341848021.810867 -1.141410 -2.141267 1.316342 -0.842514 -0.132079 0.094601 0.513592
1341848021.878887 -1.170421 -2.139748 1.315356 -0.844326 -0.125391 0.084259 0.514093
1341848021.910628 -1.180817 -2.141730 1.315324 -0.844373 -0.123052 0.082013 0.514944
1341848021.978747 -1.199655 -2.145675 1.317251 -0.843207 -0.117962 0.077415 0.518743
1341848022.010782 -1.212318 -2.146267 1.316149 -0.842631 -0.115759 0.073723 0.520709
1341848022.078665 -1.233183 -2.149427 1.321125 -0.842862 -0.108520 0.069218 0.522509
1341848022.110954 -1.247826 -2.147264 1.319196 -0.842852 -0.105413 0.064214 0.523799
1341848022.178988 -1.266872 -2.141358 1.319554 -0.842050 -0.099096 0.058863 0.526941
1341848022.214773 -1.278580 -2.138050 1.321967 -0.841846 -0.094972 0.056204 0.528315
1341848022.278764 -1.299298 -2.137671 1.325372 -0.840505 -0.083038 0.051566 0.532913
1341848022.314757 -1.312447 -2.132482 1.327327 -0.841596 -0.073509 0.052761 0.532475
1341848022.354110 -1.322143 -2.125031 1.330092 -0.840935 -0.068213 0.051116 0.534380
1341848022.417848 -1.344921 -2.120594 1.332980 -0.840090 -0.054996 0.046467 0.537648
1341848022.521730 -1.373891 -2.111182 1.344937 -0.837681 -0.040552 0.040384 0.543153
1341848022.621801 -1.398948 -2.101980 1.354728 -0.836084 -0.028360 0.033505 0.546843
1341848022.721700 -1.424682 -2.096283 1.365625 -0.836443 -0.011780 0.026594 0.547281
1341848022.814772 -1.450020 -2.087649 1.367952 -0.839562 0.004334 0.015195 0.543034
1341848022.882710 -1.463664 -2.081569 1.369420 -0.841167 0.012929 0.008401 0.540555
1341848022.982728 -1.487498 -2.055583 1.378992 -0.846135 0.025700 -0.020009 0.531972
1341848023.082738 -1.531623 -2.032259 1.366186 -0.847191 0.055289 -0.037683 0.527058
1341848023.186687 -1.563504 -2.020715 1.364005 -0.845785 0.078534 -0.050572 0.525283
1341848023.286758 -1.592312 -2.009016 1.354908 -0.850950 0.098638 -0.059626 0.512444
1341848023.386908 -1.622787 -1.993526 1.345387 -0.853752 0.107751 -0.078993 0.503247
1341848023.487092 -1.646812 -1.974052 1.337668 0.856062 -0.122023 0.085145 -0.494994
1341848023.586796 -1.668178 -1.953862 1.336111 0.854325 -0.132139 0.096335 -0.493343
1341848023.687172 -1.683996 -1.934016 1.337174 0.850767 -0.144918 0.102709 -0.494616
1341848023.754690 -1.695917 -1.922317 1.338156 0.848376 -0.153930 0.104961 -0.495527
1341848023.822788 -1.707168 -1.902515 1.336322 0.845999 -0.160711 0.113555 -0.495544
1341848023.854825 -1.709514 -1.892117 1.334494 0.845475 -0.164657 0.114698 -0.494879
1341848023.922784 -1.717401 -1.870820 1.337893 0.843797 -0.171577 0.120942 -0.493903
1341848023.954826 -1.720516 -1.858850 1.337796 0.841456 -0.176784 0.123664 -0.495385
1341848024.022671 -1.731708 -1.839899 1.340079 0.839565 -0.192999 0.123363 -0.492609
1341848024.054725 -1.735142 -1.828619 1.341602 0.838891 -0.197563 0.122965 -0.492048
1341848024.122843 -1.740295 -1.812166 1.342513 0.836401 -0.209223 0.122222 -0.491651
1341848024.158762 -1.745224 -1.797815 1.341337 0.835836 -0.214486 0.122714 -0.490219
1341848024.222838 -1.745894 -1.789344 1.346389 0.834702 -0.220771 0.123570 -0.489145
1341848024.258826 -1.750666 -1.774886 1.346814 0.834795 -0.226736 0.126827 -0.485410
1341848024.322705 -1.753875 -1.763726 1.348277 0.835167 -0.232665 0.128417 -0.481531
1341848024.358743 -1.758314 -1.747097 1.344000 0.834708 -0.235796 0.133917 -0.479301
1341848024.426783 -1.762272 -1.736925 1.344887 0.833262 -0.241933 0.138030 -0.477589
1341848024.458795 -1.765128 -1.725046 1.342069 0.832927 -0.245516 0.140157 -0.475720
1341848024.526783 -1.771598 -1.715717 1.342018 0.832769 -0.251432 0.145126 -0.471398
1341848024.558627 -1.776535 -1.702490 1.338354 0.832564 -0.254079 0.147919 -0.469468
1341848024.626657 -1.785093 -1.690708 1.335086 0.832242 -0.260167 0.152592 -0.465190
1341848024.658717 -1.789958 -1.683443 1.334233 0.831783 -0.263174 0.155432 -0.463376
1341848024.727054 -1.801446 -1.667265 1.328878 0.831161 -0.271455 0.158137 -0.458777
1341848024.758938 -1.806828 -1.657872 1.325842 0.830022 -0.275364 0.160255 -0.457772
1341848024.826727 -1.819746 -1.647453 1.322209 0.827463 -0.282106 0.164731 -0.456710
1341848024.862797 -1.827792 -1.638766 1.320279 0.825433 -0.286840 0.164796 -0.457411
1341848024.926754 -1.845857 -1.624986 1.317182 0.822067 -0.296156 0.165654 -0.457228
1341848024.962678 -1.854184 -1.621778 1.318667 0.820413 -0.299871 0.164519 -0.458185
1341848025.026872 -1.872029 -1.610268 1.312945 0.819295 -0.307912 0.164762 -0.454753
1341848025.062647 -1.881043 -1.604124 1.311049 0.817985 -0.309979 0.167241 -0.454802
1341848025.131056 -1.898062 -1.594706 1.308298 0.816570 -0.316056 0.171929 -0.451400
1341848025.194910 -1.907134 -1.589295 1.306634 0.814646 -0.320032 0.171798 -0.452126
1341848025.262679 -1.931819 -1.572090 1.303458 0.811293 -0.330992 0.173932 -0.449438
1341848025.330653 -1.944332 -1.563232 1.302257 0.810504 -0.334363 0.175734 -0.447663
1341848025.430687 -1.962665 -1.548400 1.303268 0.809018 -0.340543 0.177905 -0.444825
1341848025.530800 -1.980006 -1.530944 1.301692 0.806731 -0.345575 0.185145 -0.442136
1341848025.630731 -1.995401 -1.519591 1.303148 0.805233 -0.350463 0.189663 -0.439094
1341848025.730719 -2.006634 -1.501947 1.299062 0.803847 -0.356794 0.194457 -0.434413
1341848025.798909 -2.010195 -1.495243 1.297952 0.802558 -0.358665 0.196428 -0.434368
1341848025.866679 -2.023760 -1.478476 1.295851 0.798515 -0.367523 0.197134 -0.434095
1341848025.934824 -2.030354 -1.466498 1.293512 0.796235 -0.374056 0.197133 -0.432702
1341848026.034640 -2.043521 -1.446926 1.288853 0.792787 -0.383818 0.198204 -0.429987
1341848026.134670 -2.058853 -1.428537 1.284789 0.787903 -0.395322 0.198741 -0.428289
1341848026.234940 -2.073357 -1.411122 1.281732 0.783810 -0.408058 0.197212 -0.424545
1341848026.334824 -2.087109 -1.393303 1.280221 0.781684 -0.418912 0.195094 -0.418833
1341848026.434734 -2.099509 -1.375357 1.275035 0.776223 -0.428304 0.195900 -0.419114
1341848026.534739 -2.113506 -1.359798 1.274986 0.771178 -0.435159 0.199971 -0.419445
1341848026.602721 -2.123608 -1.348235 1.273868 0.769198 -0.435919 0.204576 -0.420069
1341848026.641972 -2.128232 -1.342593 1.273443 0.768199 -0.437736 0.205742 -0.419437
1341848026.738795 -2.145526 -1.324508 1.273203 0.766150 -0.439213 0.209195 -0.419933
1341848026.838668 -2.168010 -1.305973 1.271172 0.767432 -0.439618 0.209895 -0.416808
1341848026.938881 -2.193048 -1.287702 1.268295 0.769018 -0.438360 0.211842 -0.414216
1341848027.006815 -2.213108 -1.277435 1.265697 0.769899 -0.437724 0.212210 -0.413062
1341848027.074785 -2.233878 -1.268713 1.262824 0.768692 -0.439132 0.212074 -0.413885
1341848027.106663 -2.242292 -1.263548 1.261780 0.768183 -0.441429 0.211990 -0.412426
1341848027.174831 -2.265406 -1.255395 1.263661 0.765117 -0.443090 0.214639 -0.414965
1341848027.207212 -2.277194 -1.250910 1.263072 0.763408 -0.445450 0.215749 -0.415012
1341848027.274701 -2.296903 -1.242556 1.263364 0.760867 -0.448448 0.217172 -0.415707
1341848027.306705 -2.307555 -1.239273 1.262941 0.759453 -0.449858 0.218010 -0.416330
1341848027.374943 -2.328553 -1.231893 1.265996 0.756487 -0.452204 0.217458 -0.419466
1341848027.406837 -2.341421 -1.227492 1.264593 0.755346 -0.451515 0.218826 -0.421546
1341848027.474800 -2.360763 -1.220332 1.266561 0.753208 -0.449606 0.218065 -0.427760
1341848027.506714 -2.373222 -1.215321 1.268394 0.752756 -0.448141 0.218169 -0.430035
1341848027.574717 -2.392708 -1.206806 1.269592 0.752820 -0.443431 0.217863 -0.434933
1341848027.610716 -2.399216 -1.203194 1.267121 0.752906 -0.441257 0.217763 -0.437040
1341848027.674731 -2.416089 -1.194569 1.267362 0.754466 -0.436767 0.218402 -0.438538
1341848027.711026 -2.423472 -1.188909 1.268127 0.754664 -0.437062 0.218157 -0.438025
1341848027.778768 -2.434665 -1.176811 1.267123 0.755799 -0.433928 0.217459 -0.439530
1341848027.810746 -2.441520 -1.170568 1.266729 0.756603 -0.431917 0.218000 -0.439860
1341848027.878669 -2.452958 -1.158146 1.267334 0.759804 -0.427974 0.217197 -0.438589
1341848027.911127 -2.458400 -1.151236 1.265532 0.760441 -0.425699 0.217506 -0.439546
1341848027.978757 -2.463987 -1.137391 1.271546 0.764124 -0.421574 0.217031 -0.437365
1341848028.011034 -2.469755 -1.132020 1.269686 0.764431 -0.418382 0.217963 -0.439424
1341848028.078967 -2.477015 -1.117232 1.272891 0.764595 -0.416679 0.217436 -0.441016
1341848028.110971 -2.484453 -1.110270 1.272496 0.763783 -0.415949 0.216695 -0.443469
1341848028.186050 -2.485718 -1.095400 1.276965 0.762821 -0.415870 0.215711 -0.445674
1341848028.254235 -2.492586 -1.084842 1.273711 0.760794 -0.416682 0.215077 -0.448675
1341848028.314908 -2.498241 -1.069803 1.273931 0.758379 -0.417626 0.216377 -0.451255
1341848028.378956 -2.504508 -1.046411 1.273936 0.755536 -0.421973 0.217868 -0.451263
1341848028.414628 -2.507939 -1.040152 1.278597 0.754720 -0.423044 0.217574 -0.451767
1341848028.482785 -2.516593 -1.020621 1.276692 0.751175 -0.426105 0.219823 -0.453705
1341848028.514701 -2.523390 -1.012985 1.275006 0.749437 -0.428633 0.218466 -0.454852
1341848028.582747 -2.530506 -0.993402 1.279543 0.750086 -0.429012 0.217759 -0.453763
1341848028.614649 -2.538945 -0.983651 1.282242 0.750865 -0.429092 0.218048 -0.452258
1341848028.653766 -2.542790 -0.971256 1.285261 0.751875 -0.429404 0.217443 -0.450573
1341848028.721828 -2.553174 -0.953734 1.286143 0.751675 -0.429441 0.217127 -0.451021
1341848028.782861 -2.559276 -0.936222 1.287745 0.751054 -0.430477 0.215365 -0.451914
1341848028.814757 -2.565503 -0.928990 1.289022 0.750700 -0.430678 0.214719 -0.452616
1341848028.882714 -2.577261 -0.912957 1.288470 0.750281 -0.430295 0.213937 -0.454043
1341848028.914838 -2.580361 -0.903142 1.287133 0.750784 -0.431179 0.212429 -0.453080
1341848028.982690 -2.589083 -0.883804 1.292529 0.752934 -0.431953 0.211104 -0.449380
1341848029.018728 -2.591349 -0.875636 1.292140 0.753616 -0.430274 0.212338 -0.449266
1341848029.082877 -2.600003 -0.860159 1.292112 0.752826 -0.430404 0.215537 -0.448943
1341848029.118800 -2.603897 -0.853149 1.290660 0.752375 -0.431565 0.215039 -0.448823
1341848029.182676 -2.610416 -0.841913 1.288597 0.753585 -0.431774 0.216361 -0.445947
1341848029.218708 -2.615450 -0.832744 1.290236 0.754111 -0.432651 0.217683 -0.443558
1341848029.286969 -2.623801 -0.820450 1.290502 0.755091 -0.431588 0.221962 -0.440798
1341848029.320225 -2.628310 -0.810712 1.289343 0.754841 -0.433377 0.224705 -0.438072
1341848029.386923 -2.638308 -0.797866 1.288689 0.752651 -0.436202 0.225051 -0.438858
1341848029.418757 -2.646316 -0.792416 1.285604 0.751281 -0.437893 0.227569 -0.438222
1341848029.486788 -2.658406 -0.781630 1.288809 0.749074 -0.441342 0.229185 -0.437698
1341848029.518925 -2.663835 -0.775206 1.288089 0.747686 -0.442969 0.231617 -0.437146
1341848029.586990 -2.682099 -0.763643 1.289038 0.743059 -0.448152 0.233173 -0.438924
1341848029.618715 -2.689022 -0.759064 1.286288 0.740799 -0.451574 0.233261 -0.439190
1341848029.686830 -2.706345 -0.746624 1.289075 0.736864 -0.457534 0.235496 -0.438446
1341848029.718752 -2.715298 -0.742217 1.287792 0.735644 -0.460159 0.237505 -0.436661
1341848029.786949 -2.730558 -0.728815 1.288786 0.732004 -0.465961 0.239706 -0.435420
1341848029.822778 -2.738982 -0.725020 1.287899 0.730750 -0.468796 0.240257 -0.434180
1341848029.887992 -2.754955 -0.714527 1.285455 0.726977 -0.474939 0.241812 -0.432972
1341848029.922779 -2.763685 -0.709154 1.285944 0.725988 -0.477490 0.242843 -0.431245
1341848029.990762 -2.777911 -0.698015 1.284970 0.722943 -0.483586 0.244691 -0.428513
1341848030.022873 -2.785811 -0.693067 1.283050 0.721936 -0.485788 0.245543 -0.427231
1341848030.090782 -2.798472 -0.680496 1.280026 0.719813 -0.489827 0.248565 -0.424446
1341848030.122796 -2.806037 -0.677845 1.277894 0.718671 -0.491193 0.249918 -0.424008
1341848030.190683 -2.814203 -0.669088 1.280248 0.717197 -0.495665 0.251088 -0.420594
1341848030.222713 -2.818834 -0.659375 1.278471 0.715741 -0.498558 0.254182 -0.417788
1341848030.290864 -2.828465 -0.648800 1.276593 0.713057 -0.503958 0.257852 -0.413628
1341848030.322775 -2.833579 -0.643390 1.277147 0.712356 -0.505964 0.259118 -0.411590
1341848030.390832 -2.839380 -0.630264 1.272705 0.709711 -0.511621 0.262940 -0.406716
1341848030.422795 -2.845085 -0.624925 1.270498 0.708391 -0.513989 0.264759 -0.404846
1341848030.490846 -2.852534 -0.612911 1.269403 0.706620 -0.517782 0.267052 -0.401590
1341848030.526716 -2.854660 -0.606191 1.263898 0.705059 -0.519823 0.268133 -0.400974
1341848030.590919 -2.860276 -0.591306 1.263486 0.701256 -0.525518 0.270918 -0.398339
1341848030.626961 -2.863892 -0.585647 1.262946 0.699229 -0.528799 0.271164 -0.397393
1341848030.690656 -2.871864 -0.567965 1.261451 0.693649 -0.535131 0.272248 -0.397954
1341848030.726765 -2.872937 -0.561799 1.259907 0.691622 -0.537512 0.272894 -0.397829
1341848030.794692 -2.880418 -0.544924 1.260103 0.685420 -0.543657 0.277074 -0.397324
1341848030.827483 -2.886277 -0.534820 1.262445 0.682369 -0.546854 0.279256 -0.396659
1341848030.894711 -2.896516 -0.520317 1.262652 0.674556 -0.556168 0.277901 -0.398023
1341848030.926741 -2.899059 -0.510245 1.264434 0.671016 -0.560889 0.276290 -0.398503
1341848030.994735 -2.909466 -0.491685 1.267387 0.663313 -0.567013 0.280668 -0.399672
1341848031.026698 -2.915885 -0.479782 1.264856 0.659382 -0.570021 0.281498 -0.401311
1341848031.094761 -2.927251 -0.464468 1.267997 0.653344 -0.576056 0.278802 -0.404440
1341848031.126776 -2.930443 -0.451531 1.268750 0.651134 -0.578523 0.278703 -0.404550
1341848031.194685 -2.943048 -0.435340 1.273158 0.648796 -0.580911 0.276673 -0.406273
1341848031.230953 -2.944530 -0.426821 1.272184 0.648056 -0.582227 0.276076 -0.405976
1341848031.294747 -2.957602 -0.410968 1.275474 0.646036 -0.586410 0.272559 -0.405552
1341848031.330754 -2.958804 -0.403839 1.274899 0.646189 -0.586990 0.272017 -0.404833
1341848031.394753 -2.964972 -0.389038 1.279343 0.644652 -0.588050 0.275339 -0.403498
1341848031.430611 -2.969253 -0.384523 1.281829 0.643930 -0.588646 0.276612 -0.402909
1341848031.472150 -2.972455 -0.378617 1.281228 0.642562 -0.589026 0.279000 -0.402891
1341848031.562876 -2.979172 -0.367488 1.283932 0.640897 -0.591195 0.283492 -0.399214
1341848031.630816 -2.990068 -0.353294 1.285292 0.635742 -0.596726 0.288326 -0.395751
1341848031.698757 -3.001247 -0.343897 1.289242 0.631814 -0.600579 0.291967 -0.393538
1341848031.730668 -3.000539 -0.338143 1.286194 0.629769 -0.601319 0.294871 -0.393519
1341848031.798743 -3.017459 -0.329380 1.288733 0.624116 -0.605250 0.299979 -0.392638
1341848031.830821 -3.018949 -0.325484 1.290341 0.620552 -0.609051 0.300138 -0.392288
1341848031.898722 -3.030577 -0.312745 1.291205 0.614224 -0.613903 0.306192 -0.389998
1341848031.930844 -3.036514 -0.309162 1.292777 -0.610477 0.616848 -0.306943 0.390643
1341848031.998742 -3.045359 -0.299061 1.293925 -0.606657 0.620733 -0.309847 0.388140
1341848032.034711 -3.053167 -0.292165 1.294660 -0.604712 0.621314 -0.313369 0.387417
1341848032.098732 -3.066508 -0.277801 1.296212 -0.600993 0.625091 -0.314680 0.386064
1341848032.134739 -3.071440 -0.274401 1.292507 -0.600475 0.624724 -0.315139 0.387088
1341848032.203043 -3.082256 -0.262331 1.291600 -0.598543 0.626769 -0.316188 0.385918
1341848032.234663 -3.090941 -0.254970 1.293048 -0.597697 0.627581 -0.316732 0.385462
1341848032.302842 -3.099002 -0.243200 1.291814 -0.596713 0.629018 -0.318522 0.383164
1341848032.334617 -3.106050 -0.238211 1.290229 -0.595511 0.629485 -0.319586 0.383379
1341848032.402980 -3.111499 -0.226175 1.287970 -0.592294 0.632322 -0.322250 0.381461
1341848032.434730 -3.120218 -0.223289 1.287540 -0.590352 0.632949 -0.323792 0.382124
1341848032.502972 -3.129450 -0.212042 1.289324 -0.588269 0.634110 -0.325082 0.382317
1341848032.534733 -3.134460 -0.206665 1.287659 -0.586658 0.634642 -0.326485 0.382714
1341848032.603044 -3.144287 -0.192946 1.287777 -0.584253 0.634386 -0.328504 0.385082
1341848032.634746 -3.147088 -0.189017 1.292220 -0.583358 0.634029 -0.329199 0.386432
1341848032.702791 -3.155350 -0.169360 1.296843 -0.581506 0.633215 -0.333736 0.386666
1341848032.738725 -3.163069 -0.161618 1.295456 -0.579673 0.633242 -0.334315 0.388868
1341848032.802941 -3.167490 -0.149224 1.298032 -0.580610 0.632839 -0.334029 0.388371
1341848032.838781 -3.173211 -0.140709 1.299275 -0.580415 0.631837 -0.334457 0.389921
1341848032.902707 -3.177933 -0.124448 1.297348 -0.578958 0.633395 -0.333496 0.390382
1341848032.938845 -3.182896 -0.116311 1.297970 -0.578652 0.633665 -0.334276 0.389730
1341848033.006687 -3.184455 -0.101467 1.299286 -0.577568 0.635536 -0.335358 0.387355
1341848033.039238 -3.183530 -0.092171 1.297285 -0.575783 0.636526 -0.336312 0.387560
1341848033.106948 -3.181745 -0.080678 1.299949 -0.572892 0.638048 -0.339906 0.386204
1341848033.139110 -3.185541 -0.070320 1.300458 -0.569390 0.639710 -0.341747 0.387009
1341848033.206854 -3.184317 -0.057897 1.297861 -0.564847 0.645486 -0.339033 0.386462
1341848033.238728 -3.184839 -0.048852 1.299437 -0.562787 0.647349 -0.340487 0.385069
1341848033.306665 -3.187247 -0.034079 1.297967 -0.559632 0.651185 -0.341926 0.381913
1341848033.338836 -3.187290 -0.028021 1.299414 -0.557609 0.653353 -0.341936 0.381158
1341848033.406805 -3.187361 -0.011072 1.300153 -0.555999 0.656308 -0.343256 0.377226
1341848033.443097 -3.189047 -0.002704 1.300467 -0.554537 0.656912 -0.344347 0.377334
1341848033.506807 -3.190267 0.009962 1.298538 -0.552081 0.659490 -0.344681 0.376130
1341848033.542876 -3.189711 0.019571 1.300902 -0.550729 0.660465 -0.345233 0.375897
1341848033.606870 -3.190810 0.030659 1.302219 -0.546596 0.664855 -0.344774 0.374609
1341848033.642934 -3.191483 0.036868 1.303754 -0.545067 0.665934 -0.344357 0.375303
1341848033.710808 -3.193381 0.046405 1.306902 -0.542924 0.668645 -0.344067 0.373852
1341848033.742797 -3.191785 0.054704 1.309740 -0.540849 0.670096 -0.343662 0.374634
1341848033.842774 -3.195259 0.071402 1.309964 -0.536435 0.672870 -0.346193 0.373676
1341848033.942752 -3.201481 0.088227 1.314862 -0.528936 0.678561 -0.351460 0.369130
1341848034.042713 -3.209908 0.102945 1.315801 -0.515774 0.683632 -0.366408 0.363826
1341848034.110771 -3.212311 0.108293 1.318406 -0.506965 0.688776 -0.368397 0.364497
1341848034.142710 -3.216721 0.111558 1.320962 -0.500631 0.692200 -0.373086 0.361987
1341848034.210696 -3.222209 0.120017 1.322614 -0.492664 0.696200 -0.377745 0.360412
1341848034.246723 -3.227926 0.122585 1.323548 -0.488133 0.699915 -0.377532 0.359603
1341848034.318061 -3.231846 0.132756 1.326879 -0.481128 0.703398 -0.381482 0.358075
1341848034.386162 -3.242771 0.145375 1.329873 -0.473644 0.708342 -0.382076 0.357673
1341848034.453838 -3.252474 0.158487 1.329246 -0.469518 0.710949 -0.383308 0.356623
1341848034.553684 -3.267609 0.183834 1.329247 -0.467881 0.711237 -0.386068 0.355220
1341848034.653784 -3.279930 0.212377 1.328014 -0.469650 0.713164 -0.383619 0.351658
1341848034.746742 -3.292490 0.241630 1.320541 -0.468292 0.715502 -0.382343 0.350105
1341848034.814737 -3.297434 0.256614 1.317333 -0.467336 0.717370 -0.381262 0.348735
1341848034.846851 -3.301757 0.263118 1.314359 -0.468820 0.716671 -0.381178 0.348273
1341848034.914816 -3.307624 0.275262 1.313190 -0.467958 0.718959 -0.380464 0.345487
1341848034.951491 -3.308079 0.280962 1.311354 -0.467821 0.719538 -0.381178 0.343673
1341848035.014942 -3.312137 0.294954 1.308808 -0.465680 0.722336 -0.381853 0.339944
1341848035.050945 -3.311627 0.300950 1.306042 -0.464358 0.723839 -0.381008 0.339502
1341848035.118886 -3.312199 0.313972 1.303559 -0.464064 0.724599 -0.382934 0.336100
1341848035.218946 -3.313863 0.327755 1.299715 -0.463276 0.726731 -0.381424 0.334295
1341848035.319914 -3.313025 0.352597 1.301116 -0.459313 0.728785 -0.382376 0.334204
1341848035.350991 -3.313855 0.355602 1.301338 -0.458613 0.728887 -0.382543 0.334752
1341848035.422709 -3.312179 0.374051 1.304295 -0.453768 0.731051 -0.382458 0.336726
1341848035.518623 -3.311411 0.398081 1.305448 -0.447393 0.733797 -0.381967 0.339826
1341848035.618790 -3.309665 0.423953 1.310360 -0.438695 0.737811 -0.383406 0.340854
1341848035.718791 -3.309578 0.443760 1.314676 -0.428443 0.746996 -0.379098 0.338700
1341848035.818784 -3.302780 0.465340 1.314153 -0.421446 0.752514 -0.380254 0.333935
1341848035.922832 -3.296451 0.488150 1.318158 -0.411810 0.757785 -0.379229 0.335202
1341848036.022779 -3.290230 0.507280 1.328055 -0.406594 0.761899 -0.373739 0.338393
1341848036.122737 -3.288089 0.530943 1.323405 -0.403398 0.764383 -0.374169 0.336133
1341848036.223282 -3.278156 0.551825 1.326220 -0.400735 0.767335 -0.374967 0.331675
1341848036.322672 -3.272029 0.573044 1.326028 -0.399224 0.768130 -0.381025 0.324679
1341848036.422758 -3.264903 0.596271 1.326789 -0.395331 0.770595 -0.382553 0.321792
1341848036.522726 -3.261900 0.618775 1.326742 -0.393917 0.769984 -0.385794 0.321118
1341848036.626802 -3.250895 0.649934 1.324125 -0.384906 0.772311 -0.391068 0.320075
1341848036.726753 -3.249210 0.679525 1.334289 -0.376589 0.773281 -0.396645 0.320765
1341848036.790720 -3.246039 0.700740 1.337877 -0.369449 0.774517 -0.400200 0.321669
1341848036.858633 -3.246615 0.722157 1.342552 -0.363622 0.777214 -0.402103 0.319423
1341848036.926846 -3.241148 0.747384 1.345545 -0.356232 0.780003 -0.403861 0.318734
1341848036.994836 -3.240073 0.773145 1.347293 -0.351362 0.779980 -0.409501 0.316994
1341848037.061042 -3.234663 0.793766 1.351510 -0.349862 0.778233 -0.414656 0.316245
1341848037.094661 -3.236093 0.807001 1.350055 -0.346721 0.777351 -0.418013 0.317451
1341848037.162789 -3.226608 0.823008 1.360503 -0.344133 0.775970 -0.420675 0.320117
1341848037.227032 -3.226923 0.853827 1.360507 -0.342196 0.768297 -0.430876 0.327060
1341848037.295192 -3.224790 0.875241 1.365907 -0.343767 0.761412 -0.436786 0.333606
1341848037.326868 -3.228256 0.887121 1.362875 -0.343132 0.760907 -0.437844 0.334027
1341848037.395057 -3.219940 0.906517 1.370221 -0.344771 0.758557 -0.440900 0.333665
1341848037.430946 -3.219774 0.915599 1.370574 -0.345583 0.757214 -0.443092 0.332971
1341848037.462765 -3.214746 0.929333 1.372034 -0.345200 0.756983 -0.444413 0.332130
1341848037.562958 -3.202785 0.957793 1.373629 -0.347118 0.756160 -0.446466 0.329240
1341848037.662669 -3.190248 0.989308 1.371736 -0.346360 0.757033 -0.449912 0.323288
1341848037.730964 -3.179240 1.004438 1.371646 -0.344094 0.758020 -0.452397 0.319910
1341848037.769764 -3.171951 1.014570 1.370664 -0.341947 0.759554 -0.453078 0.317602
1341848037.837792 -3.159915 1.025409 1.371919 -0.337924 0.760805 -0.454701 0.316591
1341848037.898921 -3.148373 1.046707 1.373633 -0.330718 0.768548 -0.449653 0.312685
1341848037.930939 -3.142994 1.050520 1.371431 -0.328980 0.771078 -0.448979 0.309239
1341848037.998629 -3.131714 1.068854 1.368020 -0.324108 0.776561 -0.446110 0.304785
1341848038.030908 -3.128878 1.078220 1.368228 -0.321943 0.778381 -0.445834 0.302832
1341848038.098674 -3.116447 1.091619 1.368047 -0.317566 0.785155 -0.441954 0.295567
1341848038.134662 -3.109993 1.098074 1.364861 -0.315752 0.786567 -0.441634 0.294232
1341848038.198711 -3.098200 1.111272 1.362190 -0.312334 0.790254 -0.441065 0.288804
1341848038.274093 -3.088910 1.124395 1.363475 -0.309483 0.791695 -0.441733 0.286898
1341848038.341933 -3.073565 1.139528 1.363618 -0.306696 0.793655 -0.442736 0.282902
1341848038.409802 -3.063875 1.155684 1.366510 -0.305938 0.793884 -0.446105 0.277741
1341848038.441825 -3.057875 1.164045 1.370900 -0.304305 0.794340 -0.446660 0.277340
1341848038.510185 -3.045614 1.177445 1.371852 -0.301647 0.795552 -0.447820 0.274889
1341848038.566862 -3.039466 1.190812 1.379711 -0.299239 0.793739 -0.453120 0.274076
1341848038.634739 -3.028238 1.212643 1.374777 -0.298794 0.791430 -0.457384 0.274155
1341848038.702868 -3.020875 1.232267 1.376709 -0.298924 0.791624 -0.457814 0.272731
1341848038.734794 -3.016071 1.238738 1.377762 -0.299381 0.790105 -0.460395 0.272290
1341848038.802800 -3.012512 1.262204 1.380502 -0.297114 0.791323 -0.460055 0.271809
1341848038.838770 -3.003374 1.270857 1.379219 -0.295113 0.791477 -0.460965 0.272001
1341848038.902781 -3.006166 1.297006 1.380717 -0.289647 0.793665 -0.462510 0.268857
1341848038.970765 -3.007509 1.315187 1.378336 -0.283993 0.795856 -0.461923 0.269421
1341848039.070805 -3.002966 1.344993 1.381006 -0.275664 0.800218 -0.462681 0.263795
1341848039.170737 -2.994228 1.377708 1.380189 -0.267793 0.803436 -0.463286 0.261043
1341848039.270959 -2.994203 1.407589 1.382938 -0.262623 0.804542 -0.465215 0.259454
1341848039.338889 -2.983957 1.423538 1.385047 -0.259145 0.806243 -0.464981 0.258085
1341848039.406886 -2.982785 1.437257 1.383116 -0.258851 0.807052 -0.465416 0.255053
1341848039.438853 -2.984092 1.438153 1.381612 -0.259819 0.806938 -0.465244 0.254741
1341848039.574890 -2.967484 1.466434 1.379606 -0.257449 0.808741 -0.467264 0.247633
1341848039.674760 -2.954795 1.489269 1.384462 -0.256096 0.808818 -0.470642 0.242329
1341848039.775334 -2.937431 1.508390 1.378429 -0.255204 0.808664 -0.473789 0.237606
1341848039.881803 -2.919708 1.524830 1.379142 -0.252197 0.809238 -0.476471 0.233465
1341848039.974815 -2.903543 1.548100 1.379426 -0.244118 0.811939 -0.476169 0.233290
1341848040.042768 -2.889712 1.565982 1.375039 -0.238466 0.812949 -0.477635 0.232622
1341848040.142744 -2.866742 1.586005 1.371101 -0.229403 0.819506 -0.473567 0.226978
1341848040.242681 -2.847119 1.607662 1.374626 -0.222649 0.826613 -0.467421 0.220580
1341848040.310719 -2.827379 1.613368 1.371105 -0.216059 0.828174 -0.468862 0.218210
1341848040.346920 -2.824474 1.623704 1.373793 -0.211954 0.830336 -0.466857 0.218316
1341848040.410884 -2.805065 1.628891 1.373796 -0.203995 0.832079 -0.467533 0.217816
1341848040.446720 -2.802891 1.634718 1.382308 -0.201553 0.832826 -0.467114 0.218130
1341848040.517796 -2.789809 1.641670 1.385895 -0.196244 0.833132 -0.468231 0.219407
1341848040.578879 -2.783703 1.656283 1.389481 -0.194606 0.832541 -0.470356 0.218563
1341848040.646758 -2.769426 1.667986 1.395828 -0.190584 0.833522 -0.471696 0.215457
1341848040.714653 -2.754570 1.659108 1.380949 -0.183860 0.832138 -0.479361 0.209653
1341848040.746821 -2.749624 1.674364 1.391104 -0.177692 0.832778 -0.483787 0.202133
1341848040.814675 -2.736760 1.690656 1.394536 -0.167517 0.834166 -0.489281 0.191600
1341848040.846908 -2.732245 1.688853 1.395010 -0.165085 0.834552 -0.490427 0.189078
1341848040.914699 -2.717031 1.699778 1.402369 -0.154851 0.837022 -0.492468 0.181360
1341848040.946862 -2.711857 1.698209 1.400753 -0.151612 0.837472 -0.493096 0.180307
1341848041.022638 -2.696894 1.721608 1.408263 -0.138864 0.841840 -0.491706 0.173919
1341848041.058859 -2.688462 1.717747 1.409670 -0.134050 0.843385 -0.490076 0.174809
1341848041.122188 -2.682630 1.729068 1.398848 -0.123182 0.847167 -0.487977 0.170332
1341848041.189954 -2.668371 1.741010 1.400936 -0.109400 0.852195 -0.482800 0.169412
1341848041.250726 -2.659938 1.750404 1.403302 -0.103432 0.855476 -0.479003 0.167388
1341848041.319290 -2.643174 1.752975 1.395489 -0.097996 0.858597 -0.475388 0.164966
1341848041.355465 -2.636961 1.759236 1.398622 -0.094740 0.859068 -0.476035 0.162535
1341848041.418768 -2.617650 1.764823 1.390666 -0.088702 0.860287 -0.477227 0.155857
1341848041.450845 -2.618516 1.771222 1.390666 -0.085321 0.861251 -0.476436 0.154840
1341848041.550730 -2.591552 1.770041 1.387187 -0.077849 0.865789 -0.473128 0.143174
1341848041.650957 -2.561013 1.772640 1.378066 -0.070825 0.866734 -0.475108 0.134269
1341848041.718789 -2.533655 1.781511 1.390158 -0.063314 0.868085 -0.475069 0.129340
1341848041.750776 -2.524487 1.767096 1.387809 -0.061188 0.868476 -0.474235 0.130794
1341848041.818704 -2.501247 1.767410 1.386752 -0.053401 0.867712 -0.475835 0.133438
1341848041.854747 -2.492540 1.768855 1.393722 -0.050931 0.868283 -0.474762 0.134508
1341848041.918718 -2.467525 1.758936 1.391010 -0.044934 0.867462 -0.476859 0.134524
1341848041.994975 -2.447733 1.764842 1.389787 -0.037438 0.867272 -0.477812 0.134656
1341848042.054627 -2.427655 1.755816 1.396791 -0.030568 0.867371 -0.478136 0.134604
1341848042.122881 -2.404176 1.752379 1.408421 -0.023423 0.870420 -0.473654 0.132186
1341848042.154788 -2.401599 1.749977 1.405642 -0.022769 0.869121 -0.476158 0.131844
1341848042.222883 -2.373991 1.748752 1.407419 -0.016073 0.870621 -0.475482 0.125212
1341848042.254762 -2.368213 1.750853 1.400053 -0.014741 0.869446 -0.478069 0.123684
1341848042.322759 -2.344608 1.742189 1.403398 -0.010784 0.871908 -0.475864 0.114950
1341848042.354987 -2.338312 1.751773 1.402037 -0.006902 0.871732 -0.476382 0.114433
1341848042.429737 -2.321359 1.737540 1.404582 -0.000185 0.875090 -0.470905 0.111652
1341848042.490921 -2.309165 1.742497 1.402346 0.007231 0.876405 -0.469198 0.108235
1341848042.558691 -2.287400 1.735979 1.397378 0.017908 0.877191 -0.468556 0.103301
1341848042.622730 -2.252271 1.731863 1.393765 0.031246 0.878417 -0.466915 0.096939
1341848042.658741 -2.243802 1.737171 1.393152 0.036271 0.876704 -0.470158 0.095003
1341848042.761637 -2.212189 1.746685 1.388688 0.055684 0.875681 -0.471351 0.088936
1341848042.861726 -2.183571 1.751835 1.388570 0.071379 0.877380 -0.468307 0.076141
1341848042.965708 -2.162181 1.749803 1.385956 0.083519 0.877243 -0.467545 0.069794
1341848043.065737 -2.140774 1.753897 1.386992 0.095750 0.877528 -0.465262 0.065634
1341848043.165792 -2.105147 1.754624 1.381307 0.106867 0.877469 -0.464136 0.056612
1341848043.265717 -2.086774 1.745297 1.380890 0.111023 0.876416 -0.465746 0.051464
1341848043.369819 -2.055747 1.740024 1.383857 0.119072 0.875201 -0.466755 0.044544
1341848043.469625 -2.032858 1.724502 1.381783 0.122848 0.874508 -0.467264 0.042521
1341848043.569664 -1.996787 1.715061 1.392871 0.134870 0.873854 -0.465346 0.040531
1341848043.670144 -1.964840 1.694324 1.382697 0.141671 0.873850 -0.463347 0.040322
1341848043.737757 -1.946352 1.684661 1.391275 0.144861 0.874988 -0.460407 0.037909
1341848043.769828 -1.940897 1.677963 1.389046 0.147886 0.875795 -0.457867 0.038359
1341848043.837855 -1.919204 1.655922 1.398034 0.152691 0.876651 -0.454943 0.034569
1341848043.869697 -1.912200 1.658598 1.394153 0.154125 0.874773 -0.458178 0.033019
1341848043.938034 -1.898287 1.638821 1.395439 0.155902 0.875792 -0.455542 0.034126
1341848043.969826 -1.887860 1.638254 1.385685 0.157161 0.874154 -0.458414 0.031820
1341848044.037703 -1.861376 1.614135 1.391324 0.159628 0.875275 -0.455747 0.026571
1341848044.073762 -1.854543 1.621217 1.383396 0.159337 0.872807 -0.460617 0.025535
1341848044.137722 -1.842813 1.600200 1.390208 0.161110 0.875419 -0.454864 0.028016
1341848044.173825 -1.829008 1.602156 1.389251 0.162837 0.874461 -0.456309 0.024168
1341848044.273822 -1.818391 1.588454 1.381850 0.166136 0.873780 -0.456442 0.023824
1341848044.373688 -1.792039 1.570014 1.382679 0.173118 0.873902 -0.453894 0.017462
1341848044.473716 -1.777110 1.554359 1.379425 0.186503 0.872948 -0.450527 0.014302
1341848044.573760 -1.763828 1.538659 1.382240 0.202515 0.871827 -0.445936 0.006824
1341848044.641741 -1.749706 1.528052 1.375164 0.215310 0.869023 -0.445459 0.002418
1341848044.705966 -1.739267 1.517884 1.377036 0.225142 0.867094 -0.444363 0.000046
1341848044.771011 -1.722529 1.505494 1.380797 0.235884 0.864529 -0.443763 -0.004860
1341848044.870686 -1.701271 1.490360 1.382030 0.247232 0.861237 -0.443936 -0.008242
1341848044.970797 -1.672183 1.479270 1.366060 0.258259 0.854732 -0.450212 -0.006700
1341848045.070849 -1.653179 1.467367 1.364399 0.261082 0.856590 -0.445049 -0.004696
1341848045.170759 -1.633735 1.449574 1.360451 0.264837 0.857263 -0.441455 -0.008913
1341848045.270833 -1.613812 1.427058 1.352368 0.266143 0.855617 -0.443724 -0.014027
1341848045.370799 -1.596940 1.405282 1.352780 0.266340 0.856635 -0.441521 -0.017302
1341848045.474692 -1.578734 1.382384 1.345971 0.264035 0.858145 -0.440079 -0.014267
1341848045.606920 -1.554875 1.349598 1.343177 0.260972 0.857895 -0.442373 -0.014682
1341848045.674943 -1.546559 1.331649 1.342463 0.257791 0.859899 -0.440379 -0.013569
1341848045.774776 -1.526342 1.304870 1.339967 0.252650 0.861985 -0.439262 -0.014083
1341848045.874777 -1.514536 1.281660 1.330110 0.243509 0.863195 -0.442124 -0.011131
1341848045.974768 -1.498228 1.258372 1.321175 0.234307 0.863551 -0.446493 -0.004795
1341848046.074722 -1.471436 1.235127 1.319626 0.223619 0.865904 -0.447433 -0.002820
1341848046.181848 -1.455396 1.218935 1.316722 0.211551 0.869111 -0.447079 -0.003440
1341848046.283599 -1.436211 1.208551 1.312813 0.200541 0.873204 -0.444182 -0.000532
1341848046.382309 -1.411424 1.198368 1.306641 0.191388 0.875449 -0.443801 -0.000811
1341848046.485848 -1.391197 1.194522 1.301729 0.183885 0.878549 -0.440838 -0.000642
1341848046.586076 -1.361350 1.191669 1.299664 0.176705 0.880206 -0.440464 -0.002173
1341848046.685899 -1.334304 1.199472 1.292682 0.171904 0.878229 -0.446274 0.001807
1341848046.778736 -1.309810 1.208253 1.293711 0.167056 0.877625 -0.449270 0.004768
1341848046.878793 -1.286916 1.220353 1.289971 0.164051 0.877049 -0.451490 0.005384
1341848046.982780 -1.261213 1.233372 1.287050 0.163855 0.876292 -0.453026 0.005577
1341848047.089866 -1.235873 1.248076 1.283362 0.160903 0.876747 -0.453196 0.006197
1341848047.214887 -1.205525 1.263749 1.283517 0.154560 0.879401 -0.450223 0.008043
1341848047.282779 -1.179620 1.272039 1.284505 0.153210 0.880106 -0.449273 0.009701
1341848047.383038 -1.152078 1.282952 1.285436 0.147813 0.879703 -0.451729 0.014666
1341848047.482648 -1.128244 1.297244 1.292076 0.138962 0.879335 -0.455078 0.019070
1341848047.582955 -1.105807 1.305278 1.296833 0.131037 0.880080 -0.455758 0.023929
1341848047.689728 -1.075956 1.311903 1.297506 0.127873 0.878269 -0.460053 0.025344
1341848047.786695 -1.053088 1.316058 1.304589 0.125972 0.879992 -0.457251 0.025825
1341848047.886853 -1.025930 1.314954 1.305735 0.124108 0.880582 -0.456843 0.021600
1341848047.986771 -1.003433 1.319024 1.309411 0.124567 0.880069 -0.457716 0.021390
1341848048.086776 -0.977835 1.324682 1.310637 0.124304 0.878562 -0.460730 0.020127
1341848048.186720 -0.951718 1.323040 1.313107 0.128217 0.877755 -0.461334 0.016633
1341848048.286640 -0.931712 1.326621 1.316658 0.132760 0.874594 -0.466084 0.015033
1341848048.386709 -0.907038 1.325429 1.327285 0.135383 0.874773 -0.465153 0.008729
1341848048.490668 -0.880436 1.332253 1.329225 0.138242 0.871230 -0.470991 0.003813
1341848048.590630 -0.857866 1.333703 1.339929 0.140166 0.868332 -0.475762 0.001620
1341848048.690791 -0.836689 1.336546 1.345614 0.142949 0.863721 -0.483270 0.001074
1341848048.791156 -0.823267 1.341359 1.351132 0.144957 0.859984 -0.489294 0.002645
1341848048.891041 -0.801335 1.341054 1.362959 0.142317 0.857626 -0.494189 -0.001094
1341848048.990810 -0.777579 1.344810 1.376383 0.136911 0.854344 -0.501348 -0.001505
1341848049.090709 -0.754199 1.355923 1.380682 0.131317 0.848145 -0.513215 -0.004169
1341848049.194708 -0.733202 1.359465 1.386220 0.126376 0.845941 -0.518053 -0.005823
1341848049.294747 -0.712981 1.369959 1.390247 0.122331 0.845050 -0.520481 -0.005020
1341848049.394779 -0.685519 1.376319 1.396966 0.125827 0.844605 -0.520361 -0.005835
1341848049.494728 -0.654235 1.387601 1.399628 0.133485 0.841155 -0.523994 -0.008380
1341848049.594759 -0.631246 1.409289 1.393569 0.137948 0.837050 -0.529418 -0.005819
1341848049.695064 -0.602781 1.426196 1.395314 0.137224 0.837147 -0.529456 -0.005604
1341848049.794722 -0.571990 1.438721 1.399675 0.131723 0.839748 -0.526751 -0.002527
1341848049.930835 -0.532921 1.454780 1.394739 0.124151 0.840231 -0.527821 0.001968
1341848049.998757 -0.513893 1.468322 1.389157 0.120243 0.839407 -0.529998 0.006258
1341848050.098678 -0.487901 1.477176 1.391268 0.112283 0.840463 -0.530032 0.008979
1341848050.198726 -0.463609 1.480242 1.394420 0.102036 0.843666 -0.526976 0.010602
1341848050.298842 -0.440357 1.484390 1.393652 0.089755 0.845698 -0.525901 0.012956
1341848050.398693 -0.412621 1.490913 1.390735 0.078908 0.846277 -0.526634 0.015674
1341848050.498791 -0.393334 1.490695 1.396930 0.065032 0.848174 -0.525368 0.018960
1341848050.598790 -0.370876 1.495918 1.393782 0.054437 0.847097 -0.528064 0.024739
1341848050.702846 -0.344576 1.496201 1.402962 0.042084 0.847795 -0.527963 0.026964
1341848050.802875 -0.323971 1.495638 1.407945 0.031494 0.848490 -0.527003 0.036605
1341848050.902725 -0.299237 1.497497 1.409461 0.018916 0.848155 -0.527752 0.041878
1341848051.002763 -0.274291 1.498514 1.416392 0.007735 0.847607 -0.528700 0.044488
1341848051.102734 -0.247995 1.504726 1.414065 -0.000329 0.844415 -0.533565 0.047655
1341848051.238747 -0.231992 1.508918 1.418174 -0.009918 0.842195 -0.535885 0.058624
1341848051.302718 -0.217297 1.507800 1.425488 -0.015581 0.839913 -0.539571 0.056264
1341848051.406688 -0.207389 1.514020 1.427920 -0.024358 0.834675 -0.546753 0.061534
1341848051.506718 -0.197885 1.519081 1.428326 -0.036238 0.831703 -0.550178 0.065271
1341848051.606760 -0.192459 1.520211 1.427339 -0.059301 0.825967 -0.556598 0.066783
1341848051.706714 -0.183103 1.530167 1.426440 -0.080641 0.819489 -0.562789 0.072132
1341848051.806694 -0.184029 1.537272 1.422748 -0.103630 0.814675 -0.565231 0.077974
1341848051.906707 -0.181899 1.553890 1.420008 -0.123347 0.809819 -0.569071 0.071665
1341848052.006755 -0.189705 1.563187 1.416155 -0.138289 0.811810 -0.563359 0.066844
1341848052.143014 -0.203676 1.571272 1.416972 -0.145550 0.812601 -0.561765 0.053985
1341848052.178064 -0.211649 1.583033 1.410110 -0.148610 0.810652 -0.564105 0.050435
1341848052.275206 -0.228919 1.601556 1.406437 -0.154050 0.811043 -0.562984 0.039074
1341848052.311125 -0.232305 1.594330 1.407532 -0.154420 0.813991 -0.558727 0.037389
1341848052.379476 -0.245177 1.606202 1.404176 -0.156957 0.812428 -0.560711 0.030470
1341848052.481496 -0.256750 1.614571 1.410513 -0.156680 0.814044 -0.558791 0.023156
1341848052.579155 -0.276123 1.638856 1.404741 -0.158035 0.811751 -0.561975 0.016436
1341848052.678720 -0.294563 1.651343 1.404993 -0.168303 0.809388 -0.562627 0.003984
1341848052.778710 -0.317073 1.673667 1.405406 -0.165022 0.812387 -0.559254 0.005553
1341848052.878813 -0.332783 1.688162 1.415071 -0.163348 0.813152 -0.558589 -0.008918
1341848052.978684 -0.352370 1.705376 1.417389 -0.156225 0.815054 -0.557648 -0.017600
1341848053.082651 -0.377683 1.723859 1.425364 -0.145585 0.817071 -0.557307 -0.024661
1341848053.183210 -0.388935 1.740692 1.423622 -0.128194 0.819254 -0.557761 -0.035933
1341848053.289822 -0.404701 1.750142 1.427046 -0.115622 0.819094 -0.560139 -0.044285
1341848053.386096 -0.422509 1.764176 1.432478 -0.099734 0.820361 -0.560948 -0.048971
1341848053.485736 -0.445677 1.783442 1.427111 -0.081660 0.822139 -0.561137 -0.050442
1341848053.589737 -0.450620 1.798636 1.427301 -0.062010 0.826068 -0.556987 -0.059427
1341848053.689724 -0.465426 1.807191 1.427321 -0.038401 0.833091 -0.548047 -0.064264
1341848053.789882 -0.470056 1.817659 1.428720 -0.013505 0.836027 -0.543586 -0.073425
1341848053.889790 -0.477097 1.829539 1.429349 0.013600 0.835804 -0.543217 -0.078493
1341848053.986823 -0.481492 1.839385 1.440825 0.033098 0.833259 -0.546156 -0.079364
1341848054.086777 -0.477200 1.859812 1.445787 0.055964 0.832920 -0.546422 -0.067340
1341848054.186687 -0.462715 1.874663 1.450618 0.071261 0.834430 -0.543239 -0.059503
1341848054.286801 -0.460063 1.900903 1.455671 0.071807 0.831152 -0.547912 -0.061825
1341848054.387103 -0.447513 1.916205 1.468878 0.076097 0.836892 -0.538326 -0.063461
1341848054.486883 -0.425488 1.929684 1.470850 0.082191 0.837740 -0.536220 -0.062480
1341848054.590790 -0.423840 1.949399 1.485504 0.087967 0.836240 -0.537602 -0.062838
1341848054.691021 -0.427682 1.964539 1.501049 0.094553 0.837354 -0.534760 -0.062695
1341848054.790887 -0.419941 1.980002 1.505613 0.102420 0.832444 -0.540190 -0.068861
1341848054.890895 -0.421497 1.998493 1.512945 0.116956 0.828939 -0.542894 -0.066693
1341848054.991052 -0.414576 2.017112 1.527917 0.130247 0.825961 -0.544299 -0.067549
1341848055.090735 -0.408045 2.045077 1.525158 0.139091 0.819575 -0.551365 -0.070337
1341848055.190986 -0.400494 2.077597 1.534866 0.148230 0.816676 -0.553138 -0.071451
1341848055.294725 -0.378237 2.115825 1.535755 0.154549 0.814451 -0.554802 -0.070561
1341848055.394711 -0.361323 2.149443 1.539688 0.156248 0.814946 -0.553140 -0.074064
1341848055.494734 -0.338433 2.183584 1.537779 0.160133 0.813478 -0.553483 -0.079165
1341848055.594685 -0.319235 2.211780 1.542636 0.164972 0.812199 -0.552975 -0.085649
1341848055.694797 -0.303773 2.245695 1.542359 0.169773 0.811593 -0.551922 -0.088750
1341848055.794951 -0.282204 2.257873 1.545325 0.181964 0.810941 -0.547916 -0.095142
1341848055.894792 -0.263882 2.265642 1.549065 0.195292 0.806532 -0.549278 -0.098289
1341848055.994709 -0.237209 2.279962 1.541620 0.201533 0.803258 -0.551355 -0.100843
1341848056.098792 -0.208446 2.280028 1.545188 0.206941 0.803904 -0.548371 -0.101010
1341848056.198744 -0.167418 2.273868 1.539583 0.209946 0.801795 -0.550170 -0.101787
1341848056.298771 -0.123284 2.270408 1.538910 0.208552 0.803079 -0.549458 -0.098318
1341848056.398744 -0.081016 2.272192 1.532938 0.209627 0.803783 -0.549123 -0.091948
1341848056.498895 -0.033183 2.267322 1.529133 0.215589 0.811265 -0.538158 -0.075869
1341848056.598948 0.013146 2.256633 1.527536 0.216707 0.814537 -0.533218 -0.072429
1341848056.698889 0.052201 2.247135 1.525699 0.215372 0.818357 -0.529505 -0.059416
1341848056.802861 0.089259 2.245319 1.531204 0.207109 0.822968 -0.525932 -0.056787
1341848056.902748 0.118723 2.232728 1.540595 0.202990 0.825835 -0.523065 -0.056524
1341848057.002703 0.143721 2.231568 1.546464 0.203103 0.827685 -0.519635 -0.060544
1341848057.102757 0.174285 2.224442 1.548802 0.203640 0.829979 -0.514946 -0.067062
1341848057.202641 0.209925 2.214294 1.538281 0.203944 0.831779 -0.511108 -0.072933
1341848057.302860 0.246787 2.213749 1.525509 0.206114 0.834159 -0.505733 -0.077004
1341848057.402722 0.288943 2.208119 1.522146 0.211698 0.836709 -0.498205 -0.083024
1341848057.506720 0.326632 2.208549 1.516533 0.221828 0.835838 -0.494527 -0.087243
1341848057.606668 0.371719 2.203450 1.517030 0.233597 0.837447 -0.485897 -0.089548
1341848057.706823 0.403894 2.200475 1.517262 0.247870 0.836056 -0.480103 -0.095246
1341848057.806842 0.450619 2.192875 1.513458 0.260422 0.833049 -0.478003 -0.098599
1341848057.906831 0.490160 2.194421 1.507672 0.268357 0.828551 -0.481738 -0.097035
1341848058.006833 0.525093 2.188087 1.506315 0.270370 0.829154 -0.480630 -0.091638
1341848058.106790 0.565869 2.171982 1.508587 0.265512 0.828511 -0.485172 -0.087641
1341848058.207081 0.607078 2.162887 1.517211 0.256489 0.829082 -0.489506 -0.084972
1341848058.310701 0.643721 2.140225 1.520231 0.250198 0.827685 -0.494740 -0.087009
1341848058.410669 0.683489 2.129025 1.510016 0.250934 0.825062 -0.498890 -0.086103
1341848058.542970 0.715195 2.100209 1.522801 0.262338 0.821101 -0.499774 -0.084842
1341848058.610842 0.727379 2.074535 1.534292 0.270743 0.820329 -0.496560 -0.084773
1341848058.710728 0.747170 2.054933 1.527949 0.275345 0.815340 -0.500943 -0.091985
1341848058.810874 0.765488 2.048476 1.522842 0.279013 0.815311 -0.499256 -0.090346
1341848058.946807 0.784900 2.023821 1.527605 0.290155 0.813232 -0.495552 -0.094297
1341848059.014660 0.788088 2.019353 1.518108 0.294004 0.808378 -0.500830 -0.096211
1341848059.114675 0.799070 2.000546 1.533723 0.299251 0.807571 -0.496824 -0.106976
1341848059.214738 0.805839 1.996259 1.522706 0.302549 0.805034 -0.497032 -0.115518
1341848059.314667 0.805060 1.996824 1.521645 0.310668 0.798438 -0.500906 -0.122783
1341848059.414736 0.803449 1.995306 1.526446 0.317680 0.794541 -0.501818 -0.126343
1341848059.514652 0.808569 2.004717 1.518184 0.324264 0.789831 -0.503432 -0.132575
1341848059.614734 0.812221 2.010319 1.516088 0.328383 0.785462 -0.506485 -0.136701
1341848059.718703 0.819283 1.998463 1.520824 0.330146 0.784501 -0.505463 -0.141665
1341848059.818759 0.821196 2.005372 1.523785 0.329256 0.784232 -0.505769 -0.144114
1341848059.918755 0.832129 2.007668 1.519673 0.327240 0.780300 -0.512412 -0.146564
1341848060.018660 0.836913 2.003334 1.527144 0.324998 0.778166 -0.516431 -0.148772
1341848060.118813 0.844115 2.007864 1.527681 0.318602 0.773739 -0.525490 -0.153887
1341848060.218851 0.842827 2.011248 1.526195 0.314744 0.772121 -0.528528 -0.159446
1341848060.318914 0.839436 2.018827 1.518381 0.313026 0.771121 -0.529407 -0.164668
1341848060.418639 0.830936 2.026210 1.509665 0.308352 0.771405 -0.530130 -0.169752
1341848060.522925 0.825860 2.025880 1.502621 0.303469 0.770149 -0.532245 -0.177459
1341848060.622697 0.820076 2.028490 1.504582 0.301346 0.768850 -0.532825 -0.184818
1341848060.723165 0.811318 2.041820 1.501666 0.300522 0.767020 -0.535889 -0.184907
1341848060.823967 0.801727 2.043819 1.502415 0.296891 0.766633 -0.540654 -0.178389
1341848060.923126 0.792177 2.042711 1.509412 0.292834 0.766762 -0.544643 -0.172304
1341848061.030587 0.778461 2.041428 1.507543 0.290830 0.765003 -0.550163 -0.165857
1341848061.100583 0.761560 2.036917 1.529766 0.287868 0.768100 -0.547355 -0.166004
1341848061.259408 0.728229 2.038595 1.538522 0.284886 0.759422 -0.560509 -0.167176
1341848061.326612 0.718690 2.037137 1.541260 0.285946 0.755689 -0.565222 -0.166410
1341848061.426913 0.700894 2.040387 1.549031 0.287053 0.753489 -0.567822 -0.165628
1341848061.526736 0.688266 2.044062 1.547288 0.288959 0.750886 -0.570194 -0.165988
1341848061.626731 0.675508 2.043175 1.553898 0.290033 0.751578 -0.568297 -0.167480
1341848061.726726 0.672163 2.041366 1.547519 0.293059 0.749706 -0.568424 -0.170151
1341848061.826740 0.662820 2.051668 1.541632 0.292379 0.749584 -0.568559 -0.171404
1341848061.930667 0.658513 2.041367 1.542640 0.291136 0.751802 -0.565585 -0.173628
1341848062.030704 0.651603 2.036735 1.544753 0.287349 0.755686 -0.562691 -0.172476
1341848062.130773 0.640950 2.027613 1.541558 0.282251 0.759739 -0.560404 -0.170522
1341848062.230750 0.632832 2.020124 1.537124 0.272543 0.762713 -0.560670 -0.172155
1341848062.330839 0.625559 2.017392 1.537704 0.266549 0.767637 -0.558268 -0.167399
1341848062.430832 0.617590 2.012242 1.531866 0.264383 0.767676 -0.560857 -0.161906
1341848062.530743 0.611225 2.015850 1.532257 0.263787 0.768375 -0.562603 -0.153277
1341848062.630793 0.600699 2.020259 1.531115 0.264126 0.769364 -0.563214 -0.145282
1341848062.734924 0.581513 2.026003 1.531390 0.261279 0.769086 -0.565813 -0.141760
1341848062.834828 0.565437 2.029004 1.531906 0.258851 0.770454 -0.566263 -0.136903
1341848062.934962 0.550157 2.033114 1.533774 0.249135 0.774118 -0.565716 -0.136526
1341848063.034972 0.528728 2.034749 1.534053 0.241251 0.777907 -0.564460 -0.134327
1341848063.135045 0.503752 2.044873 1.535734 0.235259 0.778611 -0.567035 -0.129962
1341848063.234990 0.477137 2.051076 1.538279 0.228668 0.780758 -0.567760 -0.125606
1341848063.334854 0.458903 2.055727 1.536975 0.221785 0.783158 -0.566824 -0.127223
1341848063.439276 0.435067 2.063914 1.536445 0.215676 0.787426 -0.562556 -0.130286
1341848063.541802 0.410353 2.056499 1.536243 0.213333 0.791847 -0.557016 -0.131149
1341848063.609732 0.397774 2.061083 1.528305 0.214759 0.793265 -0.555057 -0.128531
1341848063.709890 0.379716 2.059251 1.519528 0.213865 0.797167 -0.551246 -0.122127
1341848063.809840 0.357327 2.047827 1.517531 0.207146 0.801897 -0.547290 -0.120525
1341848063.913769 0.328761 2.031713 1.531225 0.200979 0.805462 -0.544287 -0.120788
1341848064.013951 0.301801 2.020973 1.523543 0.197747 0.802278 -0.550946 -0.117068
1341848064.113685 0.268314 2.007052 1.527279 0.192666 0.802613 -0.552329 -0.116724
1341848064.213863 0.238105 1.986285 1.532264 0.194026 0.803726 -0.551136 -0.112376
1341848064.313795 0.196772 1.973655 1.530823 0.194267 0.802168 -0.552979 -0.114024
1341848064.418063 0.152611 1.961842 1.527552 0.196043 0.801538 -0.552691 -0.116779
1341848064.518010 0.115291 1.945358 1.536441 0.190500 0.803334 -0.550164 -0.125235
1341848064.617693 0.074891 1.936152 1.540432 0.192489 0.800475 -0.554494 -0.121340
1341848064.685821 0.063319 1.935046 1.538914 0.196395 0.798755 -0.556565 -0.116852
1341848064.749892 0.043044 1.941646 1.541594 0.194435 0.799955 -0.555636 -0.116346
1341848064.810737 0.030882 1.939783 1.537220 0.193374 0.798877 -0.558074 -0.113820
1341848064.910832 0.006826 1.944388 1.535111 0.194579 0.798545 -0.559787 -0.105374
1341848065.010770 -0.019622 1.946060 1.536648 0.197177 0.798353 -0.560417 -0.098418
1341848065.110686 -0.042992 1.952845 1.534485 0.198669 0.798500 -0.560925 -0.091059
1341848065.214760 -0.068546 1.958830 1.533602 0.196338 0.796205 -0.565294 -0.089168
1341848065.314761 -0.095022 1.963284 1.530974 0.190840 0.796979 -0.566293 -0.087847
1341848065.414914 -0.117210 1.966560 1.532720 0.186034 0.797264 -0.567490 -0.087840
1341848065.514745 -0.147057 1.974580 1.535165 0.180125 0.795957 -0.571095 -0.088647
1341848065.614763 -0.170717 1.976598 1.534152 0.176309 0.794663 -0.574192 -0.087918
1341848065.714808 -0.190972 1.982705 1.532338 0.168248 0.795416 -0.575907 -0.085659
1341848065.814742 -0.204729 1.989510 1.530139 0.156403 0.799236 -0.574382 -0.082741
1341848065.918698 -0.209130 1.989042 1.516250 0.145215 0.802722 -0.573584 -0.074504
1341848066.018773 -0.223125 1.998428 1.518321 0.128045 0.809562 -0.568915 -0.067442
1341848066.118721 -0.236079 1.998487 1.509302 0.118626 0.812991 -0.566740 -0.061472
1341848066.218688 -0.250361 1.997988 1.509800 0.112705 0.816481 -0.563517 -0.055720
1341848066.318695 -0.277430 1.989409 1.522417 0.106744 0.819387 -0.560736 -0.052778
1341848066.418820 -0.297287 1.980012 1.522866 0.104240 0.817418 -0.564126 -0.052191
1341848066.522806 -0.324011 1.974780 1.522137 0.097146 0.817180 -0.566088 -0.048201
1341848066.623500 -0.354539 1.969574 1.520117 0.084726 0.816505 -0.568943 -0.049454
1341848066.732527 -0.374012 1.951627 1.525818 0.078123 0.816153 -0.570016 -0.053603
1341848066.833355 -0.396775 1.942167 1.525810 0.070183 0.813657 -0.574128 -0.058427
1341848066.930221 -0.420384 1.939956 1.524215 0.064913 0.814266 -0.573992 -0.057358
1341848067.054702 -0.455349 1.940586 1.523091 0.056393 0.815468 -0.573144 -0.057778
1341848067.122963 -0.455955 1.927276 1.528897 0.054128 0.815708 -0.572555 -0.062220
1341848067.222948 -0.477202 1.935231 1.528159 0.053392 0.813065 -0.576836 -0.057747
1341848067.322816 -0.491409 1.938087 1.523103 0.058695 0.811563 -0.578837 -0.053553
1341848067.426869 -0.507784 1.941383 1.524843 0.065054 0.811449 -0.578609 -0.050308
1341848067.526659 -0.519870 1.949775 1.519706 0.072115 0.811991 -0.577089 -0.049369
1341848067.626656 -0.529556 1.948035 1.523435 0.071921 0.812406 -0.575891 -0.056328
1341848067.726732 -0.538439 1.957097 1.531260 0.076164 0.809099 -0.579880 -0.057420
1341848067.826795 -0.550397 1.967222 1.528291 0.082823 0.805170 -0.584492 -0.056669
