1305031453.359684 0.000000000 0.000000000 0.000000000 -0.000000000 -0.000000000 -0.000000000 1.000000000
1305031453.391690 0.001798540 0.005321052 -0.009396928 -0.000327012 0.006259628 0.012353835 0.999904096
1305031453.423683 0.007850669 0.007934858 -0.016977353 0.001106864 0.009457993 0.021452423 0.999724507
1305031453.459685 0.010163411 0.010929212 -0.027027525 0.004247454 0.016659228 0.030088909 0.999399364
1305031453.491698 0.016086558 0.011830883 -0.039044116 0.006901546 0.021998888 0.040359139 0.998919189
1305031453.523684 0.015647793 0.020017752 -0.051833268 0.014868205 0.027303912 0.049526837 0.998288810
1305031453.559753 0.014051092 0.025509797 -0.065283954 0.022129392 0.030996053 0.056196883 0.997693121
1305031453.591640 0.014265646 0.033134654 -0.080908805 0.029892728 0.033586606 0.060470402 0.997156799
1305031453.627706 0.005616521 0.039442301 -0.095794730 0.036737345 0.036444247 0.064759105 0.996558309
1305031453.659600 -0.003313897 0.046937440 -0.112385608 0.044551905 0.034290101 0.062775925 0.996442974
1305031453.691678 -0.010037201 0.058518417 -0.126644447 0.052565992 0.029827036 0.057970192 0.996487141
1305031453.727652 -0.024705004 0.068386987 -0.138605490 0.057717431 0.027383618 0.053342856 0.996530652
1305031453.759694 -0.039692912 0.073442884 -0.151635572 0.061673608 0.021298267 0.046157174 0.996801019
1305031453.791716 -0.043867335 0.084241003 -0.164410248 0.067140616 0.010838424 0.037381444 0.996984124
1305031453.827773 -0.058776312 0.092041835 -0.177182794 0.069832459 0.005825788 0.030298319 0.997081518
1305031453.859705 -0.081767373 0.103924431 -0.188684627 0.073180690 -0.002344872 0.022753948 0.997056365
1305031453.891710 -0.094113797 0.112760887 -0.198522300 0.073455870 -0.017704817 0.015445094 0.997021675
1305031453.927723 -0.105162926 0.118078262 -0.206381455 0.070894971 -0.035717033 0.011531713 0.996777415
1305031453.959641 -0.113902502 0.122357406 -0.209683985 0.068548359 -0.053093057 0.002828360 0.996230066
1305031453.991624 -0.119494729 0.120750770 -0.216259062 0.065370426 -0.066186003 -0.008646586 0.995626152
1305031454.027662 -0.134837195 0.121478617 -0.222761348 0.067110419 -0.076895744 -0.019157534 0.994593501
1305031454.059654 -0.144625992 0.125492811 -0.230180517 0.067770481 -0.088646762 -0.030209986 0.993295729
1305031454.091651 -0.160434991 0.125928849 -0.229374066 0.067771383 -0.098852903 -0.045114860 0.991766036
1305031454.127701 -0.170845702 0.124879785 -0.234335274 0.069792226 -0.113177739 -0.059471548 0.989334702
1305031454.159672 -0.190399483 0.135790929 -0.238850534 0.072352685 -0.125308126 -0.071585968 0.986883163
1305031454.191658 -0.205973402 0.139931038 -0.238079503 0.070869669 -0.139796019 -0.085753322 0.983911037
1305031454.227671 -0.217097238 0.129217446 -0.245047763 0.068816230 -0.156860128 -0.104202248 0.979694426
1305031454.259627 -0.222717598 0.134994313 -0.242991462 0.075175092 -0.170483559 -0.119893342 0.975145996
1305031454.291639 -0.233098909 0.145188645 -0.244785875 0.075669594 -0.176253289 -0.132373542 0.972463965
1305031454.327699 -0.250079185 0.137434453 -0.247599959 0.073604047 -0.184654623 -0.148166522 0.968778551
1305031454.359636 -0.254534841 0.143420935 -0.245367795 0.080875449 -0.197040841 -0.162355348 0.963470221
1305031454.391677 -0.260274917 0.150446475 -0.249514669 0.083136454 -0.204464987 -0.174604341 0.959581077
1305031454.427465 -0.275050819 0.153597429 -0.252946109 0.084405757 -0.214834347 -0.190999255 0.954065621
1305031454.459913 -0.275745302 0.158456758 -0.250295073 0.087699518 -0.225748673 -0.206154436 0.948075294
1305031454.491617 -0.279702336 0.162834972 -0.252454191 0.089368127 -0.230946973 -0.222322345 0.943000317
1305031454.527700 -0.283318400 0.172962427 -0.254256815 0.090309620 -0.236646041 -0.237383947 0.937812209
1305031454.559575 -0.288215727 0.183758229 -0.256212980 0.088539548 -0.241992101 -0.249387205 0.933491588
1305031454.591635 -0.295735359 0.189118207 -0.261087388 0.085776724 -0.250924289 -0.267711639 0.926288188
1305031454.627580 -0.296454996 0.194448441 -0.261712968 0.084551163 -0.264443845 -0.281739831 0.918446124
1305031454.659528 -0.295257181 0.206722438 -0.262735575 0.079990976 -0.276880592 -0.287224680 0.913477182
1305031454.691884 -0.294676363 0.213632748 -0.263556808 0.073871881 -0.291058779 -0.294377029 0.907287121
1305031454.727659 -0.288060963 0.215438113 -0.259624511 0.069329664 -0.306310177 -0.299290150 0.900995553
1305031454.759732 -0.283403277 0.220662326 -0.263690650 0.062171392 -0.310955286 -0.293740660 0.901752710
1305031454.791641 -0.278089195 0.225657105 -0.262901127 0.057002846 -0.314314961 -0.286469519 0.903267443
1305031454.827570 -0.270894647 0.232964844 -0.261941910 0.052587684 -0.316191882 -0.279985160 0.904911935
1305031454.859620 -0.265576184 0.238943174 -0.259593755 0.046510812 -0.314252585 -0.272490919 0.908201993
1305031454.891764 -0.261385918 0.247013792 -0.260596365 0.043117225 -0.309359312 -0.265255868 0.912182629
1305031454.927567 -0.259646207 0.258738726 -0.262040138 0.040726162 -0.303364217 -0.258732229 0.916170955
1305031454.959648 -0.260581791 0.265828907 -0.266750813 0.036039725 -0.296848863 -0.251949012 0.920382380
1305031454.991937 -0.265179873 0.276708335 -0.274934053 0.034549285 -0.291630507 -0.246780887 0.923502684
1305031455.027799 -0.265658736 0.290200114 -0.278863937 0.035305783 -0.290563554 -0.243240461 0.924748838
1305031455.059636 -0.268945992 0.297366351 -0.281538814 0.034010168 -0.287514538 -0.241597697 0.926180005
1305031455.091700 -0.275475323 0.307031780 -0.285055161 0.036518626 -0.283587962 -0.240896896 0.927476645
1305031455.127695 -0.281550765 0.320066422 -0.289829165 0.038814690 -0.278116673 -0.239358231 0.929436505
1305031455.159720 -0.291573077 0.330589384 -0.297690392 0.037748240 -0.271727413 -0.235219374 0.932422280
1305031455.191655 -0.302697510 0.347094268 -0.300161958 0.037530925 -0.267162114 -0.228811860 0.935340047
1305031455.227581 -0.312211305 0.353199512 -0.304669976 0.036568463 -0.263629586 -0.222988024 0.937783897
1305031455.259631 -0.319129199 0.366775841 -0.308311105 0.034904767 -0.259067118 -0.216224015 0.940698266
1305031455.291831 -0.332105815 0.368416488 -0.314128131 0.024553850 -0.252305537 -0.207178891 0.944889426
1305031455.327766 -0.345649004 0.380990565 -0.321923435 0.020123640 -0.248061284 -0.195878759 0.948521078
1305031455.359630 -0.351053774 0.391147047 -0.322305918 0.012769782 -0.247547925 -0.189374641 0.950102270
1305031455.391665 -0.363915741 0.393028468 -0.326177418 0.001764893 -0.239239112 -0.181766316 0.953793824
1305031455.427642 -0.379604280 0.397049040 -0.336214811 -0.005661963 -0.229749233 -0.172325239 0.957855523
1305031455.459589 -0.395064592 0.396142989 -0.344221413 -0.011995368 -0.224743843 -0.164120376 0.960422218
1305031455.491637 -0.408801764 0.402041644 -0.353081971 -0.016087092 -0.219726562 -0.153159782 0.963329434
1305031455.527610 -0.428601801 0.405573189 -0.359810412 -0.019431530 -0.214095950 -0.139938727 0.966541529
1305031455.559669 -0.448631257 0.407701194 -0.372923315 -0.021570485 -0.211832598 -0.127272591 0.968743265
1305031455.591645 -0.462427199 0.410927266 -0.385189623 -0.024727827 -0.211814404 -0.112516835 0.970496356
1305031455.627617 -0.479328990 0.403757244 -0.391803235 -0.032211713 -0.209560320 -0.100015350 0.972133696
1305031455.659615 -0.497892380 0.401123077 -0.403652400 -0.030146811 -0.205860987 -0.094068967 0.973582864
1305031455.691605 -0.518221498 0.400539398 -0.418664128 -0.027058881 -0.201288432 -0.095541157 0.974485874
1305031455.727628 -0.534416139 0.402433485 -0.426962405 -0.022943925 -0.196891487 -0.102051683 0.974829614
1305031455.759683 -0.550313830 0.400791913 -0.439091146 -0.021663750 -0.190174326 -0.104974419 0.975881577
1305031455.791666 -0.567237079 0.392034769 -0.450938344 -0.021637628 -0.184075758 -0.103924878 0.977163017
1305031455.827590 -0.582655370 0.389308363 -0.465464979 -0.019271152 -0.180036485 -0.103242375 0.978037059
1305031455.859526 -0.597592354 0.384688377 -0.478740245 -0.019519761 -0.176743567 -0.104865074 0.978460073
1305031455.891657 -0.610928595 0.383373618 -0.490354031 -0.018466117 -0.172885343 -0.105647892 0.979085386
1305031455.927955 -0.624067128 0.377631932 -0.501805484 -0.019839186 -0.168279573 -0.106406853 0.979778588
1305031455.959716 -0.634218454 0.376898736 -0.511445940 -0.018766921 -0.164586157 -0.108949035 0.980147600
1305031455.991694 -0.645058393 0.373821229 -0.521058798 -0.020999629 -0.159231260 -0.111308157 0.980721712
1305031456.027770 -0.652791739 0.381516844 -0.529120564 -0.022589533 -0.153177425 -0.114391454 0.981295645
1305031456.059713 -0.671337008 0.371741951 -0.536390781 -0.033684824 -0.144958526 -0.123553835 0.981115103
1305031456.091707 -0.686604023 0.359917700 -0.542617023 -0.041226082 -0.139162585 -0.129371300 0.980916560
1305031456.127645 -0.700186729 0.354306847 -0.546966076 -0.042757146 -0.133602723 -0.130751356 0.981440961
1305031456.159731 -0.707724988 0.340290636 -0.548558593 -0.046564180 -0.129114836 -0.131229743 0.981804430
1305031456.191658 -0.719845831 0.331203759 -0.551457822 -0.042263296 -0.119920120 -0.129072726 0.983449638
1305031456.227678 -0.728082299 0.341653228 -0.554969311 -0.034623750 -0.109611884 -0.125604734 0.985398352
1305031456.291675 -0.754202187 0.319463879 -0.553310692 -0.037617031 -0.085929386 -0.118342191 0.988532364
1305031456.327718 -0.763678730 0.310668558 -0.550049543 -0.034692332 -0.076068170 -0.111809000 0.990206480
1305031456.391619 -0.792548835 0.308064550 -0.545109689 -0.028918460 -0.048371624 -0.104253598 0.992952704
1305031456.427662 -0.808882713 0.316458106 -0.538702488 -0.018986618 -0.036223974 -0.096425176 0.994499624
1305031456.491677 -0.850999892 0.335044771 -0.527891576 -0.020062502 -0.023614500 -0.083540156 0.996022582
1305031456.527641 -0.863171875 0.335838526 -0.517613292 -0.025832400 -0.024652518 -0.077420361 0.996358931
1305031456.591651 -0.882613897 0.339531571 -0.500618994 -0.027041353 -0.020001404 -0.066139489 0.997243345
1305031456.627612 -0.893213570 0.350600600 -0.490946949 -0.037742008 -0.013783931 -0.059303187 0.997431099
1305031456.691612 -0.927204311 0.334055305 -0.467285931 -0.051900931 -0.000843554 -0.043330230 0.997711480
1305031456.727693 -0.947664857 0.353086382 -0.458032012 -0.051429320 0.004044290 -0.034304705 0.998079121
1305031456.791649 -0.976794600 0.341250509 -0.435017854 -0.057427369 -0.005183240 -0.018731920 0.998160481
1305031456.827603 -0.981164396 0.359409332 -0.426579624 -0.054188959 -0.009901831 -0.010557411 0.998425841
1305031456.891672 -0.999598503 0.346515924 -0.401389331 -0.068346828 -0.006227553 0.000139844 0.997642159
1305031456.927690 -1.013046503 0.354558349 -0.393539816 -0.061552212 0.001051815 0.006080330 0.998084843
1305031456.959667 -1.021473408 0.371929854 -0.388309509 -0.058924742 0.005550294 0.013155195 0.998160303
1305031456.991709 -1.036479235 0.365997672 -0.378000736 -0.069550194 0.012147845 0.014723554 0.997395873
1305031457.027648 -1.049291492 0.365743011 -0.372916996 -0.071437635 0.017224383 0.018251376 0.997129381
1305031457.091655 -1.073813915 0.373960644 -0.369753450 -0.081532292 0.029193174 0.027907841 0.995852113
1305031457.127632 -1.085628867 0.364875078 -0.366970807 -0.086951911 0.036115643 0.032432869 0.995029211
1305031457.191735 -1.112492323 0.368442804 -0.374967784 -0.082720570 0.052304301 0.045552455 0.994156241
1305031457.227543 -1.128441095 0.362340212 -0.377633363 -0.088108346 0.060437471 0.051096354 0.992961943
1305031457.291656 -1.156886578 0.355052203 -0.387345374 -0.078053586 0.078018233 0.062431574 0.991928995
1305031457.327548 -1.171148658 0.358467400 -0.396368474 -0.073898397 0.087819375 0.067427792 0.991100609
1305031457.391684 -1.202736974 0.341964394 -0.410004735 -0.071529344 0.112226062 0.080932476 0.987794995
1305031457.427641 -1.225120783 0.342787623 -0.418663681 -0.066734865 0.122246444 0.088605419 0.986281633
1305031457.491705 -1.260109067 0.325463384 -0.432036817 -0.067379117 0.130462110 0.095733188 0.984517574
1305031457.527638 -1.273341537 0.317978024 -0.441076159 -0.064001761 0.133948401 0.098477021 0.984004021
1305031457.559685 -1.287441254 0.313746035 -0.450163722 -0.060003016 0.139028832 0.102281563 0.983162820
1305031457.591678 -1.308857918 0.310858458 -0.456971496 -0.056555055 0.145846307 0.105875961 0.981998324
1305031457.627526 -1.322033882 0.299696058 -0.462706804 -0.057355735 0.147619069 0.108700536 0.981378198
1305031457.659632 -1.340903401 0.304145813 -0.470535547 -0.051164776 0.151022315 0.112752542 0.980745316
1305031457.691570 -1.358786464 0.297435105 -0.473036140 -0.056348387 0.153153360 0.115211576 0.979844451
1305031457.727669 -1.369862318 0.275952637 -0.475097656 -0.062065203 0.154319584 0.114244707 0.979429185
1305031457.759556 -1.383943081 0.263288736 -0.479273736 -0.060601983 0.157261759 0.112570867 0.979246616
1305031457.791567 -1.388676763 0.245890841 -0.481757462 -0.055353973 0.160454005 0.112530254 0.979044139
1305031457.827699 -1.404554844 0.249824986 -0.493015468 -0.042895481 0.168303922 0.111927509 0.978420138
1305031457.859623 -1.419256926 0.239445075 -0.496380568 -0.041329343 0.177149892 0.111791737 0.976940334
1305031457.891593 -1.432057381 0.217501789 -0.494745195 -0.036417853 0.184908614 0.113122180 0.975543916
1305031457.927633 -1.462428570 0.212797731 -0.491781414 -0.023169683 0.195101783 0.113939546 0.973866642
1305031457.991644 -1.487545967 0.198184863 -0.489789099 -0.011672489 0.197883919 0.117954232 0.973032653
1305031458.027845 -1.496915698 0.186814532 -0.487578511 -0.003380092 0.201434061 0.119802780 0.972142100
1305031458.059689 -1.514541030 0.192444742 -0.482439309 0.006720136 0.207576782 0.120938703 0.970690787
1305031458.091690 -1.531143188 0.192258090 -0.473765075 0.007558537 0.213152245 0.122525275 0.969276369
1305031458.127605 -1.546908140 0.180766791 -0.461232185 0.004910276 0.218753427 0.123113185 0.967970073
1305031458.159638 -1.563725352 0.169279307 -0.446273446 0.005382254 0.223236248 0.124973655 0.966704786
1305031458.191646 -1.584641933 0.175985143 -0.431332290 0.008675869 0.225543752 0.128606454 0.965668201
1305031458.227611 -1.599860072 0.168833941 -0.416213155 0.001108890 0.224196553 0.130067617 0.965824604
1305031458.259934 -1.610762835 0.132061437 -0.400505483 -0.008247798 0.223074794 0.128997251 0.966193199
1305031458.291664 -1.632444859 0.130779430 -0.382018149 0.001694579 0.222549319 0.127801731 0.966506958
1305031458.327628 -1.646526337 0.131223530 -0.361397922 0.005229805 0.219140530 0.128992230 0.967114866
1305031458.359590 -1.653266072 0.107242428 -0.343159139 0.008139214 0.216001511 0.129268155 0.967763841
1305031458.391626 -1.662532091 0.111023426 -0.330752999 0.022543956 0.213412911 0.133230224 0.967572451
1305031458.427598 -1.663797617 0.113713980 -0.316621840 0.032252368 0.211833239 0.141185239 0.966516018
1305031458.459637 -1.657891512 0.102876931 -0.300903678 0.042319592 0.215630159 0.147605136 0.964326382
1305031458.491696 -1.658295155 0.096977383 -0.285007983 0.061339937 0.225725099 0.144722000 0.961426616
1305031458.527737 -1.673915505 0.121102408 -0.260775387 0.085605167 0.238862008 0.139602378 0.957145751
1305031458.559628 -1.676262021 0.128612682 -0.242743269 0.094571568 0.247263119 0.137583584 0.954456925
1305031458.591641 -1.689059854 0.128197581 -0.211852551 0.103378333 0.257301658 0.130143836 0.951930344
1305031458.627659 -1.702954650 0.160089105 -0.182872444 0.112661786 0.260402530 0.123008832 0.950982034
1305031458.659623 -1.713184237 0.155209601 -0.155945078 0.105373070 0.258229673 0.126305610 0.951977372
1305031458.691674 -1.714581132 0.152427495 -0.139545500 0.097844839 0.243801758 0.120622337 0.957307398
1305031458.727650 -1.706917763 0.147517622 -0.126547009 0.094645739 0.228896752 0.111593679 0.962390423
1305031458.759945 -1.710511208 0.152953237 -0.112221316 0.100425996 0.215149209 0.099217296 0.966323674
1305031458.791632 -1.703341126 0.171707764 -0.092826173 0.102482878 0.198169291 0.087723523 0.970840275
1305031458.827564 -1.687845469 0.167955473 -0.086386248 0.094849557 0.184786752 0.089024894 0.974131465
1305031458.891665 -1.678111672 0.168612272 -0.061416179 0.102884457 0.180358812 0.077273712 0.975148320
1305031458.927621 -1.688600659 0.175666004 -0.050990831 0.103705965 0.188381508 0.081186049 0.973224759
1305031458.959617 -1.692193508 0.166034847 -0.040977538 0.095785722 0.194205672 0.097653881 0.971376896
1305031458.991647 -1.701614857 0.137196645 -0.028831359 0.091926061 0.200845778 0.101872221 0.969965279
1305031459.027665 -1.729957581 0.128621042 -0.012528539 0.102326222 0.205138877 0.098457880 0.968376696
1305031459.059631 -1.752065539 0.115423828 -0.002663083 0.109614864 0.200556278 0.106449075 0.967693388
1305031459.127618 -1.824643254 0.069427431 -0.130291373 0.113990612 0.165969491 0.129888281 0.970870376
1305031459.159639 -1.828244448 0.068618655 -0.127196908 0.123539798 0.138527051 0.130891949 0.973866284
1305031459.191674 -1.839047313 0.064511031 -0.129201099 0.129321456 0.117691465 0.138487354 0.974805593
1305031459.227607 -1.850802302 0.063877627 -0.119165301 0.130893707 0.107759885 0.145694196 0.974693775
1305031459.259760 -1.849418283 0.073070876 -0.106896631 0.133111864 0.103405118 0.153182730 0.973716438
1305031459.327632 -1.848866940 0.072084635 -0.123710021 0.124880522 0.121636011 0.181353360 0.967843235
1305031459.359651 -1.857118249 0.081519634 -0.108961597 0.131268293 0.145445079 0.199825138 0.960043907
1305031459.391667 -1.866162181 0.109280899 -0.085070178 0.135280490 0.169790387 0.221288353 0.950737536
1305031459.427646 -1.859527707 0.125478774 -0.065340854 0.128072083 0.199126691 0.252603829 0.938156366
1305031459.459679 -1.876425743 0.122909039 -0.063938662 0.126583025 0.235036924 0.291145504 0.918677688
1305031459.527594 -1.914254904 0.144843102 -0.053346843 0.116938323 0.277497649 0.350926250 0.886663020
1305031459.559647 -1.926979542 0.105095506 -0.111657053 0.095906347 0.289107144 0.438480586 0.845549405
1305031459.559647 -1.926979542 0.105095506 -0.111657053 0.095906347 0.289107144 0.438480586 0.845549405
1305031459.559647 -1.926979542 0.105095506 -0.111657053 0.095906347 0.289107144 0.438480586 0.845549405
1305031459.559647 -1.926979542 0.105095506 -0.111657053 0.095906347 0.289107144 0.438480586 0.845549405
1305031459.559647 -1.926979542 0.105095506 -0.111657053 0.095906347 0.289107144 0.438480586 0.845549405
1305031459.559647 -1.926979542 0.105095506 -0.111657053 0.095906347 0.289107144 0.438480586 0.845549405
1305031459.559647 -1.926979542 0.105095506 -0.111657053 0.095906347 0.289107144 0.438480586 0.845549405
1305031459.559647 -1.926979542 0.105095506 -0.111657053 0.095906347 0.289107144 0.438480586 0.845549405
1305031459.559647 -1.926979542 0.105095506 -0.111657053 0.095906347 0.289107144 0.438480586 0.845549405
1305031459.559647 -1.926979542 0.105095506 -0.111657053 0.095906347 0.289107144 0.438480586 0.845549405
1305031459.559647 -1.926979542 0.105095506 -0.111657053 0.095906347 0.289107144 0.438480586 0.845549405
1305031459.559647 -1.926979542 0.105095506 -0.111657053 0.095906347 0.289107144 0.438480586 0.845549405
1305031459.559647 -1.926979542 0.105095506 -0.111657053 0.095906347 0.289107144 0.438480586 0.845549405
1305031459.559647 -1.926979542 0.105095506 -0.111657053 0.095906347 0.289107144 0.438480586 0.845549405
1305031459.559647 -1.926979542 0.105095506 -0.111657053 0.095906347 0.289107144 0.438480586 0.845549405
1305031459.559647 -1.926979542 0.105095506 -0.111657053 0.095906347 0.289107144 0.438480586 0.845549405
1305031459.559647 -1.926979542 0.105095506 -0.111657053 0.095906347 0.289107144 0.438480586 0.845549405
1305031459.559647 -1.926979542 0.105095506 -0.111657053 0.095906347 0.289107144 0.438480586 0.845549405
1305031459.559647 -1.926979542 0.105095506 -0.111657053 0.095906347 0.289107144 0.438480586 0.845549405
1305031459.559647 -1.926979542 0.105095506 -0.111657053 0.095906347 0.289107144 0.438480586 0.845549405
1305031459.559647 -1.926979542 0.105095506 -0.111657053 0.095906347 0.289107144 0.438480586 0.845549405
1305031459.559647 -1.926979542 0.105095506 -0.111657053 0.095906347 0.289107144 0.438480586 0.845549405
1305031459.559647 -1.926979542 0.105095506 -0.111657053 0.095906347 0.289107144 0.438480586 0.845549405
1305031459.559647 -1.926979542 0.105095506 -0.111657053 0.095906347 0.289107144 0.438480586 0.845549405
1305031459.559647 -1.926979542 0.105095506 -0.111657053 0.095906347 0.289107144 0.438480586 0.845549405
1305031459.559647 -1.926979542 0.105095506 -0.111657053 0.095906347 0.289107144 0.438480586 0.845549405
1305031459.559647 -1.926979542 0.105095506 -0.111657053 0.095906347 0.289107144 0.438480586 0.845549405
1305031459.559647 -1.926979542 0.105095506 -0.111657053 0.095906347 0.289107144 0.438480586 0.845549405
1305031459.559647 -1.926979542 0.105095506 -0.111657053 0.095906347 0.289107144 0.438480586 0.845549405
1305031459.559647 -1.926979542 0.105095506 -0.111657053 0.095906347 0.289107144 0.438480586 0.845549405
1305031459.559647 -1.926979542 0.105095506 -0.111657053 0.095906347 0.289107144 0.438480586 0.845549405
1305031459.559647 -1.926979542 0.105095506 -0.111657053 0.095906347 0.289107144 0.438480586 0.845549405
1305031459.559647 -1.926979542 0.105095506 -0.111657053 0.095906347 0.289107144 0.438480586 0.845549405
1305031459.559647 -1.926979542 0.105095506 -0.111657053 0.095906347 0.289107144 0.438480586 0.845549405
1305031459.559647 -1.926979542 0.105095506 -0.111657053 0.095906347 0.289107144 0.438480586 0.845549405
1305031459.559647 -1.926979542 0.105095506 -0.111657053 0.095906347 0.289107144 0.438480586 0.845549405
1305031459.559647 -1.926979542 0.105095506 -0.111657053 0.095906347 0.289107144 0.438480586 0.845549405
1305031459.559647 -1.926979542 0.105095506 -0.111657053 0.095906347 0.289107144 0.438480586 0.845549405
1305031459.559647 -1.926979542 0.105095506 -0.111657053 0.095906347 0.289107144 0.438480586 0.845549405
1305031459.559647 -1.926979542 0.105095506 -0.111657053 0.095906347 0.289107144 0.438480586 0.845549405
1305031459.559647 -1.926979542 0.105095506 -0.111657053 0.095906347 0.289107144 0.438480586 0.845549405
1305031459.559647 -1.926979542 0.105095506 -0.111657053 0.095906347 0.289107144 0.438480586 0.845549405
1305031459.559647 -1.926979542 0.105095506 -0.111657053 0.095906347 0.289107144 0.438480586 0.845549405
1305031459.559647 -1.926979542 0.105095506 -0.111657053 0.095906347 0.289107144 0.438480586 0.845549405
1305031459.559647 -1.926979542 0.105095506 -0.111657053 0.095906347 0.289107144 0.438480586 0.845549405
1305031459.559647 -1.926979542 0.105095506 -0.111657053 0.095906347 0.289107144 0.438480586 0.845549405
1305031459.559647 -1.926979542 0.105095506 -0.111657053 0.095906347 0.289107144 0.438480586 0.845549405
1305031459.559647 -1.926979542 0.105095506 -0.111657053 0.095906347 0.289107144 0.438480586 0.845549405
1305031459.559647 -1.926979542 0.105095506 -0.111657053 0.095906347 0.289107144 0.438480586 0.845549405
1305031459.559647 -1.926979542 0.105095506 -0.111657053 0.095906347 0.289107144 0.438480586 0.845549405
1305031459.559647 -1.926979542 0.105095506 -0.111657053 0.095906347 0.289107144 0.438480586 0.845549405
1305031459.559647 -1.926979542 0.105095506 -0.111657053 0.095906347 0.289107144 0.438480586 0.845549405
1305031459.559647 -1.926979542 0.105095506 -0.111657053 0.095906347 0.289107144 0.438480586 0.845549405
1305031459.559647 -1.926979542 0.105095506 -0.111657053 0.095906347 0.289107144 0.438480586 0.845549405
1305031459.559647 -1.926979542 0.105095506 -0.111657053 0.095906347 0.289107144 0.438480586 0.845549405
1305031459.559647 -1.926979542 0.105095506 -0.111657053 0.095906347 0.289107144 0.438480586 0.845549405
1305031459.559647 -1.926979542 0.105095506 -0.111657053 0.095906347 0.289107144 0.438480586 0.845549405
1305031459.559647 -1.926979542 0.105095506 -0.111657053 0.095906347 0.289107144 0.438480586 0.845549405
1305031459.559647 -1.926979542 0.105095506 -0.111657053 0.095906347 0.289107144 0.438480586 0.845549405
1305031459.559647 -1.926979542 0.105095506 -0.111657053 0.095906347 0.289107144 0.438480586 0.845549405
1305031459.559647 -1.926979542 0.105095506 -0.111657053 0.095906347 0.289107144 0.438480586 0.845549405
1305031459.559647 -1.926979542 0.105095506 -0.111657053 0.095906347 0.289107144 0.438480586 0.845549405
1305031459.559647 -1.926979542 0.105095506 -0.111657053 0.095906347 0.289107144 0.438480586 0.845549405
1305031459.559647 -1.926979542 0.105095506 -0.111657053 0.095906347 0.289107144 0.438480586 0.845549405
1305031459.559647 -1.926979542 0.105095506 -0.111657053 0.095906347 0.289107144 0.438480586 0.845549405
1305031459.559647 -1.926979542 0.105095506 -0.111657053 0.095906347 0.289107144 0.438480586 0.845549405
1305031459.559647 -1.926979542 0.105095506 -0.111657053 0.095906347 0.289107144 0.438480586 0.845549405
1305031459.559647 -1.926979542 0.105095506 -0.111657053 0.095906347 0.289107144 0.438480586 0.845549405
1305031459.559647 -1.926979542 0.105095506 -0.111657053 0.095906347 0.289107144 0.438480586 0.845549405
1305031459.559647 -1.926979542 0.105095506 -0.111657053 0.095906347 0.289107144 0.438480586 0.845549405
1305031459.559647 -1.926979542 0.105095506 -0.111657053 0.095906347 0.289107144 0.438480586 0.845549405
1305031459.559647 -1.926979542 0.105095506 -0.111657053 0.095906347 0.289107144 0.438480586 0.845549405
1305031459.559647 -1.926979542 0.105095506 -0.111657053 0.095906347 0.289107144 0.438480586 0.845549405
1305031459.559647 -1.926979542 0.105095506 -0.111657053 0.095906347 0.289107144 0.438480586 0.845549405
1305031459.559647 -1.926979542 0.105095506 -0.111657053 0.095906347 0.289107144 0.438480586 0.845549405
1305031459.559647 -1.926979542 0.105095506 -0.111657053 0.095906347 0.289107144 0.438480586 0.845549405
1305031459.559647 -1.926979542 0.105095506 -0.111657053 0.095906347 0.289107144 0.438480586 0.845549405
1305031459.559647 -1.926979542 0.105095506 -0.111657053 0.095906347 0.289107144 0.438480586 0.845549405
1305031459.559647 -1.926979542 0.105095506 -0.111657053 0.095906347 0.289107144 0.438480586 0.845549405
1305031459.559647 -1.926979542 0.105095506 -0.111657053 0.095906347 0.289107144 0.438480586 0.845549405
1305031459.559647 -1.926979542 0.105095506 -0.111657053 0.095906347 0.289107144 0.438480586 0.845549405
1305031459.559647 -1.926979542 0.105095506 -0.111657053 0.095906347 0.289107144 0.438480586 0.845549405
1305031459.559647 -1.926979542 0.105095506 -0.111657053 0.095906347 0.289107144 0.438480586 0.845549405
1305031459.559647 -1.926979542 0.105095506 -0.111657053 0.095906347 0.289107144 0.438480586 0.845549405
1305031462.591862 -2.060756445 -0.172707438 0.509857118 -0.094132014 0.441176325 0.541454852 0.709457040
1305031462.627851 -2.069651842 -0.168348074 0.505526364 -0.097386077 0.438177228 0.533404529 0.716935396
1305031462.659660 -2.077758551 -0.160948277 0.500387013 -0.098667160 0.436548918 0.523081064 0.725310981
1305031462.692548 -2.087593555 -0.157818794 0.497251987 -0.098226346 0.435719967 0.514119446 0.732243776
1305031462.727652 -2.098988533 -0.152496338 0.493797898 -0.098855250 0.431315064 0.504039109 0.741714001
1305031462.759782 -2.110248089 -0.142326832 0.485193491 -0.098785646 0.423799217 0.493386418 0.753130496
1305031462.791943 -2.119522572 -0.132274151 0.473626852 -0.098240159 0.416644901 0.486678123 0.761511922
1305031462.827816 -2.132122517 -0.122194886 0.462476492 -0.097867899 0.410509497 0.481507003 0.768150270
1305031462.859782 -2.140392780 -0.108558416 0.451541305 -0.100614034 0.405198932 0.475255370 0.774482369
1305031462.891847 -2.148255348 -0.096225023 0.437698126 -0.100475028 0.403805166 0.470993072 0.777824998
1305031462.927607 -2.151313782 -0.088659763 0.423362374 -0.101189375 0.401458085 0.470313847 0.779356837
1305031462.959676 -2.154145241 -0.075213671 0.408166707 -0.096881106 0.396565586 0.468423992 0.783536077
1305031462.995550 -2.157085180 -0.067824244 0.394339085 -0.093705095 0.393343419 0.463674784 0.788356543
1305031463.027667 -2.157960415 -0.060395539 0.378912210 -0.088287465 0.389754832 0.457946420 0.794091642
1305031463.059810 -2.166106462 -0.053327978 0.364460289 -0.083698742 0.385592282 0.450076818 0.801089287
1305031463.095809 -2.169088364 -0.036092758 0.350290298 -0.080580629 0.380338311 0.439217538 0.809899747
1305031463.127550 -2.169666529 -0.031767786 0.334787607 -0.078749515 0.378606915 0.431455255 0.815047085
1305031463.159787 -2.174681425 -0.023350418 0.320233524 -0.075118661 0.377654850 0.420957774 0.821296871
1305031463.195657 -2.179746389 -0.009598553 0.304473639 -0.073812835 0.374984652 0.412713289 0.826804638
1305031463.227784 -2.174986124 -0.000323415 0.291127920 -0.074732415 0.371302724 0.408786267 0.830327213
1305031463.260034 -2.174274445 0.009060383 0.277497530 -0.068091542 0.371827513 0.403989822 0.833006740
1305031463.295737 -2.173967123 0.017169654 0.262160659 -0.066706218 0.369739324 0.399128586 0.836384833
1305031463.327739 -2.169593811 0.024907947 0.250368893 -0.066656873 0.365187734 0.397243291 0.839281023
1305031463.359750 -2.162981510 0.034247577 0.237377107 -0.060476817 0.360547245 0.393985599 0.843281507
1305031463.395630 -2.163372040 0.045736909 0.225478470 -0.056076203 0.357351691 0.388227075 0.847605467
1305031463.427716 -2.157308102 0.057658792 0.214017987 -0.055675145 0.353727221 0.384137750 0.851008594
1305031463.459756 -2.148617268 0.070076287 0.192224085 -0.053826243 0.347838730 0.384021312 0.853603303
1305031463.495629 -2.140185833 0.081793249 0.176070154 -0.054519944 0.346555740 0.383192480 0.854453266
1305031463.527670 -2.128596783 0.090577960 0.162163138 -0.055312242 0.349255890 0.380554080 0.854481995
1305031463.559751 -2.126381159 0.097295940 0.151177466 -0.052227266 0.353758097 0.380128801 0.853012145
1305031463.595600 -2.121255636 0.105607271 0.140175223 -0.051724192 0.352501690 0.379781842 0.853717148
1305031463.627588 -2.104667902 0.107695878 0.118100822 -0.052930519 0.346329093 0.380259603 0.855953991
1305031463.659766 -2.095854998 0.120459497 0.103985250 -0.042163234 0.348651767 0.375405312 0.857750058
1305031463.695640 -2.095350504 0.130625904 0.089250863 -0.036758389 0.349932164 0.370276242 0.859704554
1305031463.727588 -2.075792551 0.131637871 0.062917650 -0.040486120 0.343360662 0.369999409 0.862302065
1305031463.759674 -2.058218479 0.129170597 0.038753629 -0.039075129 0.343880326 0.365529239 0.864064693
1305031463.795647 -2.054385900 0.135442615 0.024053514 -0.033734396 0.348460883 0.353828192 0.867319226
1305031463.827761 -2.042143822 0.133739769 0.001138449 -0.036982149 0.347745240 0.343803674 0.871495664
1305031463.859910 -2.026987553 0.128706038 -0.024125218 -0.038458537 0.347273082 0.335596561 0.874812782
1305031463.895648 -2.021848202 0.132087290 -0.040068567 -0.034430012 0.350196868 0.325736851 0.877537668
1305031463.927664 -2.013497591 0.124563754 -0.061424613 -0.036561526 0.348407239 0.320943683 0.879926562
1305031463.959680 -2.000992537 0.118941098 -0.081218779 -0.036571678 0.343586683 0.315675408 0.883719325
1305031463.995821 -1.994390488 0.114028156 -0.101042449 -0.033938840 0.341397107 0.308187515 0.887308657
1305031464.027703 -1.989153862 0.114913970 -0.120592356 -0.031969000 0.338449240 0.299799234 0.891375661
1305031464.059652 -1.976945758 0.110367119 -0.138574243 -0.032842096 0.336474568 0.291466296 0.894848466
1305031464.095634 -1.973748684 0.102118999 -0.159960926 -0.031322222 0.339196563 0.281063080 0.897200167
1305031464.127681 -1.971049428 0.096755475 -0.174524486 -0.029240843 0.338711172 0.276338011 0.898919940
1305031464.159817 -1.967714548 0.085195273 -0.188024163 -0.025155909 0.335985899 0.274503917 0.900626600
1305031464.195585 -1.964597940 0.074293911 -0.203661531 -0.016655471 0.330354929 0.269708544 0.904348135
1305031464.227624 -1.974170446 0.077825338 -0.211590737 -0.003365373 0.325259954 0.261759937 0.908667386
1305031464.259644 -1.974164605 0.077787519 -0.227060199 0.004975501 0.311329097 0.260738552 0.913818836
1305031464.295667 -1.969428301 0.075521767 -0.243547648 0.007955126 0.294954002 0.256023645 0.920538366
1305031464.327866 -1.953169465 0.076723248 -0.266246676 0.010642857 0.277336687 0.250523746 0.927474558
1305031464.359684 -1.939564705 0.071834892 -0.284344971 0.013532868 0.266571313 0.245357767 0.931963623
1305031464.395611 -1.924736261 0.078453630 -0.306069911 0.019370949 0.258606642 0.237326771 0.936174929
1305031464.427634 -1.915278196 0.083291963 -0.321208864 0.020924624 0.256930560 0.227061048 0.939144373
1305031464.459689 -1.907529712 0.077735141 -0.338332593 0.021190789 0.254923016 0.218191534 0.941784322
1305031464.495633 -1.894389868 0.078813285 -0.360464782 0.022758992 0.250692964 0.211631700 0.944376647
1305031464.527574 -1.889162064 0.078131497 -0.380894423 0.023092661 0.250955433 0.204651117 0.945836127
1305031464.559703 -1.878554106 0.077813551 -0.398459613 0.019658001 0.248223498 0.192969933 0.949084461
1305031464.595698 -1.848054886 0.061577037 -0.430190176 0.016757146 0.245561033 0.184757888 0.951463878
1305031464.627672 -1.832086563 0.046506435 -0.464692771 0.020782683 0.254421264 0.176837862 0.950561047
1305031464.659749 -1.830193520 0.050082579 -0.480474472 0.029065413 0.268200785 0.160521820 0.949450552
1305031464.695663 -1.817223549 0.032926872 -0.493566275 0.036044180 0.279101461 0.143518761 0.948791623
1305031464.727652 -1.818912387 0.027387559 -0.499143988 0.050921589 0.288255185 0.123291485 0.948216856
1305031464.759740 -1.821311235 0.035284922 -0.504927993 0.062261555 0.289516181 0.102486320 0.949631810
1305031464.796021 -1.812718391 0.018333115 -0.511896133 0.063614547 0.284334391 0.085057043 0.952823460
1305031464.827759 -1.812719464 0.021446586 -0.504654646 0.074594505 0.274160147 0.068683401 0.956323445
1305031464.859654 -1.800285578 0.022871152 -0.519590855 0.079570532 0.255031377 0.053735353 0.962153852
1305031464.895817 -1.789061308 0.030002810 -0.523766279 0.077266768 0.238592371 0.028960081 0.967607856
1305031464.927799 -1.772667170 0.016002133 -0.524031997 0.071110159 0.226323500 0.010233417 0.971399128
1305031464.959763 -1.749458909 0.005147800 -0.526774704 0.071233101 0.218706891 -0.007181704 0.973160625
1305031464.995687 -1.727216005 0.006518077 -0.530991077 0.075495496 0.214629441 -0.026777804 0.973405182
1305031465.027823 -1.716634393 0.006408192 -0.514353216 0.076092586 0.215325251 -0.049136300 0.972332537
1305031465.059749 -1.712345719 0.025689904 -0.495973259 0.083120994 0.210999757 -0.068592720 0.971527159
1305031465.095700 -1.688543558 0.079645909 -0.485606611 0.087292790 0.195946157 -0.081634864 0.973304152
1305031465.127664 -1.661326528 0.080902755 -0.485366255 0.066210963 0.178088844 -0.094932854 0.977183819
1305031465.159842 -1.649736166 0.085960537 -0.470518440 0.048624970 0.167148456 -0.103371352 0.979291260
1305031465.195564 -1.633102179 0.085889272 -0.461809665 0.034205068 0.155411303 -0.111087799 0.980987728
1305031465.227907 -1.607786536 0.105585456 -0.448587894 0.026102941 0.143888146 -0.113861926 0.982675076
1305031465.259807 -1.591869593 0.102484427 -0.436684102 0.012308242 0.134130254 -0.113951407 0.984313309
1305031465.295623 -1.572373152 0.118170328 -0.429230601 0.011525763 0.124158449 -0.102880865 0.986847222
1305031465.327674 -1.550597787 0.133658022 -0.416708231 0.007174830 0.109900199 -0.088352114 0.989982009
1305031465.359948 -1.534463882 0.137462422 -0.408821613 0.003862500 0.094396800 -0.077475913 0.992507815
1305031465.395586 -1.500529051 0.144836158 -0.408191770 0.006648235 0.072154567 -0.065710567 0.995204329
1305031465.427697 -1.462044001 0.158210009 -0.411404550 0.012154987 0.052335974 -0.053916831 0.997098863
1305031465.460125 -1.439156890 0.176078066 -0.411441356 0.017707016 0.040065102 -0.042211439 0.998148024
1305031465.495703 -1.424444079 0.195321515 -0.414033532 0.018973626 0.030858301 -0.031613108 0.998843551
1305031465.527622 -1.399279475 0.190008193 -0.421046734 0.013903130 0.018765317 -0.027497245 0.999349058
1305031465.559812 -1.371430516 0.203210622 -0.425288796 0.021632584 0.007319742 -0.021943774 0.999498427
1305031465.595599 -1.343211532 0.221389487 -0.432595551 0.029001977 -0.000291626 -0.013422906 0.999489248
1305031465.627688 -1.329527617 0.238308445 -0.437828243 0.034906372 -0.003539580 -0.005668186 0.999368310
1305031465.660060 -1.304884076 0.253146231 -0.447158754 0.040261254 -0.015894035 0.004928793 0.999050677
1305031465.695668 -1.272061110 0.269272327 -0.451825172 0.046836864 -0.027069541 0.012304323 0.998459935
1305031465.727682 -1.246522188 0.290440172 -0.456118077 0.056417167 -0.032759193 0.022451658 0.997617126
1305031465.759766 -1.223056674 0.315359384 -0.461063564 0.066050507 -0.039097268 0.030891923 0.996571362
1305031465.795937 -1.196433663 0.332306176 -0.466358244 0.071066253 -0.044359654 0.037887603 0.995764256
1305031465.827996 -1.169537067 0.346971452 -0.467061400 0.079616137 -0.050236445 0.043986697 0.994586766
1305031465.859861 -1.143943071 0.379123807 -0.470473588 0.093861923 -0.054511797 0.048544340 0.992905855
1305031465.895494 -1.116732478 0.404950142 -0.475478888 0.097698577 -0.052296009 0.052012321 0.992479146
1305031465.927495 -1.093067884 0.419567078 -0.475240439 0.103167348 -0.046725277 0.053729869 0.992112100
1305031465.959710 -1.076632500 0.442196250 -0.482254446 0.114567429 -0.037790008 0.051932842 0.991337121
1305031465.995753 -1.062627077 0.467540592 -0.491357297 0.122420557 -0.030403780 0.049319979 0.990785718
1305031466.027644 -1.047527909 0.492089093 -0.492592186 0.129027233 -0.028757922 0.049023397 0.990010977
1305031466.059757 -1.029795527 0.523067832 -0.492369473 0.130404502 -0.030223452 0.049873181 0.989744365
1305031466.095840 -1.014942765 0.547188163 -0.496879697 0.127734870 -0.033532724 0.050989874 0.989929020
1305031466.127640 -0.998308301 0.566933036 -0.501420140 0.123197943 -0.039810378 0.049853567 0.990329266
1305031466.160428 -0.987499416 0.586102188 -0.511485040 0.118932180 -0.045232259 0.051630616 0.990526915
1305031466.195833 -0.975954592 0.606613278 -0.517245889 0.113422342 -0.054268867 0.051271491 0.990737915
1305031466.227951 -0.957351208 0.614926100 -0.531699181 0.100354835 -0.065008283 0.047902148 0.991669416
1305031466.259815 -0.943142712 0.615209997 -0.545419872 0.095115699 -0.066880144 0.040037997 0.992409766
1305031466.295737 -0.917643785 0.626889706 -0.562645495 0.097028613 -0.064892307 0.029231245 0.992733598
1305031466.327702 -0.903052568 0.641130507 -0.576137543 0.097915962 -0.055066660 0.019589568 0.993476987
1305031466.359829 -0.889339089 0.647803247 -0.593133926 0.090647608 -0.046287011 0.013418979 0.994716287
1305031466.395784 -0.875710666 0.647173345 -0.601265132 0.089251637 -0.043384943 0.009573326 0.995017767
1305031466.427819 -0.866101861 0.660669088 -0.614725411 0.096352048 -0.044467162 0.005756586 0.994336903
1305031466.459790 -0.851833701 0.675191402 -0.625657678 0.097123034 -0.049745534 0.002301320 0.994025826
1305031466.495809 -0.828808784 0.683718503 -0.630859017 0.093255050 -0.055641863 0.000210715 0.994086206
1305031466.527538 -0.801791072 0.687677085 -0.633927584 0.090537086 -0.057174634 0.000398426 0.994250417
1305031466.560353 -0.784542441 0.702777088 -0.642166674 0.090177640 -0.053538337 -0.001122704 0.994485021
1305031466.595936 -0.764824390 0.713585854 -0.649805605 0.082251988 -0.054202572 -0.002910394 0.995132267
1305031466.627549 -0.737341166 0.706066430 -0.648357153 0.072735898 -0.055251811 -0.008031944 0.995787263
1305031466.659688 -0.720775425 0.714020133 -0.653724551 0.080320045 -0.050704520 -0.013425216 0.995388150
1305031466.695822 -0.704275072 0.734350324 -0.659329236 0.084338322 -0.051380783 -0.019893058 0.994912744
1305031466.728074 -0.681667387 0.735564888 -0.662209272 0.076440595 -0.055198748 -0.029830541 0.995098054
1305031466.759637 -0.660090089 0.730682790 -0.661824048 0.077065647 -0.055860940 -0.039390858 0.994680345
1305031466.795604 -0.647268891 0.743038654 -0.665295005 0.084779352 -0.056008533 -0.043030515 0.993893325
1305031466.827879 -0.622884333 0.753437936 -0.672358632 0.083522953 -0.062759846 -0.047058634 0.993413627
1305031466.859665 -0.612178326 0.750732780 -0.672840416 0.080508173 -0.067493238 -0.046747811 0.993366957
1305031466.895694 -0.602587759 0.755542040 -0.678622603 0.084197015 -0.076596200 -0.047736052 0.992353380
1305031466.927756 -0.576942325 0.761442661 -0.679464519 0.086127117 -0.095212035 -0.049956210 0.990465164
1305031466.959728 -0.554553688 0.759142160 -0.687038898 0.085582726 -0.106848903 -0.053538568 0.989137352
1305031466.995712 -0.535942674 0.761349201 -0.691326559 0.086634621 -0.112430736 -0.057576809 0.988199770
1305031467.027843 -0.518887877 0.765299976 -0.694223404 0.087596007 -0.116977058 -0.061488036 0.987351298
1305031467.059700 -0.497624964 0.766915977 -0.698270679 0.087505810 -0.121161237 -0.065008752 0.986628890
1305031467.095687 -0.483043253 0.771898389 -0.700152218 0.086463057 -0.122122921 -0.070119679 0.986252189
1305031467.128974 -0.470259279 0.772168517 -0.701714396 0.087044768 -0.124321356 -0.081001677 0.985091984
1305031467.159660 -0.455296606 0.773654580 -0.703282893 0.089096189 -0.127731189 -0.089230016 0.983760476
1305031467.195663 -0.442436457 0.776691616 -0.704247534 0.090668850 -0.132405326 -0.093471840 0.982604206
1305031467.227704 -0.427680075 0.779328883 -0.707184613 0.092062108 -0.139467984 -0.099529885 0.980901182
1305031467.259694 -0.412104726 0.778738499 -0.710729599 0.093312196 -0.145041049 -0.104560025 0.979450405
1305031467.295846 -0.396798015 0.781928599 -0.713097692 0.096071132 -0.150622174 -0.111059405 0.977624297
1305031467.328008 -0.382664859 0.785552442 -0.716667414 0.097762741 -0.156290799 -0.115782581 0.976017416
1305031467.359654 -0.366075963 0.791403949 -0.721862197 0.095856339 -0.163454428 -0.117937446 0.974774301
1305031467.395756 -0.349345982 0.794515610 -0.723931313 0.090805203 -0.171547070 -0.123009510 0.973239303
1305031467.427783 -0.337515473 0.794598937 -0.726306438 0.089330636 -0.176696375 -0.128111750 0.971795201
1305031467.459692 -0.321650863 0.797174275 -0.728982568 0.089608818 -0.184031069 -0.129129216 0.970272422
1305031467.496058 -0.301797628 0.800712585 -0.733869553 0.086083226 -0.192081019 -0.135054693 0.968222499
1305031467.527663 -0.286347032 0.801698267 -0.736432731 0.081971079 -0.195185736 -0.143527210 0.966738522
1305031467.559763 -0.273065150 0.798848867 -0.734656394 0.081862114 -0.196454450 -0.146068111 0.966109931
1305031467.595989 -0.257892221 0.798096716 -0.735648632 0.081228778 -0.198797792 -0.144254267 0.965956569
1305031467.627532 -0.248219579 0.791296840 -0.735996008 0.081339724 -0.203050852 -0.143850222 0.965122521
1305031467.659626 -0.230482414 0.785243273 -0.730750859 0.087601535 -0.210919857 -0.139366895 0.963543296
1305031467.695886 -0.218033701 0.781937122 -0.729844570 0.090454400 -0.214526534 -0.141965613 0.962103009
1305031467.727535 -0.207766205 0.775463045 -0.722244978 0.095524289 -0.216746792 -0.148311600 0.960156083
1305031467.759907 -0.197360352 0.765993059 -0.715293884 0.100708619 -0.219557762 -0.149665445 0.958776593
1305031467.796075 -0.187531948 0.761020005 -0.709636211 0.104771338 -0.222697407 -0.152277544 0.957204521
1305031467.827800 -0.174415916 0.743475676 -0.696587324 0.107162647 -0.227811903 -0.152808547 0.955650330
1305031467.859729 -0.169741288 0.733882666 -0.684251428 0.114260674 -0.232261911 -0.149886057 0.954218626
1305031467.895947 -0.163540512 0.727467060 -0.673721492 0.118888982 -0.239975303 -0.149260268 0.951839626
1305031467.927754 -0.154253334 0.713167846 -0.656546593 0.121033847 -0.249210298 -0.152318642 0.948706567
1305031467.959826 -0.149775892 0.702305198 -0.642932594 0.128084943 -0.253919870 -0.153877035 0.946277380
1305031467.995754 -0.136637151 0.695960283 -0.631311953 0.130607307 -0.258346170 -0.154930919 0.944560945
1305031468.028107 -0.132696703 0.682210088 -0.613866568 0.129123300 -0.259071261 -0.158769161 0.943928838
1305031468.059850 -0.128987163 0.661716878 -0.599818707 0.131809250 -0.261871547 -0.160965621 0.942411661
1305031468.095867 -0.121115267 0.658653557 -0.582773507 0.136066452 -0.266656220 -0.162814483 0.940144598
1305031468.127816 -0.117385492 0.640260220 -0.565510929 0.133460462 -0.269580364 -0.164551780 0.939381421
1305031468.159864 -0.112667933 0.625511885 -0.552811921 0.134964198 -0.271320522 -0.167909384 0.938070536
1305031468.195985 -0.103775442 0.608871043 -0.537138224 0.134049892 -0.273507029 -0.171729103 0.936874390
1305031468.228158 -0.097583324 0.589343190 -0.519914865 0.131483719 -0.274282843 -0.172064632 0.936949730
1305031468.259754 -0.090191543 0.569337726 -0.508108139 0.129470691 -0.273793310 -0.170562878 0.937647581
1305031468.295830 -0.084429987 0.550067961 -0.498004556 0.127444789 -0.271925867 -0.170805693 0.938423991
1305031468.327847 -0.079164505 0.518680692 -0.482826829 0.125147969 -0.271768600 -0.170137718 0.938899934
1305031468.359787 -0.068512559 0.502353609 -0.479287654 0.127351105 -0.270089954 -0.165350825 0.939942718
1305031468.395860 -0.064827666 0.490878284 -0.473504603 0.125346512 -0.268621027 -0.165454790 0.940614522
1305031468.428025 -0.060062379 0.458171099 -0.466809064 0.116347842 -0.269954324 -0.165791959 0.941329360
1305031468.459759 -0.055913702 0.440745950 -0.460243940 0.115364298 -0.270820469 -0.164163545 0.941487014
1305031468.495809 -0.050336704 0.420421898 -0.453499973 0.111162513 -0.270580620 -0.164888784 0.941934586
1305031468.527756 -0.053974032 0.395602763 -0.452697694 0.109082438 -0.267297566 -0.170514658 0.942113519
1305031468.559739 -0.059439138 0.370478034 -0.450918764 0.112966634 -0.266521573 -0.179087833 0.940283120
1305031468.595768 -0.059674792 0.361931711 -0.452291369 0.117000848 -0.266210139 -0.184769496 0.938777506
1305031468.627626 -0.064467385 0.341540992 -0.451351285 0.109633088 -0.266865879 -0.187423661 0.938954532
1305031468.659579 -0.072805025 0.316412956 -0.451635659 0.105358839 -0.269895315 -0.188707009 0.938320756
1305031468.695835 -0.081610709 0.297774822 -0.452030867 0.109324522 -0.274748236 -0.192965508 0.935588539
1305031468.727785 -0.083424777 0.286927968 -0.449193776 0.114533104 -0.281108409 -0.192654580 0.933136880
1305031468.759628 -0.087501206 0.266640335 -0.448945105 0.113582946 -0.285415620 -0.194409385 0.931580305
1305031468.795796 -0.093673423 0.242068857 -0.446835220 0.115064576 -0.287808716 -0.199183956 0.929651618
1305031468.829247 -0.099366955 0.228560209 -0.447516739 0.123266555 -0.288799226 -0.205146879 0.926992536
1305031468.859659 -0.092719756 0.222717702 -0.438570529 0.126835763 -0.290920287 -0.207762465 0.925263643
1305031468.895873 -0.097698644 0.212363914 -0.435963243 0.124842778 -0.285499960 -0.209986150 0.926719964
1305031468.928141 -0.101866290 0.200877681 -0.435608268 0.119935796 -0.279556364 -0.207586303 0.929715872
1305031468.959594 -0.104599565 0.201377317 -0.431610137 0.115157351 -0.274334103 -0.204008192 0.932663023
1305031468.995711 -0.105219454 0.220448807 -0.428522676 0.107442342 -0.270421028 -0.206707537 0.934130967
1305031469.027699 -0.115434371 0.198075637 -0.423192471 0.084134556 -0.266843557 -0.216092169 0.935425103
1305031469.059832 -0.122727990 0.188218772 -0.420933336 0.071553111 -0.264754206 -0.224131063 0.935174227
1305031469.095723 -0.119444624 0.180296317 -0.408640742 0.060234010 -0.265973479 -0.234092623 0.933183074
1305031469.127679 -0.120247975 0.165527642 -0.397955060 0.046522379 -0.260196000 -0.246106669 0.932504833
1305031469.159703 -0.125119954 0.157454103 -0.386512846 0.036496844 -0.251415849 -0.253798068 0.933297753
1305031469.195540 -0.133941293 0.148579106 -0.375122756 0.028007774 -0.241416663 -0.259766132 0.934588194
1305031469.227754 -0.150201380 0.146318525 -0.370965183 0.023144217 -0.231337577 -0.263849944 0.936125278
1305031469.259586 -0.151827142 0.143068075 -0.358921558 0.018193768 -0.229555041 -0.267722368 0.935573816
1305031469.296754 -0.156557202 0.142782122 -0.347832024 0.014300495 -0.224555492 -0.270488411 0.936058998
1305031469.327618 -0.160837591 0.146372363 -0.338136494 0.010208614 -0.221038461 -0.272295803 0.936425567
1305031469.359592 -0.158757836 0.140761167 -0.320583671 0.002246054 -0.218066663 -0.276417941 0.935967505
1305031469.395695 -0.158910409 0.124893412 -0.308311671 -0.003850687 -0.209626868 -0.283724219 0.935704231
1305031469.427651 -0.167446181 0.134711131 -0.299356014 -0.000673280 -0.194986612 -0.289475769 0.937114477
1305031469.459668 -0.173353344 0.138002917 -0.288745284 -0.001054706 -0.184923857 -0.297093391 0.936769783
1305031469.495744 -0.183127612 0.142885715 -0.278167546 -0.002515186 -0.177984565 -0.300068945 0.937162697
1305031469.527622 -0.189202189 0.154280767 -0.264818430 -0.004568479 -0.177263588 -0.300810337 0.937053919
1305031469.559645 -0.187279850 0.162600026 -0.245856971 -0.010596261 -0.180611089 -0.299273074 0.936858118
1305031469.595755 -0.188367888 0.174167886 -0.235523060 -0.016986875 -0.180071458 -0.298861593 0.936999202
1305031469.627752 -0.188861191 0.179036990 -0.222793549 -0.026976978 -0.179103151 -0.300218761 0.936516404
1305031469.659590 -0.196835056 0.187787563 -0.209613815 -0.032686260 -0.173601612 -0.300733954 0.937205017
1305031469.695613 -0.199208945 0.196386054 -0.196662605 -0.037273765 -0.170577124 -0.300168455 0.937770307
1305031469.727679 -0.206219345 0.211245313 -0.183014750 -0.041001316 -0.164482117 -0.297824025 0.939449549
1305031469.759599 -0.211733758 0.222836435 -0.171438009 -0.047323097 -0.160240307 -0.294371128 0.940972507
1305031469.795621 -0.224344820 0.235369205 -0.162840679 -0.055164527 -0.155557722 -0.293321460 0.941658735
1305031469.827526 -0.230219841 0.245788231 -0.153086349 -0.061799929 -0.157315239 -0.291004688 0.941673517
1305031469.859574 -0.237650141 0.262351871 -0.144492984 -0.067744859 -0.158097848 -0.288339347 0.941953421
1305031469.895755 -0.246477336 0.277027816 -0.136524081 -0.072504707 -0.158467948 -0.285718411 0.942335367
1305031469.927854 -0.255065501 0.293454796 -0.127999768 -0.075516351 -0.160386875 -0.282415926 0.942769706
1305031469.959805 -0.263011336 0.310812175 -0.122312807 -0.076162614 -0.163478851 -0.279007584 0.943201303
1305031469.995551 -0.273514748 0.327398717 -0.119566262 -0.077228531 -0.163981363 -0.276206464 0.943851650
1305031470.027694 -0.285269171 0.340433061 -0.115798064 -0.080847323 -0.165742159 -0.276112735 0.943268299
1305031470.059638 -0.296537161 0.356020749 -0.113632277 -0.082137764 -0.165503129 -0.276428163 0.943106413
1305031470.095944 -0.308328629 0.370846421 -0.112637505 -0.083899140 -0.164654776 -0.274115115 0.943774760
1305031470.127633 -0.321103990 0.386866748 -0.113422006 -0.087698445 -0.163484737 -0.271172434 0.944482505
1305031470.159626 -0.331882775 0.402288020 -0.113609701 -0.090148211 -0.164339960 -0.268182486 0.944957078
1305031470.196092 -0.344319403 0.415232599 -0.115485460 -0.092550159 -0.164907530 -0.265083373 0.945500314
1305031470.227618 -0.357688367 0.428648651 -0.119155772 -0.096802771 -0.163540944 -0.262309134 0.946085393
1305031470.259965 -0.369283378 0.438499391 -0.121483468 -0.103049681 -0.163280755 -0.259692669 0.946192324
1305031470.295718 -0.383682787 0.454845220 -0.124455683 -0.107151397 -0.160142049 -0.256051153 0.947264969
1305031470.327644 -0.396252811 0.467469513 -0.126002163 -0.113804743 -0.159490034 -0.252596378 0.947526515
1305031470.359624 -0.408351004 0.479641795 -0.129414082 -0.118865766 -0.160096809 -0.248044208 0.948005319
1305031470.395823 -0.421773672 0.492547512 -0.133161396 -0.121817388 -0.160062313 -0.244875506 0.948460162
1305031470.427641 -0.436359286 0.506260812 -0.134954140 -0.121335179 -0.160218477 -0.244745567 0.948529124
1305031470.459721 -0.449203193 0.514303148 -0.138749748 -0.121513054 -0.161374941 -0.245293334 0.948168695
1305031470.495686 -0.461847961 0.522776365 -0.143213898 -0.120627932 -0.162420243 -0.243598238 0.948540211
1305031470.527689 -0.473282397 0.528852522 -0.146411926 -0.121531583 -0.163640261 -0.244700611 0.947931170
1305031470.559677 -0.484857917 0.536041200 -0.149836123 -0.122915998 -0.162330389 -0.244057328 0.948143780
1305031470.595760 -0.497148693 0.541738749 -0.152014047 -0.125016361 -0.161367565 -0.240659744 0.948901713
1305031470.627729 -0.507881403 0.548469663 -0.154545128 -0.127500981 -0.160216019 -0.236214235 0.949882805
1305031470.659690 -0.518437028 0.554402947 -0.155786276 -0.129482612 -0.159756094 -0.231612891 0.950824738
1305031470.695630 -0.530100405 0.561826646 -0.157105327 -0.131642640 -0.159283996 -0.228105485 0.951455057
1305031470.727654 -0.540130854 0.564732015 -0.157800823 -0.132812440 -0.160057127 -0.227532193 0.951300025
1305031470.759682 -0.551174641 0.563281357 -0.161946595 -0.137485132 -0.154958174 -0.225557894 0.951950371
1305031470.795615 -0.560204506 0.571592748 -0.162158728 -0.137192026 -0.149673000 -0.220183253 0.954094172
1305031470.827831 -0.570546150 0.579132795 -0.161330387 -0.131391138 -0.148049995 -0.214026675 0.956561685
1305031470.859645 -0.579992712 0.580772221 -0.163863480 -0.127183422 -0.148231208 -0.209246233 0.958158612
1305031470.895722 -0.590626597 0.582724750 -0.166990250 -0.124162301 -0.148228347 -0.203441381 0.959803998
1305031470.927684 -0.598723054 0.585291564 -0.167937607 -0.119399399 -0.151647776 -0.200091466 0.960578084
1305031470.959647 -0.611431181 0.582832932 -0.171588853 -0.111833736 -0.153053641 -0.197178319 0.961867213
1305031470.995996 -0.620408058 0.582118928 -0.175505236 -0.105010226 -0.153074652 -0.194843441 0.963108063
1305031471.027644 -0.630408108 0.579385579 -0.179665819 -0.097780794 -0.150177643 -0.193507150 0.964593530
1305031471.059636 -0.638625503 0.575726748 -0.182979837 -0.090672135 -0.148162603 -0.188728690 0.966544390
1305031471.095777 -0.647443771 0.573652983 -0.186759800 -0.084853657 -0.147015721 -0.180558264 0.968805969
1305031471.127663 -0.655892551 0.569891632 -0.190932274 -0.081765763 -0.146756336 -0.173752233 0.970354140
1305031471.159649 -0.662460446 0.567552209 -0.195674837 -0.077781551 -0.145913482 -0.168544784 0.971726298
1305031471.195703 -0.668398023 0.567476869 -0.198423952 -0.075752728 -0.143037260 -0.162466064 0.973348200
1305031471.227569 -0.676703095 0.569003165 -0.200649336 -0.074679062 -0.138425499 -0.157497823 0.974913239
1305031471.259722 -0.683625460 0.567601562 -0.201370105 -0.075659707 -0.136326358 -0.154243708 0.975653470
1305031471.296068 -0.689420164 0.565788805 -0.202030152 -0.075020507 -0.134274915 -0.149898857 0.976664007
1305031471.327642 -0.692222416 0.566321433 -0.203677297 -0.070358388 -0.131103337 -0.147094518 0.977867484
1305031471.359615 -0.695258141 0.565454781 -0.207336888 -0.070251822 -0.123637430 -0.144400612 0.979248166
1305031471.395730 -0.703843415 0.562520266 -0.208055109 -0.070441090 -0.114681698 -0.139373094 0.981051207
1305031471.427704 -0.708763838 0.564427793 -0.211554289 -0.065195143 -0.112202890 -0.131059766 0.982844591
1305031471.459647 -0.713833153 0.563681960 -0.215515673 -0.065512210 -0.111841485 -0.126642644 0.983443618
1305031471.496491 -0.718646765 0.562011719 -0.217799857 -0.067751497 -0.110834360 -0.122398950 0.983943045
1305031471.527624 -0.723064482 0.560351431 -0.220845729 -0.068930686 -0.109789386 -0.118243642 0.984486341
1305031471.559671 -0.726039112 0.559690595 -0.224578306 -0.069903739 -0.107828230 -0.116488665 0.984843612
1305031471.595702 -0.730253875 0.561368167 -0.226824209 -0.068620950 -0.102225520 -0.114081174 0.985812664
1305031471.627621 -0.731742144 0.558187366 -0.230931014 -0.070155963 -0.098057881 -0.112193577 0.986344457
1305031471.659642 -0.734053612 0.558377385 -0.233282954 -0.068332560 -0.093050316 -0.108699486 0.987348378
1305031471.695609 -0.736859262 0.557637453 -0.237978429 -0.067440644 -0.088289298 -0.103767976 0.988376975
1305031471.727501 -0.738513112 0.560161769 -0.241495669 -0.067557693 -0.084397160 -0.099403866 0.989157259
1305031471.759702 -0.738358796 0.559240401 -0.241095081 -0.069506638 -0.080915496 -0.093281984 0.989909112
1305031471.795801 -0.737957954 0.561383128 -0.243941844 -0.068277352 -0.075055130 -0.084867030 0.991212666
1305031471.827639 -0.741651535 0.566989303 -0.245787337 -0.069491431 -0.068442769 -0.078573212 0.992125452
1305031471.859665 -0.744583905 0.565942705 -0.246350512 -0.075251974 -0.064471543 -0.072064668 0.992465317
1305031471.895604 -0.746367931 0.572839677 -0.247540176 -0.075618990 -0.059875995 -0.065325230 0.993191421
1305031471.927651 -0.746800661 0.575944364 -0.247446433 -0.080705024 -0.055823807 -0.061508320 0.993270934
1305031471.959643 -0.750687182 0.571264386 -0.246807441 -0.085994907 -0.048056412 -0.060510825 0.993294537
1305031471.995573 -0.753962338 0.584146202 -0.248206392 -0.079464346 -0.039690960 -0.055640884 0.994491935
1305031472.027638 -0.758843422 0.585185587 -0.248736471 -0.088488378 -0.032898925 -0.052885104 0.994128108
1305031472.059668 -0.763960302 0.583887279 -0.247089714 -0.092421964 -0.027259631 -0.050341867 0.994072855
1305031472.095601 -0.769338548 0.588343859 -0.248115763 -0.090785176 -0.020708553 -0.044816114 0.994646072
1305031472.127594 -0.775709152 0.594622612 -0.249928027 -0.093584456 -0.016639419 -0.041066039 0.994624913
1305031472.159645 -0.778159499 0.589733541 -0.247283369 -0.100357071 -0.016836839 -0.039848257 0.994010687
1305031472.195682 -0.782913923 0.589522183 -0.247479871 -0.097274147 -0.014586787 -0.035286371 0.994524956
1305031472.227626 -0.785198033 0.592944324 -0.248222500 -0.093186639 -0.013873327 -0.032102257 0.995034277
1305031472.263840 -0.789416432 0.583518922 -0.247827888 -0.097386040 -0.010934325 -0.031297535 0.994694352
1305031472.295671 -0.791501880 0.581560493 -0.249058634 -0.091253594 -0.008694964 -0.029063853 0.995365560
1305031472.327678 -0.792986870 0.587111533 -0.250531018 -0.082504123 -0.007457148 -0.026995342 0.996197164
1305031472.363577 -0.792794347 0.590367496 -0.251377404 -0.079930879 -0.008551952 -0.024988553 0.996450543
1305031472.395599 -0.796969771 0.586096406 -0.250307739 -0.082034588 -0.008366263 -0.023854617 0.996308863
1305031472.427686 -0.797873914 0.580686927 -0.250970989 -0.082643293 -0.011347238 -0.023490772 0.996237755
1305031472.463603 -0.797218382 0.578160703 -0.251689106 -0.081325397 -0.012831687 -0.025264572 0.996284723
1305031472.495626 -0.794743061 0.578019142 -0.252173215 -0.080261715 -0.012345237 -0.025770701 0.996364176
1305031472.527625 -0.795464039 0.568388939 -0.251718611 -0.084380776 -0.009908943 -0.024830243 0.996074915
1305031472.563587 -0.796510220 0.564166963 -0.251288831 -0.079916395 -0.009483661 -0.023144091 0.996487796
1305031472.595675 -0.792919695 0.568736911 -0.253425151 -0.071629904 -0.012617840 -0.020526700 0.997140229
1305031472.627701 -0.790569782 0.563682199 -0.252827525 -0.073695533 -0.014437929 -0.018292625 0.997008562
1305031472.663575 -0.790302932 0.557753384 -0.252143234 -0.075120106 -0.014268698 -0.017227253 0.996923625
1305031472.695755 -0.787708759 0.553901136 -0.250505716 -0.073932841 -0.015934132 -0.016081404 0.997006297
1305031472.727628 -0.787760437 0.550144136 -0.250627041 -0.072156586 -0.015669601 -0.016388435 0.997135580
1305031472.763578 -0.785111308 0.547968566 -0.249555171 -0.070045561 -0.016566379 -0.017257936 0.997256935
1305031472.795640 -0.783359408 0.544466197 -0.248230532 -0.068762466 -0.016176313 -0.018907020 0.997322798
1305031472.827627 -0.782464266 0.543752611 -0.246731624 -0.065249443 -0.015467083 -0.018627875 0.997575223
1305031472.863598 -0.782349765 0.541729569 -0.245857492 -0.063709043 -0.015544054 -0.017501598 0.997694016
1305031472.895713 -0.782487929 0.542138875 -0.245349303 -0.062610783 -0.016699212 -0.015003284 0.997785568
1305031472.927685 -0.781237602 0.539224625 -0.243354961 -0.064088121 -0.018144634 -0.013744050 0.997684598
1305031472.963756 -0.781231225 0.538326323 -0.242145702 -0.063917622 -0.017777352 -0.012402431 0.997719824
1305031472.995704 -0.781999052 0.536895990 -0.241464317 -0.065327965 -0.018091243 -0.011204306 0.997636974
1305031473.027638 -0.780969620 0.540411174 -0.240401521 -0.063268393 -0.020158472 -0.010951445 0.997732818
1305031473.063684 -0.779571652 0.537025869 -0.239117295 -0.065750934 -0.021468909 -0.012708503 0.997524202
1305031473.095695 -0.779128730 0.535852194 -0.239019394 -0.065610409 -0.020614449 -0.014772295 0.997523010
1305031473.127744 -0.779977918 0.534859002 -0.238493145 -0.066025615 -0.019120211 -0.016068112 0.997505367
1305031473.167060 -0.780911624 0.533298194 -0.237873018 -0.065812178 -0.019369617 -0.015979858 0.997516036
1305031473.196069 -0.780935705 0.533186138 -0.237987846 -0.064372323 -0.019981489 -0.016523471 0.997589052
