1305031453.359684 0.000000000 0.000000000 0.000000000 -0.000000000 -0.000000000 -0.000000000 1.000000000
1305031453.391690 0.001798540 0.005321052 -0.009396928 -0.000327012 0.006259628 0.012353835 0.999904096
1305031453.423683 0.007850669 0.007934858 -0.016977353 0.001106864 0.009457993 0.021452423 0.999724507
1305031453.459685 0.010163411 0.010929212 -0.027027525 0.004247454 0.016659228 0.030088909 0.999399364
1305031453.491698 0.014019130 0.013940126 -0.037692573 0.007967956 0.022708118 0.040318493 0.998897076
1305031453.523684 0.014973870 0.021030864 -0.050848026 0.015447262 0.027415968 0.049750533 0.998265862
1305031453.559753 0.014151194 0.026491364 -0.064174175 0.022699868 0.030774470 0.056556012 0.997666895
1305031453.591640 0.014007129 0.034474127 -0.079690017 0.030574908 0.033492368 0.060872246 0.997114837
1305031453.627706 0.003801177 0.040340200 -0.093872324 0.037477005 0.037030030 0.064910047 0.996499360
1305031453.659600 -0.006047507 0.047947031 -0.110154063 0.045380410 0.035170205 0.062767722 0.996375442
1305031453.691678 -0.013725221 0.059835281 -0.124410897 0.053459961 0.031055352 0.058085401 0.996395409
1305031453.727652 -0.025517486 0.068041086 -0.137068897 0.057861179 0.027698031 0.053055938 0.996528983
1305031453.759694 -0.038953047 0.072470047 -0.150240228 0.061568320 0.021155387 0.045818333 0.996826231
1305031453.791716 -0.045129001 0.083885305 -0.163651943 0.067164108 0.011338302 0.036988497 0.996991634
1305031453.827773 -0.055687502 0.089088224 -0.176052272 0.069073237 0.004844375 0.030459175 0.997134745
1305031453.859705 -0.087505594 0.102175899 -0.184441790 0.073021732 -0.000643250 0.022241946 0.997082114
1305031453.891710 -0.102912225 0.110633522 -0.194290757 0.073302269 -0.014892118 0.014709101 0.997090161
1305031453.927723 -0.114656746 0.116981983 -0.198397130 0.071225643 -0.033003181 0.010373735 0.996860147
1305031453.959641 -0.115616314 0.119024314 -0.206665277 0.068021901 -0.052004009 0.001337704 0.996326685
1305031453.991624 -0.132104605 0.120424569 -0.211734325 0.065731913 -0.062185023 -0.009651639 0.995850980
1305031454.027662 -0.141406193 0.119594052 -0.221460521 0.066477485 -0.074491881 -0.019985020 0.994802654
1305031454.059654 -0.153029397 0.125052229 -0.224570617 0.068006709 -0.085940205 -0.031280570 0.993484259
1305031454.091651 -0.171928078 0.126791328 -0.228142932 0.067960344 -0.094869606 -0.045812514 0.992110074
1305031454.127701 -0.183124840 0.127305120 -0.232993975 0.070408963 -0.108755812 -0.059548467 0.989782155
1305031454.159672 -0.203411251 0.138577968 -0.231686190 0.073406458 -0.120874383 -0.072794817 0.987269878
1305031454.191658 -0.217942327 0.142075047 -0.233593866 0.071594305 -0.135629103 -0.087003775 0.984331906
1305031454.227671 -0.226434678 0.131915718 -0.239488542 0.069306172 -0.153592691 -0.104892574 0.980103850
1305031454.259627 -0.229279175 0.137559876 -0.236521348 0.075786687 -0.168371066 -0.120683499 0.975368202
1305031454.291639 -0.241914466 0.147081003 -0.238167718 0.076092564 -0.173526868 -0.133598581 0.972753704
1305031454.327699 -0.259249240 0.139171958 -0.241797850 0.073850967 -0.181600064 -0.149361745 0.969153523
1305031454.359636 -0.263222903 0.144992262 -0.238794461 0.081184231 -0.194522336 -0.163773879 0.963715911
1305031454.391677 -0.268773109 0.151953250 -0.242969722 0.083281979 -0.201849535 -0.175515130 0.959955931
1305031454.427465 -0.279342651 0.153505251 -0.245495379 0.083871320 -0.213933751 -0.190479159 0.954419076
1305031454.459913 -0.283117235 0.159287587 -0.244655535 0.087232649 -0.223486856 -0.206871182 0.948498011
1305031454.491617 -0.289019138 0.166168824 -0.245726690 0.089592226 -0.227848127 -0.222511649 0.943688095
1305031454.527700 -0.290646762 0.176054344 -0.246822283 0.090624832 -0.234488755 -0.237746686 0.938231766
1305031454.559575 -0.299672902 0.185287565 -0.250326753 0.088303648 -0.238387898 -0.251017183 0.934004307
1305031454.591635 -0.306566507 0.192077070 -0.251619399 0.086159363 -0.248178586 -0.269260526 0.926543474
1305031454.627580 -0.305516660 0.198898733 -0.254646003 0.084924161 -0.261314064 -0.282124966 0.919188976
1305031454.659528 -0.304039270 0.210999578 -0.255593956 0.080970429 -0.273582518 -0.288728178 0.913910508
1305031454.691884 -0.305395663 0.214702517 -0.254163742 0.073387548 -0.288281798 -0.296170861 0.907629192
1305031454.727659 -0.298280954 0.219303489 -0.250532657 0.069559321 -0.303282082 -0.299663901 0.901877463
1305031454.759732 -0.290213674 0.224904865 -0.254549652 0.063226372 -0.309427232 -0.295400500 0.901662827
1305031454.791641 -0.285117894 0.230316386 -0.253420144 0.058122538 -0.312943757 -0.287986249 0.903189898
1305031454.827570 -0.277240098 0.237929344 -0.251302749 0.053787787 -0.315263480 -0.281341732 0.904744565
1305031454.859620 -0.271613598 0.243406415 -0.247826740 0.047073733 -0.313788742 -0.273112178 0.908146739
1305031454.891764 -0.268219113 0.253192186 -0.248867601 0.044810452 -0.308595121 -0.266356438 0.912039161
1305031454.927567 -0.266166151 0.261633754 -0.252970785 0.041126940 -0.302069694 -0.260407686 0.916106105
1305031454.959648 -0.267471045 0.271362424 -0.257162929 0.037733138 -0.295527816 -0.253603309 0.920285285
1305031454.991937 -0.272019297 0.281163365 -0.264252037 0.035413306 -0.290644795 -0.248017639 0.923449457
1305031455.027799 -0.272188365 0.293579936 -0.266808689 0.035648070 -0.290112883 -0.244112894 0.924647331
1305031455.059636 -0.277184784 0.302241802 -0.270014882 0.035211064 -0.286332935 -0.243221849 0.926076055
1305031455.091700 -0.282002747 0.309518158 -0.275284141 0.036732014 -0.282468230 -0.242372364 0.927425563
1305031455.127695 -0.287596166 0.323535502 -0.280063540 0.039338749 -0.277063340 -0.240678534 0.929388106
1305031455.159720 -0.297318339 0.331959128 -0.286334932 0.037395924 -0.271476328 -0.236651868 0.932147026
1305031455.191655 -0.308331162 0.345164627 -0.291499615 0.035857216 -0.266223103 -0.231236473 0.935077190
1305031455.227581 -0.316194952 0.350209624 -0.294725150 0.034366224 -0.263622791 -0.225222394 0.937335014
1305031455.259631 -0.324378490 0.366071314 -0.298875123 0.033842843 -0.258306175 -0.218446329 0.940432787
1305031455.291831 -0.338482797 0.374641210 -0.301653147 0.026108705 -0.251562357 -0.207898840 0.944887698
1305031455.327766 -0.351016819 0.385916978 -0.308999002 0.021228675 -0.247582346 -0.196784243 0.948434711
1305031455.359630 -0.356974900 0.395171314 -0.310279310 0.013316005 -0.246720955 -0.189714715 0.950242043
1305031455.391665 -0.369117767 0.395129919 -0.313764483 0.001681509 -0.238921463 -0.182717979 0.953691721
1305031455.427642 -0.384428501 0.399628073 -0.322816133 -0.005939572 -0.229922906 -0.172500402 0.957780659
1305031455.459589 -0.400573641 0.398188561 -0.331762373 -0.012405167 -0.224556252 -0.164290249 0.960431874
1305031455.491637 -0.414017558 0.404613584 -0.340102166 -0.016401729 -0.219665244 -0.153248355 0.963324010
1305031455.527610 -0.430905282 0.402739286 -0.350673854 -0.022301566 -0.214532733 -0.140402615 0.966315389
1305031455.559669 -0.453756988 0.407436490 -0.362217218 -0.022771444 -0.211531773 -0.129147261 0.968533337
1305031455.591645 -0.468187690 0.413410723 -0.372579515 -0.024708821 -0.211700335 -0.114628911 0.970274568
1305031455.627617 -0.485426068 0.407022148 -0.379667073 -0.031776730 -0.209170982 -0.102034368 0.972021997
1305031455.659615 -0.505081654 0.403638035 -0.392236173 -0.030020583 -0.204980701 -0.096590139 0.973525643
1305031455.691605 -0.524353445 0.407477885 -0.404540330 -0.024645001 -0.200621322 -0.098478727 0.974395037
1305031455.727628 -0.540880144 0.404324144 -0.416433215 -0.022940021 -0.196081698 -0.103965402 0.974790692
1305031455.759683 -0.556736588 0.403863519 -0.428606808 -0.021041581 -0.189357415 -0.107104853 0.975822508
1305031455.791666 -0.573898375 0.394858420 -0.440409958 -0.021176236 -0.183102906 -0.105921060 0.977141559
1305031455.827590 -0.589748263 0.393571049 -0.455580652 -0.018006476 -0.178808004 -0.105836511 0.978009343
1305031455.859526 -0.605210304 0.390906334 -0.468738735 -0.017647704 -0.175163150 -0.107064269 0.978541613
1305031455.891657 -0.617568195 0.388549685 -0.480432391 -0.017159162 -0.171683922 -0.107372865 0.979132950
1305031455.927955 -0.631089926 0.380931973 -0.490524471 -0.019318951 -0.167209953 -0.108460531 0.979746938
1305031455.959716 -0.641797781 0.382339597 -0.501849234 -0.017330719 -0.163007498 -0.110742584 0.980236828
1305031455.991694 -0.653447390 0.379837453 -0.511621714 -0.019273274 -0.157227322 -0.113622040 0.980815113
1305031456.027770 -0.662683785 0.387541115 -0.520482183 -0.021013631 -0.150587037 -0.117369145 0.981379867
1305031456.059713 -0.680408061 0.378321975 -0.526719749 -0.031910431 -0.142769262 -0.125547513 0.981242359
1305031456.091707 -0.695891976 0.369564176 -0.531853259 -0.038361721 -0.136591330 -0.131924152 0.981054187
1305031456.127645 -0.708506465 0.360519737 -0.536480188 -0.041211959 -0.131625459 -0.132511020 0.981538177
1305031456.159731 -0.717276871 0.349439800 -0.538352013 -0.043723695 -0.126829669 -0.133229837 0.981963575
1305031456.191658 -0.727215409 0.338042557 -0.540642440 -0.040667325 -0.118594132 -0.130474418 0.983492792
1305031456.227678 -0.736843348 0.346475303 -0.545612693 -0.033981930 -0.107625455 -0.127102718 0.985447586
1305031456.291675 -0.761778593 0.325811744 -0.542885482 -0.036329657 -0.084399313 -0.120310165 0.988474786
1305031456.327718 -0.774633646 0.319255620 -0.541634679 -0.032287892 -0.073264666 -0.114778914 0.990159392
1305031456.391619 -0.797259212 0.310919881 -0.535693169 -0.028538551 -0.047999453 -0.105697967 0.992829084
1305031456.427662 -0.820405364 0.324464321 -0.528577387 -0.016518114 -0.033104986 -0.098220222 0.994476736
1305031456.491677 -0.857080758 0.340751767 -0.516538620 -0.018737497 -0.022749210 -0.085189760 0.995928764
1305031456.527641 -0.869266987 0.339893073 -0.505634546 -0.025124414 -0.023581432 -0.078997143 0.996279180
1305031456.591651 -0.889997423 0.343865722 -0.489490151 -0.026314428 -0.018830899 -0.068426192 0.997131288
1305031456.627612 -0.898603380 0.352611601 -0.480259925 -0.038016487 -0.013370933 -0.061428200 0.997297704
1305031456.691612 -0.935068071 0.337517262 -0.455005139 -0.051607329 0.000662251 -0.045971986 0.997608602
1305031456.727693 -0.955273151 0.357637852 -0.447722048 -0.050686378 0.005605622 -0.036303800 0.998038828
1305031456.791649 -0.984383762 0.340528727 -0.426252186 -0.058990855 -0.003350752 -0.021154946 0.998028755
1305031456.827603 -0.989775777 0.363643080 -0.415558070 -0.053655904 -0.007845938 -0.012725431 0.998447597
1305031456.891672 -1.008004546 0.352335304 -0.390955001 -0.067004383 -0.004322421 -0.002052705 0.997741222
1305031456.927690 -1.019374609 0.359384894 -0.383409858 -0.060709912 0.002067287 0.004214265 0.998144448
1305031456.959667 -1.032202363 0.377300739 -0.377778620 -0.057847071 0.008567151 0.010300353 0.998235583
1305031456.991709 -1.045670271 0.372556120 -0.368473560 -0.067903787 0.014518128 0.012388138 0.997509360
1305031457.027648 -1.058784604 0.373443365 -0.362621099 -0.069251113 0.019670716 0.015926953 0.997278154
1305031457.091655 -1.081800461 0.378608048 -0.357821018 -0.080890380 0.030825403 0.025825879 0.995911419
1305031457.127632 -1.092317939 0.368616700 -0.355133772 -0.086775526 0.037090838 0.030480383 0.995070517
1305031457.191735 -1.119960070 0.373692572 -0.362526745 -0.081885688 0.053651202 0.043688767 0.994237244
1305031457.227543 -1.134562016 0.368703872 -0.365619332 -0.086743928 0.061237019 0.050045345 0.993086636
1305031457.291656 -1.163194776 0.359035492 -0.375938833 -0.077793643 0.078704372 0.060364272 0.992023170
1305031457.327548 -1.178217530 0.363822490 -0.385674804 -0.072755545 0.088823527 0.065006576 0.991257370
1305031457.391684 -1.209051847 0.347844630 -0.398887962 -0.070263959 0.112781622 0.078757420 0.987998307
1305031457.427641 -1.233258963 0.347501606 -0.406691849 -0.066102438 0.123750396 0.085778959 0.986386478
1305031457.491705 -1.265817761 0.331467450 -0.421029150 -0.066272691 0.130831450 0.094063804 0.984704614
1305031457.527638 -1.278994560 0.323540390 -0.430550933 -0.063078225 0.134166047 0.096839495 0.984196484
1305031457.559685 -1.291954398 0.318651378 -0.439541280 -0.059341423 0.138856947 0.101006247 0.983359098
1305031457.591678 -1.313028455 0.315400541 -0.446555138 -0.055992894 0.145439059 0.104759246 0.982210755
1305031457.627526 -1.326801181 0.304146409 -0.451870263 -0.056971733 0.147528842 0.107454360 0.981551409
1305031457.659632 -1.348538876 0.310270339 -0.458680034 -0.050086625 0.151986837 0.110588983 0.980898261
1305031457.691570 -1.365146399 0.303666055 -0.462136328 -0.055328358 0.153687149 0.113208145 0.980052531
1305031457.727669 -1.374622464 0.283751398 -0.465785444 -0.060277328 0.154032290 0.113009460 0.979729354
1305031457.759556 -1.387384057 0.272359759 -0.469400853 -0.058549389 0.156557202 0.111412406 0.979616880
1305031457.791567 -1.395236969 0.252696872 -0.474241465 -0.054172885 0.160254687 0.110380016 0.979387581
1305031457.827699 -1.412762642 0.256857395 -0.482112855 -0.041351091 0.169306070 0.110095106 0.978521705
1305031457.859623 -1.424386144 0.243821040 -0.486217737 -0.040997729 0.177109316 0.111136183 0.977036476
1305031457.891593 -1.440907478 0.223646328 -0.484127909 -0.035934325 0.186057031 0.111010320 0.975586057
1305031457.927633 -1.468194366 0.219148934 -0.483015180 -0.022014020 0.194810927 0.112794362 0.974084973
1305031457.991644 -1.495541096 0.203542903 -0.481094986 -0.010704137 0.198400199 0.117439345 0.973000884
1305031458.027845 -1.503327727 0.193703532 -0.477192283 -0.001845193 0.201365501 0.118693426 0.972296536
1305031458.059689 -1.520441294 0.201695830 -0.472493827 0.009069794 0.207289323 0.119422816 0.970920742
1305031458.091690 -1.536690712 0.201764435 -0.464263529 0.009908549 0.212735727 0.121163949 0.969517767
1305031458.127605 -1.552906513 0.190052032 -0.451561749 0.007294366 0.218538418 0.121759288 0.968174815
1305031458.159638 -1.569309950 0.178337604 -0.437018424 0.007687721 0.222639069 0.124000207 0.966952324
1305031458.191646 -1.591208816 0.183498323 -0.422323406 0.010409897 0.225283906 0.127327368 0.965881228
1305031458.227611 -1.606524110 0.178541005 -0.407379717 0.003566588 0.223870218 0.128946543 0.966044664
1305031458.259934 -1.616080046 0.140928447 -0.394380569 -0.006578599 0.221972197 0.126873016 0.966741085
1305031458.291664 -1.638562679 0.141417071 -0.373700857 0.004648470 0.221704185 0.126769289 0.966827393
1305031458.327628 -1.654032826 0.137993664 -0.354332179 0.006738148 0.218818262 0.127801076 0.967336595
1305031458.359590 -1.659369946 0.113879442 -0.336783201 0.009907905 0.214974061 0.128572002 0.968068838
1305031458.391626 -1.669931889 0.119615346 -0.321924508 0.024683837 0.212952539 0.131411850 0.967870295
1305031458.427598 -1.671339989 0.121692255 -0.306979686 0.034418385 0.211817250 0.139598623 0.966675282
1305031458.459637 -1.664443612 0.111494698 -0.292188436 0.044621315 0.215201050 0.146215171 0.964530289
1305031458.491696 -1.664884806 0.102849700 -0.276099950 0.062553219 0.225512236 0.143653274 0.961558759
1305031458.527737 -1.680050373 0.128697395 -0.253133029 0.087904342 0.238103420 0.139036372 0.957208753
1305031458.559628 -1.684297800 0.134198964 -0.234111205 0.096133083 0.247519433 0.136605844 0.954374909
1305031458.591641 -1.692429543 0.136480153 -0.207082286 0.105710953 0.255662829 0.130166039 0.952112675
1305031458.627659 -1.706693292 0.169449002 -0.175143167 0.115573518 0.258751810 0.122686736 0.951124728
1305031458.659623 -1.721705914 0.170933485 -0.145969108 0.109974757 0.258874238 0.123297289 0.951676190
1305031458.691674 -1.724658251 0.170700878 -0.125088841 0.103185140 0.244555518 0.116976656 0.957006752
1305031458.727650 -1.709447861 0.158363283 -0.111811355 0.097750351 0.227944240 0.109920315 0.962498784
1305031458.759945 -1.719660759 0.166808382 -0.095142499 0.104777239 0.216229513 0.097300254 0.965815306
1305031458.791632 -1.708454013 0.182519361 -0.078517728 0.105984457 0.197774187 0.088043384 0.970515907
1305031458.827564 -1.698403001 0.179960206 -0.066965148 0.098756284 0.186827272 0.086942837 0.973541856
1305031458.891665 -1.687166572 0.176622957 -0.054386344 0.104722016 0.180694133 0.075272471 0.975047231
1305031458.927621 -1.696555495 0.185556710 -0.043837368 0.106205948 0.188203320 0.078933209 0.973174870
1305031458.959617 -1.702575088 0.175708905 -0.031888612 0.098241933 0.195416406 0.094214350 0.971228421
1305031458.991647 -1.711992502 0.142011508 -0.021923147 0.092881508 0.201607659 0.099745795 0.969937205
1305031459.027665 -1.736530781 0.138832659 -0.004656158 0.104843102 0.204207480 0.097244650 0.968426943
1305031459.059631 -1.759132862 0.125490144 0.005677264 0.111905791 0.200191021 0.104795977 0.967687249
1305031459.127618 -1.812158346 0.098599046 0.039613470 0.133657902 0.170856535 0.114141233 0.969492316
1305031459.159639 -1.824738026 0.093796968 0.050678831 0.142926291 0.145800248 0.115398027 0.972109914
1305031459.191674 -1.839010835 0.089924447 0.048706859 0.147991672 0.128890485 0.124149665 0.972662628
1305031459.227607 -1.832616568 0.092802674 0.055888571 0.151976407 0.111563265 0.133866757 0.972901106
1305031459.259760 -1.825075626 0.110713318 0.084568888 0.157651573 0.105708711 0.141371623 0.971589327
1305031459.327632 -1.819495916 0.129763395 0.095084295 0.158952966 0.121449098 0.160888970 0.966487885
1305031459.359651 -1.825374126 0.140849948 0.106171563 0.165742889 0.143610150 0.179654092 0.958973348
1305031459.391667 -1.835161090 0.166992813 0.121414781 0.168920755 0.167735785 0.202321455 0.949945509
1305031459.427646 -1.827393651 0.177939385 0.129130602 0.161289245 0.193025798 0.238579303 0.937980175
1305031459.459679 -1.854204655 0.174040973 0.145380288 0.159765005 0.235848412 0.273988128 0.918575644
1305031459.527594 -1.893416882 0.183405697 0.162497878 0.147468239 0.278517663 0.335500032 0.887761652
1305031459.559647 -1.903421640 0.129206777 0.176649541 0.124521658 0.309590131 0.413118482 0.847337902
1305031459.559647 -1.903421640 0.129206777 0.176649541 0.124521658 0.309590131 0.413118482 0.847337902
1305031459.627608 -1.936102033 0.161039233 0.177869916 0.136190653 0.298856646 0.396747202 0.857163131
1305031459.627608 -1.936102033 0.161039233 0.177869916 0.136190653 0.298856646 0.396747202 0.857163131
1305031459.627608 -1.936102033 0.161039233 0.177869916 0.136190653 0.298856646 0.396747202 0.857163131
1305031459.627608 -1.936102033 0.161039233 0.177869916 0.136190653 0.298856646 0.396747202 0.857163131
1305031459.627608 -1.936102033 0.161039233 0.177869916 0.136190653 0.298856646 0.396747202 0.857163131
1305031459.627608 -1.936102033 0.161039233 0.177869916 0.136190653 0.298856646 0.396747202 0.857163131
1305031459.627608 -1.936102033 0.161039233 0.177869916 0.136190653 0.298856646 0.396747202 0.857163131
1305031459.627608 -1.936102033 0.161039233 0.177869916 0.136190653 0.298856646 0.396747202 0.857163131
1305031459.627608 -1.936102033 0.161039233 0.177869916 0.136190653 0.298856646 0.396747202 0.857163131
1305031459.627608 -1.936102033 0.161039233 0.177869916 0.136190653 0.298856646 0.396747202 0.857163131
1305031459.627608 -1.936102033 0.161039233 0.177869916 0.136190653 0.298856646 0.396747202 0.857163131
1305031459.627608 -1.936102033 0.161039233 0.177869916 0.136190653 0.298856646 0.396747202 0.857163131
1305031459.627608 -1.936102033 0.161039233 0.177869916 0.136190653 0.298856646 0.396747202 0.857163131
1305031459.627608 -1.936102033 0.161039233 0.177869916 0.136190653 0.298856646 0.396747202 0.857163131
1305031459.627608 -1.936102033 0.161039233 0.177869916 0.136190653 0.298856646 0.396747202 0.857163131
1305031459.627608 -1.936102033 0.161039233 0.177869916 0.136190653 0.298856646 0.396747202 0.857163131
1305031459.627608 -1.936102033 0.161039233 0.177869916 0.136190653 0.298856646 0.396747202 0.857163131
1305031459.627608 -1.936102033 0.161039233 0.177869916 0.136190653 0.298856646 0.396747202 0.857163131
1305031459.627608 -1.936102033 0.161039233 0.177869916 0.136190653 0.298856646 0.396747202 0.857163131
1305031459.627608 -1.936102033 0.161039233 0.177869916 0.136190653 0.298856646 0.396747202 0.857163131
1305031459.627608 -1.936102033 0.161039233 0.177869916 0.136190653 0.298856646 0.396747202 0.857163131
1305031459.627608 -1.936102033 0.161039233 0.177869916 0.136190653 0.298856646 0.396747202 0.857163131
1305031459.627608 -1.936102033 0.161039233 0.177869916 0.136190653 0.298856646 0.396747202 0.857163131
1305031459.627608 -1.936102033 0.161039233 0.177869916 0.136190653 0.298856646 0.396747202 0.857163131
1305031459.627608 -1.936102033 0.161039233 0.177869916 0.136190653 0.298856646 0.396747202 0.857163131
1305031459.627608 -1.936102033 0.161039233 0.177869916 0.136190653 0.298856646 0.396747202 0.857163131
1305031459.627608 -1.936102033 0.161039233 0.177869916 0.136190653 0.298856646 0.396747202 0.857163131
1305031459.627608 -1.936102033 0.161039233 0.177869916 0.136190653 0.298856646 0.396747202 0.857163131
1305031459.627608 -1.936102033 0.161039233 0.177869916 0.136190653 0.298856646 0.396747202 0.857163131
1305031459.627608 -1.936102033 0.161039233 0.177869916 0.136190653 0.298856646 0.396747202 0.857163131
1305031459.627608 -1.936102033 0.161039233 0.177869916 0.136190653 0.298856646 0.396747202 0.857163131
1305031459.627608 -1.936102033 0.161039233 0.177869916 0.136190653 0.298856646 0.396747202 0.857163131
1305031459.627608 -1.936102033 0.161039233 0.177869916 0.136190653 0.298856646 0.396747202 0.857163131
1305031459.627608 -1.936102033 0.161039233 0.177869916 0.136190653 0.298856646 0.396747202 0.857163131
1305031459.627608 -1.936102033 0.161039233 0.177869916 0.136190653 0.298856646 0.396747202 0.857163131
1305031459.627608 -1.936102033 0.161039233 0.177869916 0.136190653 0.298856646 0.396747202 0.857163131
1305031459.627608 -1.936102033 0.161039233 0.177869916 0.136190653 0.298856646 0.396747202 0.857163131
1305031459.627608 -1.936102033 0.161039233 0.177869916 0.136190653 0.298856646 0.396747202 0.857163131
1305031459.627608 -1.936102033 0.161039233 0.177869916 0.136190653 0.298856646 0.396747202 0.857163131
1305031459.627608 -1.936102033 0.161039233 0.177869916 0.136190653 0.298856646 0.396747202 0.857163131
1305031459.627608 -1.936102033 0.161039233 0.177869916 0.136190653 0.298856646 0.396747202 0.857163131
1305031459.627608 -1.936102033 0.161039233 0.177869916 0.136190653 0.298856646 0.396747202 0.857163131
1305031459.627608 -1.936102033 0.161039233 0.177869916 0.136190653 0.298856646 0.396747202 0.857163131
1305031459.627608 -1.936102033 0.161039233 0.177869916 0.136190653 0.298856646 0.396747202 0.857163131
1305031459.627608 -1.936102033 0.161039233 0.177869916 0.136190653 0.298856646 0.396747202 0.857163131
1305031459.627608 -1.936102033 0.161039233 0.177869916 0.136190653 0.298856646 0.396747202 0.857163131
1305031459.627608 -1.936102033 0.161039233 0.177869916 0.136190653 0.298856646 0.396747202 0.857163131
1305031459.627608 -1.936102033 0.161039233 0.177869916 0.136190653 0.298856646 0.396747202 0.857163131
1305031459.627608 -1.936102033 0.161039233 0.177869916 0.136190653 0.298856646 0.396747202 0.857163131
1305031459.627608 -1.936102033 0.161039233 0.177869916 0.136190653 0.298856646 0.396747202 0.857163131
1305031459.627608 -1.936102033 0.161039233 0.177869916 0.136190653 0.298856646 0.396747202 0.857163131
1305031459.627608 -1.936102033 0.161039233 0.177869916 0.136190653 0.298856646 0.396747202 0.857163131
1305031459.627608 -1.936102033 0.161039233 0.177869916 0.136190653 0.298856646 0.396747202 0.857163131
1305031459.627608 -1.936102033 0.161039233 0.177869916 0.136190653 0.298856646 0.396747202 0.857163131
1305031459.627608 -1.936102033 0.161039233 0.177869916 0.136190653 0.298856646 0.396747202 0.857163131
1305031459.627608 -1.936102033 0.161039233 0.177869916 0.136190653 0.298856646 0.396747202 0.857163131
1305031459.627608 -1.936102033 0.161039233 0.177869916 0.136190653 0.298856646 0.396747202 0.857163131
1305031459.627608 -1.936102033 0.161039233 0.177869916 0.136190653 0.298856646 0.396747202 0.857163131
1305031459.627608 -1.936102033 0.161039233 0.177869916 0.136190653 0.298856646 0.396747202 0.857163131
1305031459.627608 -1.936102033 0.161039233 0.177869916 0.136190653 0.298856646 0.396747202 0.857163131
1305031459.627608 -1.936102033 0.161039233 0.177869916 0.136190653 0.298856646 0.396747202 0.857163131
1305031459.627608 -1.936102033 0.161039233 0.177869916 0.136190653 0.298856646 0.396747202 0.857163131
1305031459.627608 -1.936102033 0.161039233 0.177869916 0.136190653 0.298856646 0.396747202 0.857163131
1305031459.627608 -1.936102033 0.161039233 0.177869916 0.136190653 0.298856646 0.396747202 0.857163131
1305031459.627608 -1.936102033 0.161039233 0.177869916 0.136190653 0.298856646 0.396747202 0.857163131
1305031459.627608 -1.936102033 0.161039233 0.177869916 0.136190653 0.298856646 0.396747202 0.857163131
1305031459.627608 -1.936102033 0.161039233 0.177869916 0.136190653 0.298856646 0.396747202 0.857163131
1305031459.627608 -1.936102033 0.161039233 0.177869916 0.136190653 0.298856646 0.396747202 0.857163131
1305031459.627608 -1.936102033 0.161039233 0.177869916 0.136190653 0.298856646 0.396747202 0.857163131
1305031459.627608 -1.936102033 0.161039233 0.177869916 0.136190653 0.298856646 0.396747202 0.857163131
1305031459.627608 -1.936102033 0.161039233 0.177869916 0.136190653 0.298856646 0.396747202 0.857163131
1305031459.627608 -1.936102033 0.161039233 0.177869916 0.136190653 0.298856646 0.396747202 0.857163131
1305031459.627608 -1.936102033 0.161039233 0.177869916 0.136190653 0.298856646 0.396747202 0.857163131
1305031459.627608 -1.936102033 0.161039233 0.177869916 0.136190653 0.298856646 0.396747202 0.857163131
1305031459.627608 -1.936102033 0.161039233 0.177869916 0.136190653 0.298856646 0.396747202 0.857163131
1305031459.627608 -1.936102033 0.161039233 0.177869916 0.136190653 0.298856646 0.396747202 0.857163131
1305031459.627608 -1.936102033 0.161039233 0.177869916 0.136190653 0.298856646 0.396747202 0.857163131
1305031459.627608 -1.936102033 0.161039233 0.177869916 0.136190653 0.298856646 0.396747202 0.857163131
1305031459.627608 -1.936102033 0.161039233 0.177869916 0.136190653 0.298856646 0.396747202 0.857163131
1305031459.627608 -1.936102033 0.161039233 0.177869916 0.136190653 0.298856646 0.396747202 0.857163131
1305031459.627608 -1.936102033 0.161039233 0.177869916 0.136190653 0.298856646 0.396747202 0.857163131
1305031459.627608 -1.936102033 0.161039233 0.177869916 0.136190653 0.298856646 0.396747202 0.857163131
1305031462.591862 -2.071413279 -0.162324786 0.519590259 -0.089700542 0.441034555 0.540244102 0.711040556
1305031462.627851 -2.080289364 -0.157876015 0.515311241 -0.092956297 0.438081414 0.532162845 0.718503058
1305031462.659660 -2.088356972 -0.150388479 0.510237932 -0.094234921 0.436499476 0.521806240 0.726846814
1305031462.692548 -2.098177910 -0.147168636 0.507149935 -0.093790792 0.435704619 0.512816250 0.733746767
1305031462.727652 -2.109543800 -0.141743898 0.503760219 -0.094423950 0.431344748 0.502689898 0.743188262
1305031462.759782 -2.120753765 -0.131443262 0.495247185 -0.094365284 0.423875868 0.491974086 0.754576683
1305031462.791943 -2.129988670 -0.121257544 0.483765602 -0.093832187 0.416751146 0.485214144 0.762942553
1305031462.827816 -2.141941547 -0.111372948 0.472518086 -0.093667641 0.410380393 0.480371267 0.769452870
1305031462.859782 -2.150625229 -0.098424315 0.462090611 -0.096657619 0.405498803 0.474022985 0.775583804
1305031462.891847 -2.158452749 -0.085972071 0.448334217 -0.096521050 0.404120564 0.469746560 0.778914928
1305031462.927607 -2.161508083 -0.078315377 0.434046626 -0.097239867 0.401779830 0.469057739 0.780450046
1305031462.959676 -2.164112806 -0.064993620 0.418841958 -0.093027622 0.396806657 0.467412174 0.784484684
1305031462.995550 -2.167007446 -0.057611823 0.405088365 -0.089909449 0.393610507 0.462649435 0.789267182
1305031463.027667 -2.167878151 -0.050126195 0.389719248 -0.084495790 0.390031576 0.456932455 0.794951975
1305031463.059810 -2.175790787 -0.043315530 0.375409424 -0.080046363 0.385890305 0.449177355 0.801823616
1305031463.095809 -2.179642439 -0.025325596 0.361345828 -0.076601818 0.380860031 0.437695503 0.810864031
1305031463.127550 -2.180334568 -0.019630492 0.345467329 -0.074320547 0.378879964 0.429524183 0.816355050
1305031463.159787 -2.185048819 -0.010325551 0.330698371 -0.070300505 0.377646923 0.419082701 0.822684824
1305031463.195657 -2.189976454 0.002579153 0.315510809 -0.069471702 0.375231713 0.410897315 0.827972353
1305031463.227784 -2.184391022 0.011106968 0.301889837 -0.070613503 0.371275216 0.407524705 0.831319511
1305031463.260034 -2.183412075 0.020931304 0.288571358 -0.063950777 0.371748984 0.402537942 0.834072113
1305031463.295737 -2.183975220 0.029640079 0.273368895 -0.062397417 0.369991928 0.397197247 0.837524295
1305031463.327739 -2.179286242 0.037385523 0.261759937 -0.062217008 0.365390718 0.395605922 0.840306342
1305031463.359750 -2.173048496 0.045479834 0.247694552 -0.056596827 0.360645860 0.392671019 0.844121337
1305031463.395630 -2.172654629 0.057109654 0.235730767 -0.052267477 0.357233763 0.386866242 0.848520279
1305031463.427716 -2.167130470 0.068315387 0.224722087 -0.052042421 0.353950620 0.383023798 0.851647437
1305031463.459756 -2.158867598 0.082325220 0.206699669 -0.049942955 0.349621087 0.381281585 0.854339063
1305031463.495629 -2.150740623 0.093918383 0.191125333 -0.050701510 0.348599732 0.380356699 0.855123699
1305031463.527670 -2.138190269 0.102275968 0.173475921 -0.051610477 0.349572599 0.378407687 0.855536640
1305031463.559751 -2.136544228 0.108402491 0.162432969 -0.048587557 0.354221135 0.378383994 0.853810430
1305031463.595600 -2.131329775 0.115157962 0.147510231 -0.048797771 0.351574898 0.378673226 0.854763448
1305031463.627588 -2.114181757 0.123450577 0.129494488 -0.047306586 0.346052080 0.377904952 0.857436836
1305031463.659766 -2.107948303 0.127402365 0.114987493 -0.040336359 0.349931359 0.374238908 0.857826471
1305031463.695640 -2.102983475 0.140532792 0.096057892 -0.033949904 0.348052770 0.370200455 0.860615134
1305031463.727588 -2.084360361 0.140614033 0.071813762 -0.038007304 0.342659622 0.369626820 0.862853408
1305031463.759674 -2.063298702 0.136260331 0.045449138 -0.038124029 0.341735154 0.365774870 0.864853978
1305031463.795647 -2.062645912 0.143125355 0.032509625 -0.032319959 0.348409235 0.352634698 0.867879748
1305031463.827761 -2.050626755 0.143136024 0.011250496 -0.034390073 0.347725332 0.343273580 0.871818662
1305031463.859910 -2.033306837 0.138944387 -0.015017271 -0.035890918 0.345952421 0.335350513 0.875539124
1305031463.895648 -2.028189182 0.140107930 -0.031645954 -0.032855239 0.348857701 0.325833827 0.878095269
1305031463.927664 -2.021747589 0.136395574 -0.050875545 -0.032979831 0.347816914 0.320513695 0.880458236
1305031463.959680 -2.010260582 0.131249696 -0.071322918 -0.032755669 0.342945248 0.314951748 0.884376109
1305031463.995821 -2.002669811 0.127432495 -0.090004921 -0.029721187 0.340960383 0.307615697 0.887826145
1305031464.027703 -1.997006655 0.128587306 -0.110349417 -0.027614502 0.337545902 0.299489081 0.891967833
1305031464.059652 -1.984911799 0.121191382 -0.129869998 -0.029715857 0.335761726 0.291223824 0.895304322
1305031464.095634 -1.983132124 0.114535630 -0.149770141 -0.027456585 0.339155078 0.280589700 0.897490680
1305031464.127681 -1.981022954 0.110128194 -0.164111197 -0.024851680 0.338763356 0.275973827 0.899144173
1305031464.159817 -1.980827570 0.093600661 -0.173472226 -0.022960147 0.338304251 0.272874832 0.900312424
1305031464.195585 -1.974974871 0.084725559 -0.194894046 -0.013842404 0.330561906 0.268302172 0.904738188
1305031464.227624 -1.980057716 0.086244315 -0.206744343 -0.001363185 0.323439807 0.262296498 0.909167469
1305031464.259644 -1.983919263 0.087886989 -0.219375253 0.007486898 0.311091959 0.259048492 0.914362967
1305031464.295667 -1.978801608 0.085506737 -0.235409468 0.010554446 0.294767112 0.254767120 0.920920610
1305031464.327866 -1.963310957 0.088381022 -0.257274061 0.013299665 0.277363867 0.248715475 0.927918673
1305031464.359684 -1.949484706 0.084073633 -0.272718132 0.016157042 0.267125577 0.242343292 0.932551682
1305031464.395611 -1.932949066 0.089264184 -0.297889709 0.022070084 0.258264840 0.236187220 0.936497629
1305031464.427634 -1.923990846 0.092657521 -0.314601123 0.023193069 0.256729543 0.226116076 0.939374030
1305031464.459689 -1.916721821 0.087852508 -0.330318213 0.023579808 0.254871726 0.216851965 0.942050815
1305031464.495633 -1.902662039 0.090276971 -0.352080703 0.025557717 0.250396758 0.210530058 0.944629848
1305031464.527574 -1.897070169 0.088745028 -0.372891605 0.025545372 0.250591725 0.203453645 0.946127832
1305031464.559703 -1.886602640 0.088154897 -0.391174555 0.021990761 0.247896552 0.191740528 0.949367881
1305031464.595698 -1.858344436 0.071125999 -0.423859537 0.019033644 0.245900214 0.183267102 0.951621771
1305031464.627672 -1.842349172 0.067691922 -0.443775058 0.026069134 0.256062925 0.173567906 0.950592697
1305031464.659749 -1.839114785 0.067630067 -0.460513085 0.033629443 0.269309103 0.157598570 0.949475884
1305031464.695663 -1.829817057 0.043021828 -0.481476307 0.038556714 0.280463636 0.140539452 0.948737264
1305031464.727652 -1.830125928 0.035862088 -0.492609173 0.052920904 0.288687527 0.122633293 0.948061168
1305031464.759740 -1.832735658 0.049121633 -0.496491969 0.066153571 0.290415049 0.100399293 0.949317038
1305031464.796021 -1.833039045 0.040555879 -0.501353860 0.070014924 0.287216961 0.081337698 0.951834321
1305031464.827759 -1.830606580 0.023319103 -0.509106815 0.075637601 0.275199741 0.065499999 0.956166208
1305031464.859654 -1.819474936 0.047174379 -0.505876660 0.085185289 0.259086460 0.046643466 0.960958958
1305031464.895817 -1.801417589 0.047256805 -0.513489962 0.080669805 0.241324604 0.026442790 0.966724157
1305031464.927799 -1.772759318 0.027870063 -0.521200061 0.073178820 0.226065919 0.010189250 0.971305966
1305031464.959763 -1.749819994 0.019974545 -0.518555164 0.074212417 0.218613341 -0.008735760 0.972946286
1305031464.995687 -1.728291512 0.023044743 -0.522376895 0.078756407 0.214629844 -0.027166896 0.973135889
1305031465.027823 -1.722969174 0.015628267 -0.506207824 0.078257009 0.214716211 -0.051189940 0.972189546
1305031465.059749 -1.715206623 0.040698837 -0.488817036 0.086982809 0.209671900 -0.069956928 0.971379280
1305031465.095700 -1.695440531 0.081799634 -0.481618315 0.087096974 0.195266351 -0.084869631 0.973181546
1305031465.127664 -1.667664766 0.100766696 -0.479276329 0.071090393 0.177645013 -0.098536268 0.976564944
1305031465.159842 -1.652730703 0.099351659 -0.463701457 0.052029569 0.166129649 -0.104968220 0.979119837
1305031465.195564 -1.635074019 0.100289211 -0.453950465 0.038558803 0.155038238 -0.110543668 0.980946720
1305031465.227907 -1.610326648 0.116805464 -0.440710604 0.029141173 0.143589273 -0.114154421 0.982599497
1305031465.259807 -1.592399836 0.108638376 -0.431207329 0.013726281 0.132645652 -0.114705391 0.984408200
1305031465.295623 -1.572852850 0.124582946 -0.422202736 0.012659619 0.122133687 -0.105061635 0.986856222
1305031465.327674 -1.559936047 0.131329685 -0.414047718 0.005540827 0.110046469 -0.092130430 0.989631832
1305031465.359948 -1.549605370 0.143941209 -0.394823372 0.004773676 0.097433046 -0.081351750 0.991900146
1305031465.395586 -1.515125275 0.147889420 -0.399448663 0.006691425 0.074463114 -0.067059942 0.994943917
1305031465.427697 -1.478807569 0.164578527 -0.401275426 0.013340243 0.055788986 -0.056881908 0.996731699
1305031465.460125 -1.456128836 0.181413457 -0.404805094 0.018898372 0.043568086 -0.043279264 0.997933686
1305031465.495703 -1.431904793 0.203514010 -0.405750781 0.020740183 0.031744517 -0.033227120 0.998728275
1305031465.527622 -1.408044934 0.198701203 -0.410057217 0.015648102 0.020399941 -0.029811183 0.999224901
1305031465.559812 -1.377887607 0.213722929 -0.413922191 0.023916714 0.008192594 -0.023567267 0.999402583
1305031465.595599 -1.348599195 0.231141090 -0.420923531 0.031017942 0.000227774 -0.014478905 0.999413908
1305031465.627688 -1.331672549 0.247649431 -0.429427505 0.037100095 -0.004743337 -0.004632502 0.999289632
1305031465.660060 -1.310387969 0.262145281 -0.436890423 0.042341221 -0.015831346 0.004453358 0.998967886
1305031465.695668 -1.277021170 0.280482590 -0.440589547 0.049800135 -0.027558820 0.010650760 0.998322189
1305031465.727682 -1.254838228 0.297997653 -0.446024805 0.057841361 -0.031868834 0.019470114 0.997627079
1305031465.759766 -1.230319738 0.321416467 -0.453042001 0.066815719 -0.038331300 0.028549358 0.996619999
1305031465.795937 -1.201297045 0.338721126 -0.457976580 0.072047651 -0.044438921 0.036011137 0.995759785
1305031465.827996 -1.178778529 0.352810919 -0.457986623 0.080289319 -0.048843998 0.041257419 0.994718909
1305031465.859861 -1.154221535 0.384226292 -0.460544765 0.094256625 -0.052318092 0.045806427 0.993116498
1305031465.895494 -1.124631047 0.411445171 -0.460471302 0.099338546 -0.051975690 0.049415834 0.992465854
1305031465.927495 -1.098863006 0.425102383 -0.458643377 0.104246944 -0.047019824 0.050584529 0.992150664
1305031465.959710 -1.077764630 0.449059695 -0.466795623 0.115544207 -0.039935023 0.051061373 0.991184950
1305031465.995753 -1.064845324 0.475959927 -0.469921619 0.124610953 -0.032584000 0.047904715 0.990512788
1305031466.027644 -1.047346711 0.500624716 -0.474276662 0.131103918 -0.031683374 0.046787627 0.989756942
1305031466.059757 -1.032439351 0.529268384 -0.481019765 0.131650597 -0.031086165 0.047735330 0.989658117
1305031466.095840 -1.023243546 0.548060179 -0.487357467 0.127040982 -0.031922501 0.048124388 0.990215003
1305031466.127640 -1.008954048 0.569594622 -0.492682725 0.123267062 -0.037020132 0.047030617 0.990566969
1305031466.160428 -0.996755362 0.586438715 -0.502219141 0.117823973 -0.042979509 0.050118465 0.990837276
1305031466.195833 -0.985974967 0.604037344 -0.511541009 0.110849060 -0.051808983 0.050828524 0.991183519
1305031466.227951 -0.968830764 0.618052304 -0.521041632 0.100696534 -0.062068097 0.045720730 0.991926134
1305031466.259815 -0.944571137 0.619397819 -0.531230867 0.095638782 -0.067992166 0.038294442 0.992352664
1305031466.295737 -0.922954977 0.630817473 -0.550067604 0.097332232 -0.064749800 0.027603522 0.992759824
1305031466.327702 -0.910175860 0.644014478 -0.564753413 0.097982191 -0.054351497 0.018628234 0.993528247
1305031466.359829 -0.895686507 0.653114021 -0.579000473 0.091848850 -0.045975495 0.012098117 0.994637549
1305031466.395784 -0.882462204 0.649687231 -0.587245047 0.089467414 -0.042755011 0.008642173 0.995034099
1305031466.427819 -0.871961176 0.664336205 -0.600966752 0.097202443 -0.043630578 0.003183542 0.994302750
1305031466.459790 -0.856875837 0.681012154 -0.610102952 0.098499358 -0.049479023 0.000182216 0.993906319
1305031466.495809 -0.833219171 0.688479006 -0.618402719 0.094090298 -0.055660985 -0.001399170 0.994005501
1305031466.527538 -0.808969200 0.691840291 -0.622967422 0.091338873 -0.056041315 -0.001886030 0.994239926
1305031466.560353 -0.789811194 0.706445217 -0.630722463 0.090432234 -0.052997701 -0.003039383 0.994486809
1305031466.595936 -0.772290468 0.717611432 -0.635636210 0.083141819 -0.053126577 -0.005308645 0.995106459
1305031466.627549 -0.744214237 0.712758899 -0.637126327 0.074596457 -0.053754985 -0.009519400 0.995718420
1305031466.659688 -0.726106584 0.720285773 -0.641785324 0.081961922 -0.050121810 -0.015453394 0.995254338
1305031466.695822 -0.709161043 0.740245283 -0.647255242 0.085774690 -0.050844960 -0.021946156 0.994774282
1305031466.728074 -0.685542822 0.740314782 -0.650512934 0.077501029 -0.055286344 -0.031459842 0.994960964
1305031466.759637 -0.663306177 0.737327337 -0.650540948 0.078954928 -0.055971898 -0.040722914 0.994472146
1305031466.795604 -0.649414003 0.749295473 -0.653638363 0.086551107 -0.056463528 -0.045150146 0.993620813
1305031466.827879 -0.630079746 0.758488536 -0.659098446 0.084880643 -0.061875571 -0.048914563 0.993264377
1305031466.859665 -0.617864251 0.751190603 -0.666575134 0.079585537 -0.066557549 -0.049049750 0.993393421
1305031466.895694 -0.604933798 0.759022355 -0.668599486 0.084951527 -0.077001512 -0.050361432 0.992127895
1305031466.927756 -0.585357249 0.764242709 -0.673667848 0.086302623 -0.092663810 -0.053955063 0.990481794
1305031466.959728 -0.560951054 0.762042344 -0.678791881 0.085762963 -0.105477847 -0.055783805 0.989144802
1305031466.995712 -0.541050613 0.765915275 -0.680236757 0.087520652 -0.112245314 -0.058754388 0.988073468
1305031467.027843 -0.526702821 0.766297281 -0.683285475 0.087192655 -0.115115903 -0.064877793 0.987388849
1305031467.059700 -0.504154086 0.771389008 -0.682311952 0.088906139 -0.120501585 -0.067915820 0.986388683
1305031467.095687 -0.488436401 0.774521947 -0.688730955 0.086859994 -0.121459618 -0.071893811 0.986171484
1305031467.128974 -0.474766910 0.774030983 -0.690420389 0.087231025 -0.124013312 -0.082684770 0.984974504
1305031467.159660 -0.460714728 0.777135432 -0.692145944 0.089645252 -0.126817048 -0.090423495 0.983719826
1305031467.195663 -0.448234349 0.779186785 -0.694722891 0.090889648 -0.131225213 -0.094714671 0.982623160
1305031467.227704 -0.433719128 0.782202125 -0.695920110 0.092403732 -0.138309658 -0.100939073 0.980889022
1305031467.259694 -0.419384003 0.783439338 -0.697977304 0.094278380 -0.143966466 -0.105506934 0.979414940
1305031467.295846 -0.403946608 0.786042511 -0.699615777 0.097011507 -0.149776801 -0.112355277 0.977513134
1305031467.328008 -0.388041615 0.789548635 -0.702512205 0.098783270 -0.155978158 -0.117435090 0.975767255
1305031467.359654 -0.371068686 0.793759704 -0.710455954 0.095861569 -0.162877783 -0.118862942 0.974757910
1305031467.395756 -0.355024755 0.795261264 -0.713082433 0.090545282 -0.170862138 -0.124959074 0.973135650
1305031467.427783 -0.339953184 0.795740664 -0.715269387 0.089154065 -0.176816255 -0.129833579 0.971561015
1305031467.459692 -0.326120287 0.798436701 -0.720195651 0.089414611 -0.183251426 -0.130904004 0.970200062
1305031467.496058 -0.307650656 0.803469419 -0.725521386 0.086183071 -0.190975636 -0.136101097 0.968285739
1305031467.527663 -0.291123688 0.803366005 -0.726838589 0.081675887 -0.194727659 -0.144734100 0.966675937
1305031467.559763 -0.276482224 0.798918426 -0.725188255 0.080875412 -0.196358070 -0.148117214 0.965900660
1305031467.595989 -0.261488706 0.798218489 -0.726298809 0.080563098 -0.198501050 -0.146551013 0.965727568
1305031467.627532 -0.251861274 0.789305091 -0.723459065 0.080255680 -0.203318685 -0.144989401 0.964986384
1305031467.659626 -0.238511294 0.787780643 -0.719913304 0.088039845 -0.209510565 -0.141551048 0.963492453
1305031467.695886 -0.224161178 0.783866584 -0.718001127 0.091048025 -0.213868693 -0.144401446 0.961830914
1305031467.727535 -0.214892000 0.774435401 -0.711313963 0.094475463 -0.216089696 -0.149469614 0.960228384
1305031467.759907 -0.202030808 0.767444849 -0.707315981 0.100005873 -0.218930483 -0.150185168 0.958912253
1305031467.796075 -0.191953361 0.760875583 -0.700090289 0.103692137 -0.222329065 -0.152850717 0.957316279
1305031467.827800 -0.182543337 0.746701837 -0.691079974 0.106728323 -0.225744084 -0.154272154 0.955954432
1305031467.859729 -0.177085102 0.732441723 -0.679020166 0.112379707 -0.230776578 -0.151772141 0.954504192
1305031467.895947 -0.169448182 0.726503611 -0.666202128 0.117510416 -0.239170521 -0.150291279 0.952051163
1305031467.927754 -0.163429245 0.716820538 -0.653701901 0.121074818 -0.246469840 -0.154007927 0.949144363
1305031467.959826 -0.155184478 0.703939080 -0.635121584 0.127716467 -0.253037483 -0.155062139 0.946370125
1305031467.995754 -0.145364717 0.699012935 -0.621738970 0.131368667 -0.256427377 -0.157578871 0.944540203
1305031468.028107 -0.142588496 0.682119668 -0.605275393 0.128403053 -0.257101744 -0.161065340 0.944176555
1305031468.059850 -0.138662443 0.664216876 -0.589080930 0.131871849 -0.260224015 -0.163076803 0.942496300
1305031468.095867 -0.131558910 0.658997774 -0.573457181 0.135433361 -0.264528871 -0.164890915 0.940475047
1305031468.127816 -0.124941662 0.638184011 -0.558490038 0.132318810 -0.267888069 -0.167102560 0.939576745
1305031468.159864 -0.119358592 0.623780310 -0.545938611 0.133782104 -0.269977868 -0.170160264 0.938221633
1305031468.195985 -0.111814909 0.608545363 -0.529408813 0.133113787 -0.271926284 -0.174127445 0.937025309
1305031468.228158 -0.103918985 0.587603748 -0.513598621 0.130106062 -0.272924274 -0.174264222 0.937132180
1305031468.259754 -0.095530063 0.570253015 -0.504024506 0.128704622 -0.272280693 -0.173012108 0.937744737
1305031468.295830 -0.087657735 0.544466913 -0.487752825 0.125381887 -0.272311956 -0.172824070 0.938220382
1305031468.327847 -0.080759823 0.513188899 -0.474938989 0.122708648 -0.272271991 -0.171396807 0.938847005
1305031468.359787 -0.074556284 0.499766111 -0.469231993 0.125867888 -0.269632906 -0.167091519 0.939965904
1305031468.395860 -0.068330310 0.487185717 -0.462040275 0.123588704 -0.268925399 -0.166654989 0.940548301
1305031468.428025 -0.067661844 0.462502241 -0.456271052 0.117642678 -0.268647283 -0.167654097 0.941212535
1305031468.459759 -0.063841328 0.440775454 -0.451889396 0.114880420 -0.269167244 -0.165802792 0.941732943
1305031468.495809 -0.059410423 0.422344238 -0.446970016 0.111364953 -0.268166900 -0.166499004 0.942317605
1305031468.527756 -0.061542273 0.393819153 -0.445634007 0.108426787 -0.265615076 -0.172618017 0.942282021
1305031468.559739 -0.067040727 0.370947063 -0.445289105 0.113617584 -0.264407605 -0.181972146 0.940247834
1305031468.595768 -0.067649327 0.363272339 -0.443388999 0.117349170 -0.264844805 -0.186396956 0.938798487
1305031468.627626 -0.071524844 0.342418402 -0.443432003 0.109318599 -0.265494585 -0.188771456 0.939109921
1305031468.659579 -0.081247665 0.316271782 -0.443004251 0.105574787 -0.268210173 -0.190530702 0.938411117
1305031468.695835 -0.090314597 0.297345579 -0.446490288 0.108868837 -0.272408396 -0.194274187 0.936054885
1305031468.727785 -0.092408434 0.285448164 -0.445036530 0.113932319 -0.278589934 -0.195871636 0.933296025
1305031468.759628 -0.097233102 0.268696815 -0.441999018 0.113841765 -0.283087462 -0.196513608 0.931817532
1305031468.795796 -0.101919442 0.242005348 -0.442144662 0.114533857 -0.285675079 -0.201279640 0.929923832
1305031468.829247 -0.107304379 0.229565784 -0.441890180 0.122810960 -0.286948502 -0.206897274 0.927238703
1305031468.859659 -0.102700554 0.226084784 -0.434092432 0.127114326 -0.288148135 -0.210005224 0.925586522
1305031468.895873 -0.105447069 0.211753562 -0.430124819 0.123919368 -0.283869267 -0.212441742 0.926785171
1305031468.928141 -0.109243266 0.201488063 -0.427275896 0.119413503 -0.278430820 -0.209251776 0.929747522
1305031468.959594 -0.114336595 0.201661512 -0.426481932 0.114886403 -0.271878749 -0.206885293 0.932781637
1305031468.995711 -0.115910426 0.219584122 -0.422257096 0.106981263 -0.268157512 -0.209091663 0.934305727
1305031469.027699 -0.124871247 0.204033867 -0.416391641 0.086106479 -0.264218956 -0.218060866 0.935533881
1305031469.059832 -0.134861171 0.187401935 -0.414434612 0.070134915 -0.261661142 -0.225910112 0.935723901
1305031469.095723 -0.132914737 0.180971593 -0.406026065 0.059024449 -0.261706114 -0.236485109 0.933863401
1305031469.127679 -0.132442057 0.174980745 -0.387038887 0.048657496 -0.257122368 -0.246987149 0.933015466
1305031469.159703 -0.138583034 0.163939670 -0.378818780 0.037624177 -0.247571260 -0.255458504 0.933827519
1305031469.195540 -0.146877483 0.153286323 -0.370890975 0.028828440 -0.236935943 -0.262575150 0.934924901
1305031469.227754 -0.158825487 0.148026764 -0.364745587 0.023420369 -0.229086101 -0.266284257 0.935982823
1305031469.259586 -0.162494406 0.144915983 -0.353192002 0.018291678 -0.226611257 -0.270248771 0.935563147
1305031469.296754 -0.166733801 0.144407436 -0.340897948 0.014097486 -0.222092047 -0.272610366 0.936034203
1305031469.327618 -0.171530202 0.148245916 -0.330741763 0.010125582 -0.218328446 -0.274313450 0.936473370
1305031469.359592 -0.166675389 0.140836656 -0.313094407 0.002047603 -0.216547891 -0.279057533 0.935537159
1305031469.395695 -0.175413832 0.135220379 -0.301716983 -0.001059043 -0.203796268 -0.286123365 0.936268926
1305031469.427651 -0.171813488 0.137054190 -0.293154866 0.000258584 -0.193779498 -0.290877938 0.936930895
1305031469.459668 -0.176364064 0.140144438 -0.279351592 -0.000077881 -0.184402436 -0.298005462 0.936583459
1305031469.495744 -0.190244034 0.152258724 -0.265310943 0.001055551 -0.175797909 -0.301040828 0.937266469
1305031469.527622 -0.195420638 0.165397286 -0.252788842 -0.000447945 -0.175232992 -0.301241130 0.937308431
1305031469.559645 -0.196329832 0.172352746 -0.238204524 -0.006885900 -0.176713154 -0.301512331 0.936918020
1305031469.595755 -0.199484080 0.184444621 -0.226042971 -0.013734614 -0.176310137 -0.299379081 0.937602460
1305031469.627752 -0.200385362 0.182281613 -0.214858249 -0.027019160 -0.175407782 -0.301644325 0.936756551
1305031469.659590 -0.205640733 0.190206513 -0.200343862 -0.032321371 -0.171306983 -0.302132428 0.937190056
1305031469.695613 -0.209616050 0.202099845 -0.187857300 -0.035913330 -0.167179242 -0.300736487 0.938253164
1305031469.727679 -0.215452015 0.211846858 -0.175844356 -0.041462410 -0.161683068 -0.299542576 0.939368844
1305031469.759599 -0.222050339 0.223782614 -0.164513424 -0.048399497 -0.156749710 -0.295901120 0.941025794
1305031469.795621 -0.229717761 0.242939070 -0.152997017 -0.052580908 -0.154149160 -0.292099804 0.942417622
1305031469.827526 -0.236189619 0.253727913 -0.143991053 -0.059084903 -0.155451372 -0.289903820 0.942496479
1305031469.859574 -0.242124110 0.269806445 -0.134402305 -0.064914867 -0.157302096 -0.287065983 0.942674518
1305031469.895755 -0.250849187 0.284538746 -0.126712188 -0.069564611 -0.157641932 -0.284383059 0.943099201
1305031469.927854 -0.259652317 0.303313524 -0.118577562 -0.071678489 -0.158956319 -0.279990375 0.944034159
1305031469.959805 -0.267145365 0.320173144 -0.113669157 -0.072047822 -0.162061840 -0.277117103 0.944325805
1305031469.995551 -0.278123856 0.333463550 -0.109194890 -0.074529491 -0.163200244 -0.275937647 0.944282532
1305031470.027694 -0.289945841 0.347620517 -0.105612315 -0.077645496 -0.164663315 -0.275373757 0.943942010
1305031470.059638 -0.301914752 0.365106285 -0.104510874 -0.078208908 -0.163725778 -0.274807692 0.944223523
1305031470.095944 -0.313330382 0.377757311 -0.102806874 -0.080989413 -0.163589075 -0.273183554 0.944484055
1305031470.127633 -0.327121317 0.394360274 -0.103263684 -0.084711678 -0.161806002 -0.270566285 0.945217788
1305031470.159626 -0.339445531 0.410693049 -0.103530832 -0.086948581 -0.161713481 -0.267363250 0.945941687
1305031470.196092 -0.350782841 0.423934877 -0.106100179 -0.088844769 -0.162733451 -0.263985693 0.946538985
1305031470.227618 -0.363859117 0.435638696 -0.109215885 -0.094108634 -0.161830023 -0.261920035 0.946758986
1305031470.259965 -0.376144826 0.448242724 -0.111700669 -0.098879568 -0.160731599 -0.258511037 0.947396636
1305031470.295718 -0.389290720 0.461745560 -0.114938796 -0.104011573 -0.158430785 -0.255756706 0.947982013
1305031470.327644 -0.401352018 0.474982798 -0.116863720 -0.110158324 -0.157804817 -0.251879752 0.948430002
1305031470.359624 -0.414090216 0.485538214 -0.118486151 -0.116505504 -0.158913866 -0.248222753 0.948450565
1305031470.395823 -0.427996695 0.498934329 -0.122517295 -0.119252749 -0.158453807 -0.245119736 0.948992908
1305031470.427641 -0.440732718 0.511192262 -0.124604806 -0.119033985 -0.159563228 -0.245578900 0.948715746
1305031470.459721 -0.452447683 0.518450320 -0.128461704 -0.119566165 -0.161467135 -0.245957613 0.948228478
1305031470.495686 -0.465140969 0.526905715 -0.132474795 -0.118813656 -0.162546515 -0.244384393 0.948545396
1305031470.527689 -0.477377802 0.533868551 -0.136175781 -0.119171605 -0.163049594 -0.245135874 0.948220134
1305031470.559677 -0.488988280 0.541463852 -0.140741467 -0.120262548 -0.161321700 -0.244634122 0.948507488
1305031470.595760 -0.501427531 0.546864212 -0.141873106 -0.122647181 -0.160657153 -0.241750643 0.949054062
1305031470.627729 -0.512120068 0.552463114 -0.144216865 -0.125968739 -0.159828514 -0.238037407 0.949697316
1305031470.659690 -0.523180008 0.559355736 -0.145447046 -0.127440587 -0.158857778 -0.232790753 0.950963557
1305031470.695630 -0.534629226 0.565956891 -0.146690503 -0.130026504 -0.158426240 -0.229748040 0.951425314
1305031470.727654 -0.545992851 0.569363475 -0.147629797 -0.130861208 -0.158292294 -0.228699625 0.951585770
1305031470.759682 -0.556506991 0.569126606 -0.152227834 -0.134833261 -0.153430521 -0.226491034 0.952355444
1305031470.795615 -0.565222621 0.576777220 -0.152048260 -0.134930581 -0.148546651 -0.221080914 0.954385102
1305031470.827831 -0.574582100 0.582858682 -0.150574595 -0.129882649 -0.147943303 -0.215473607 0.956459343
1305031470.859645 -0.584874034 0.585022092 -0.153210133 -0.125529736 -0.147477925 -0.210825071 0.958146870
1305031470.895722 -0.594243169 0.585617781 -0.156114683 -0.123195946 -0.148298264 -0.205528364 0.959473073
1305031470.927684 -0.602816105 0.587007999 -0.156909227 -0.119213037 -0.152071521 -0.202128991 0.960107565
1305031470.959647 -0.614952028 0.587391376 -0.160054877 -0.109936573 -0.153250977 -0.199708357 0.961532474
1305031470.995996 -0.625866830 0.585525215 -0.164672479 -0.104346342 -0.151878163 -0.197321504 0.962865055
1305031471.027644 -0.635417640 0.583595335 -0.167718336 -0.096395597 -0.149572074 -0.196119487 0.964299381
1305031471.059636 -0.643262327 0.581047833 -0.171399966 -0.088350125 -0.147774622 -0.190200254 0.966530323
1305031471.095777 -0.651392877 0.579208732 -0.175530687 -0.082343675 -0.146885291 -0.182710975 0.968638718
1305031471.127663 -0.658472657 0.577871144 -0.178679764 -0.077136576 -0.147680193 -0.176044539 0.970179856
1305031471.159649 -0.667412519 0.573325694 -0.183122650 -0.075454615 -0.145246267 -0.170705944 0.971632481
1305031471.195703 -0.671434641 0.571591675 -0.187401026 -0.074257575 -0.143581495 -0.163967520 0.973131478
1305031471.227569 -0.679382324 0.571185470 -0.189967275 -0.074673012 -0.139251813 -0.159190059 0.974521160
1305031471.259722 -0.686559856 0.569613457 -0.190598622 -0.075915426 -0.137017831 -0.155985340 0.975259781
1305031471.296068 -0.693347692 0.566030204 -0.191877976 -0.076892711 -0.134366021 -0.151686773 0.976229727
1305031471.327642 -0.696574092 0.564911067 -0.193236262 -0.073567517 -0.131202668 -0.148413464 0.977418661
1305031471.359615 -0.699859738 0.567027092 -0.196439326 -0.071072906 -0.123502135 -0.146199703 0.978939056
1305031471.395730 -0.707041562 0.562892616 -0.197206289 -0.072294541 -0.115538754 -0.140970871 0.980587423
1305031471.427704 -0.714493871 0.561083376 -0.200857982 -0.069909580 -0.111519933 -0.133111209 0.982322514
1305031471.459647 -0.718578100 0.563219905 -0.205070138 -0.067997083 -0.111662850 -0.128123716 0.983103335
1305031471.496491 -0.722266078 0.563100576 -0.206532001 -0.069042489 -0.111374922 -0.123842716 0.983611643
1305031471.527624 -0.727716565 0.561304390 -0.209506691 -0.070509903 -0.109559678 -0.119679086 0.984226584
1305031471.559671 -0.730327070 0.561816514 -0.213084474 -0.070528582 -0.107675247 -0.117884360 0.984649718
1305031471.595702 -0.733219683 0.560510814 -0.215929508 -0.071329311 -0.103097327 -0.116102584 0.985293508
1305031471.627621 -0.736261904 0.558133364 -0.219280839 -0.072477117 -0.098123416 -0.114106841 0.985950589
1305031471.659642 -0.738023996 0.557107866 -0.222269997 -0.071318954 -0.093496934 -0.110634983 0.986879885
1305031471.695609 -0.741648674 0.563021898 -0.226933360 -0.065479785 -0.087735131 -0.105105214 0.988416851
1305031471.727501 -0.742837191 0.564462245 -0.230227590 -0.066313617 -0.084291503 -0.100698434 0.989119470
1305031471.759702 -0.742858231 0.562582314 -0.231247768 -0.068748400 -0.080431759 -0.095042996 0.989833951
1305031471.795801 -0.744261801 0.565573931 -0.234454691 -0.066929191 -0.073297851 -0.086619973 0.991284549
1305031471.827639 -0.747047365 0.570671558 -0.236151397 -0.068947516 -0.067520827 -0.079448625 0.992156804
1305031471.859665 -0.749308407 0.569337487 -0.236086518 -0.074748047 -0.064027920 -0.073336899 0.992438912
1305031471.895604 -0.751970410 0.574182272 -0.237269357 -0.076660320 -0.058894217 -0.066614226 0.993084788
1305031471.927651 -0.752161086 0.577595055 -0.237126842 -0.081685051 -0.054985844 -0.062677629 0.993164480
1305031471.959643 -0.756446242 0.574198306 -0.236094892 -0.085852422 -0.046836823 -0.062190823 0.993261278
1305031471.995573 -0.760483444 0.583334804 -0.239422366 -0.081536934 -0.037897624 -0.057416957 0.994293153
1305031472.027638 -0.764590859 0.587602496 -0.239173666 -0.088286601 -0.031689454 -0.054236948 0.994112492
1305031472.059668 -0.769173741 0.584935784 -0.238052428 -0.093247384 -0.026370838 -0.051889919 0.993940175
1305031472.095601 -0.772563636 0.592397749 -0.238076717 -0.089535587 -0.021379629 -0.045808274 0.994699895
1305031472.127594 -0.777853310 0.596886635 -0.237356737 -0.094154537 -0.017776916 -0.042159088 0.994505703
1305031472.159645 -0.783136070 0.591763258 -0.234748244 -0.101110347 -0.015986713 -0.041260608 0.993890703
1305031472.195682 -0.787785709 0.591861486 -0.235338017 -0.097845986 -0.013760449 -0.036756605 0.994427383
1305031472.227626 -0.789720893 0.594377398 -0.236203015 -0.094397768 -0.013339247 -0.033412747 0.994884312
1305031472.263840 -0.793810189 0.587506115 -0.236079201 -0.096551389 -0.010513471 -0.032998201 0.994725347
1305031472.295671 -0.794416189 0.586184621 -0.237349376 -0.090158775 -0.009427905 -0.030480899 0.995416284
1305031472.327678 -0.797203302 0.591592371 -0.239172354 -0.081302889 -0.007210266 -0.028915446 0.996243834
1305031472.363577 -0.797651827 0.592600822 -0.240120798 -0.080269776 -0.007814909 -0.027317541 0.996368170
1305031472.395599 -0.801752448 0.587866068 -0.239877805 -0.082905434 -0.007722995 -0.025792120 0.996193707
1305031472.427686 -0.801932454 0.582163811 -0.240616664 -0.083727576 -0.011076845 -0.025716823 0.996095181
1305031472.463603 -0.801460087 0.582281291 -0.240819782 -0.080421202 -0.012565065 -0.026385570 0.996332467
1305031472.495626 -0.799772024 0.582189322 -0.241651431 -0.079245754 -0.011659849 -0.027363250 0.996411324
1305031472.527625 -0.799872279 0.573186815 -0.240429088 -0.082954139 -0.009599677 -0.026303759 0.996159911
1305031472.563587 -0.800698459 0.567698658 -0.240129367 -0.079464972 -0.009413704 -0.024667455 0.996487975
1305031472.595675 -0.798326373 0.571379840 -0.241983816 -0.071861617 -0.011618658 -0.022216134 0.997099519
1305031472.627701 -0.796881437 0.568144858 -0.241700888 -0.072464667 -0.012754628 -0.020196687 0.997084916
1305031472.663575 -0.793927789 0.563034773 -0.240597665 -0.073349476 -0.014564026 -0.018648159 0.997025609
1305031472.695755 -0.792786300 0.558780432 -0.239525691 -0.072438054 -0.015213420 -0.017729864 0.997099280
1305031472.727628 -0.791392624 0.554341674 -0.239173219 -0.071192987 -0.015991673 -0.017568879 0.997179627
1305031472.763578 -0.789498091 0.549707830 -0.238423690 -0.070815697 -0.016323943 -0.018923124 0.997176349
1305031472.795640 -0.787395000 0.547704458 -0.236660630 -0.068513557 -0.016289331 -0.020862879 0.997299075
1305031472.827627 -0.787256300 0.547030509 -0.236173630 -0.064932212 -0.014951221 -0.020628190 0.997564435
1305031472.863598 -0.788002551 0.546459317 -0.235055342 -0.062332515 -0.014442489 -0.019218324 0.997765958
1305031472.895713 -0.787192762 0.546990871 -0.234405965 -0.061299521 -0.016262118 -0.016165679 0.997856021
1305031472.927685 -0.785516202 0.543072999 -0.232488990 -0.063475110 -0.017990012 -0.015205834 0.997705460
1305031472.963756 -0.785755396 0.541755378 -0.230967969 -0.063447133 -0.017549040 -0.014169009 0.997730315
1305031472.995704 -0.786192775 0.542965651 -0.230450720 -0.063008614 -0.018039228 -0.012698463 0.997769177
1305031473.027638 -0.785976827 0.540414155 -0.229522347 -0.065296479 -0.019497192 -0.012788039 0.997593522
1305031473.063684 -0.784390926 0.540038347 -0.228122875 -0.065640822 -0.020974871 -0.014524385 0.997517169
1305031473.095695 -0.784129322 0.539303482 -0.227765352 -0.065126829 -0.020122185 -0.016192896 0.997542679
1305031473.127744 -0.784900546 0.537845373 -0.226993918 -0.065886118 -0.018637687 -0.017503468 0.997499585
1305031473.167060 -0.786267161 0.537187517 -0.227336556 -0.064970665 -0.018390791 -0.017755449 0.997559786
1305031473.196069 -0.785265386 0.537323236 -0.227287278 -0.063289352 -0.019687267 -0.017905727 0.997640371
