1305031453.359684 0.000000000 0.000000000 0.000000000 -0.000000000 -0.000000000 -0.000000000 1.000000000
1305031453.391690 0.001798540 0.005321052 -0.009396928 -0.000327012 0.006259628 0.012353835 0.999904096
1305031453.423683 0.007850669 0.007934858 -0.016977353 0.001106864 0.009457993 0.021452423 0.999724507
1305031453.459685 0.010163411 0.010929212 -0.027027525 0.004247454 0.016659228 0.030088909 0.999399364
1305031453.491698 0.011865267 0.011889343 -0.037895296 0.007011497 0.023726597 0.039805468 0.998901129
1305031453.523684 0.012266583 0.019248741 -0.050928310 0.014661300 0.028663017 0.049095605 0.998275042
1305031453.559753 0.011418184 0.024687208 -0.064261854 0.021924747 0.032022219 0.055889718 0.997682452
1305031453.591640 0.011246158 0.032643318 -0.079791084 0.029807169 0.034738343 0.060194362 0.997136593
1305031453.627706 0.002522581 0.040642235 -0.094608031 0.037484344 0.037523709 0.064333633 0.996518016
1305031453.659600 -0.005876570 0.048552319 -0.110988185 0.045480680 0.035052028 0.062363449 0.996400416
1305031453.691678 -0.012686115 0.060505331 -0.125201076 0.053614467 0.030596921 0.057686679 0.996424437
1305031453.727652 -0.027481541 0.067363948 -0.138069808 0.057441499 0.028357862 0.052891340 0.996543467
1305031453.759694 -0.040564280 0.071617000 -0.151362017 0.061089557 0.021732135 0.045603070 0.996853173
1305031453.791716 -0.045363903 0.082388662 -0.164603382 0.066481508 0.011463478 0.036887165 0.997039735
1305031453.827773 -0.061776016 0.089519836 -0.176526174 0.069072284 0.006782551 0.030033555 0.997136414
1305031453.859705 -0.083893202 0.101566024 -0.187743351 0.072537534 -0.001557619 0.022591619 0.997108579
1305031453.891710 -0.096025117 0.108945251 -0.199285462 0.072265685 -0.016843149 0.014899872 0.997131884
1305031453.927723 -0.109671801 0.115251318 -0.203208655 0.070116840 -0.034414209 0.011216781 0.996881902
1305031453.959641 -0.116722174 0.119519286 -0.206075206 0.067676559 -0.052182350 0.002882188 0.996337652
1305031453.991624 -0.128893599 0.120460615 -0.212820858 0.065636873 -0.063335203 -0.008888002 0.995791912
1305031454.027662 -0.138077021 0.118827917 -0.222187638 0.066059582 -0.075734206 -0.019170066 0.994752705
1305031454.059654 -0.150083125 0.124982178 -0.225375965 0.067863494 -0.087123550 -0.030839331 0.993404806
1305031454.091651 -0.168028504 0.126261517 -0.229203463 0.067712516 -0.096189037 -0.044972721 0.992038429
1305031454.127701 -0.178801641 0.127193615 -0.234507054 0.070391580 -0.110291436 -0.058560792 0.989672422
1305031454.159672 -0.202476144 0.138672575 -0.233732581 0.073295318 -0.121468015 -0.071717843 0.987284124
1305031454.191658 -0.216265753 0.142298222 -0.233838111 0.071464516 -0.136464998 -0.085625730 0.984346747
1305031454.227671 -0.224847183 0.131547734 -0.241204426 0.069323726 -0.154108465 -0.104302153 0.980084658
1305031454.259627 -0.228180707 0.138284042 -0.239303678 0.075898610 -0.168304667 -0.119616859 0.975502312
1305031454.291639 -0.238575518 0.145582661 -0.240747631 0.075625010 -0.174635127 -0.132936105 0.972682595
1305031454.327699 -0.256862491 0.138584733 -0.243065998 0.073842987 -0.182853267 -0.148760989 0.969010830
1305031454.359636 -0.259617001 0.142666861 -0.242085785 0.080431193 -0.195512801 -0.162893742 0.963727772
1305031454.391677 -0.266414464 0.151385456 -0.244395524 0.083370186 -0.202905819 -0.174904138 0.959837079
1305031454.427465 -0.275871038 0.152700037 -0.247064263 0.083824836 -0.215278119 -0.189504072 0.954314947
1305031454.459913 -0.280410349 0.158719718 -0.248367473 0.087546565 -0.224126548 -0.206338674 0.948434114
1305031454.491617 -0.285895944 0.165511787 -0.249168664 0.089852855 -0.228538081 -0.221906126 0.943638980
1305031454.527700 -0.287401855 0.175160885 -0.249706700 0.090817675 -0.235381261 -0.237185895 0.938131511
1305031454.559575 -0.295458555 0.184819192 -0.254533857 0.088586964 -0.239290863 -0.250625938 0.933851659
1305031454.591635 -0.305878609 0.192938417 -0.259996384 0.086295962 -0.247172147 -0.269128591 0.926838040
1305031454.627580 -0.304064691 0.197756231 -0.259263158 0.084688537 -0.261665761 -0.282103151 0.919117332
1305031454.659528 -0.304489225 0.209169924 -0.261650443 0.080090150 -0.273312271 -0.288915783 0.914009690
1305031454.691884 -0.306357980 0.215534613 -0.262088537 0.073573470 -0.286866486 -0.296196550 0.908054054
1305031454.727659 -0.297665119 0.220089912 -0.261699677 0.069588080 -0.301660478 -0.299740344 0.902393579
1305031454.759732 -0.289746195 0.223759279 -0.257440895 0.063226037 -0.309438676 -0.294605762 0.901918888
1305031454.791641 -0.285869420 0.226950049 -0.259916872 0.057684444 -0.311993718 -0.288721830 0.903311729
1305031454.827570 -0.276728779 0.237165958 -0.252457440 0.053830508 -0.315814406 -0.280153155 0.904918671
1305031454.859620 -0.272289425 0.243477672 -0.254491776 0.047426835 -0.312450379 -0.273131102 0.908584058
1305031454.891764 -0.269813210 0.250726640 -0.255678922 0.043315440 -0.307080209 -0.265941352 0.912743509
1305031454.927567 -0.268457413 0.259918630 -0.258243084 0.039704710 -0.300691545 -0.259540200 0.916868091
1305031454.959648 -0.269788563 0.269811332 -0.261875123 0.036611903 -0.294509768 -0.253138930 0.920784593
1305031454.991937 -0.274562508 0.279718339 -0.268966109 0.034533095 -0.289463490 -0.247636586 0.923955917
1305031455.027799 -0.275904477 0.291844130 -0.272145152 0.034865428 -0.288492858 -0.244494632 0.925083101
1305031455.059636 -0.279226214 0.298926473 -0.274121195 0.033093628 -0.285625577 -0.242323428 0.926607966
1305031455.091700 -0.284959137 0.307986498 -0.280993849 0.035785370 -0.280910730 -0.242300108 0.927954376
1305031455.127695 -0.290199250 0.321185648 -0.285175115 0.038061537 -0.275935888 -0.240499705 0.929822981
1305031455.159720 -0.300326526 0.330500603 -0.292475671 0.036257833 -0.269902349 -0.235988647 0.932816982
1305031455.191655 -0.310214132 0.338021845 -0.297543705 0.032703120 -0.265349865 -0.231326267 0.935418725
1305031455.227581 -0.319512844 0.345980793 -0.302717417 0.032563806 -0.261576533 -0.225511193 0.937902987
1305031455.259631 -0.327687711 0.361511052 -0.306154251 0.032112028 -0.256610483 -0.219109744 0.940803289
1305031455.291831 -0.340656489 0.372047067 -0.307304382 0.025268799 -0.250253439 -0.208216980 0.945188046
1305031455.327766 -0.351975560 0.381578684 -0.315063208 0.019540796 -0.246577710 -0.196670011 0.948756278
1305031455.359630 -0.358773828 0.392656446 -0.315846801 0.012443330 -0.245495126 -0.190073058 0.950499654
1305031455.391665 -0.371150553 0.393910229 -0.318553567 0.001400452 -0.237748712 -0.182940766 0.953942537
1305031455.427642 -0.386438578 0.396883041 -0.327392489 -0.006771483 -0.228904292 -0.172927231 0.957942188
1305031455.459589 -0.402634859 0.395525843 -0.336245686 -0.013325375 -0.223439053 -0.164610177 0.960625291
1305031455.491637 -0.416767508 0.402467817 -0.344668120 -0.017071880 -0.218253031 -0.153456360 0.963600218
1305031455.527610 -0.437413454 0.405046582 -0.355456382 -0.020617085 -0.211607248 -0.141669974 0.966812789
1305031455.559669 -0.456372797 0.407049268 -0.368092120 -0.022990867 -0.209690124 -0.128438786 0.969022751
1305031455.591645 -0.471001327 0.410285801 -0.380483806 -0.025741387 -0.209582612 -0.114106581 0.970768929
1305031455.627617 -0.487796575 0.404860020 -0.386351347 -0.032382391 -0.207538605 -0.101782963 0.972378254
1305031455.659615 -0.508286417 0.405070752 -0.397786111 -0.029098470 -0.202842325 -0.096316949 0.974028409
1305031455.691605 -0.527109146 0.406571567 -0.411085278 -0.025086695 -0.198870897 -0.097727031 0.974818170
1305031455.727628 -0.542294621 0.403685927 -0.421996146 -0.023417059 -0.194936112 -0.103178479 0.975092769
1305031455.759683 -0.558319926 0.403501302 -0.433052331 -0.021400569 -0.188240677 -0.105945095 0.976157367
1305031455.791666 -0.575827420 0.394769460 -0.444816172 -0.021288371 -0.181916997 -0.104889505 0.977471828
1305031455.827590 -0.590711176 0.392190993 -0.460003644 -0.018953575 -0.177935198 -0.104521647 0.978291988
1305031455.859526 -0.605283797 0.386857241 -0.472592324 -0.019484188 -0.174952179 -0.106201813 0.978638530
1305031455.891657 -0.620519400 0.387069702 -0.484702170 -0.017751291 -0.170274556 -0.106921479 0.979417861
1305031455.927955 -0.633681238 0.381279856 -0.494570225 -0.019283924 -0.165943116 -0.107696265 0.980047286
1305031455.959716 -0.644962072 0.382248163 -0.505489707 -0.017374603 -0.161670938 -0.110243455 0.980513632
1305031455.991694 -0.655212283 0.379496843 -0.515133739 -0.019450106 -0.156449288 -0.112700775 0.981042266
1305031456.027770 -0.661708117 0.384976745 -0.522975981 -0.021859713 -0.151056826 -0.115578167 0.981501758
1305031456.059713 -0.681461871 0.377005696 -0.530028522 -0.032376412 -0.142246261 -0.124731094 0.981407106
1305031456.091707 -0.696625531 0.365346164 -0.535401464 -0.040030703 -0.136525661 -0.130405456 0.981199682
1305031456.127645 -0.707735240 0.360082179 -0.540492356 -0.041219603 -0.131748900 -0.131599292 0.981643915
1305031456.159731 -0.720225334 0.347361267 -0.542774796 -0.044398773 -0.125265375 -0.133165285 0.982142746
1305031456.191658 -0.728585303 0.336922556 -0.545067489 -0.041002430 -0.117954038 -0.130994543 0.983486772
1305031456.227678 -0.734596729 0.344387472 -0.548769653 -0.034431331 -0.108524844 -0.127388194 0.985296488
1305031456.291675 -0.762426794 0.321450561 -0.547926366 -0.037587080 -0.084111795 -0.120480254 0.988431633
1305031456.327718 -0.778274953 0.316837341 -0.546655655 -0.033232510 -0.071607322 -0.114291370 0.990305781
1305031456.391619 -0.800668478 0.308490634 -0.540265501 -0.029488109 -0.046383265 -0.105090454 0.992942631
1305031456.427662 -0.818220377 0.313827008 -0.535032868 -0.020600703 -0.033864491 -0.097939663 0.994402707
1305031456.491677 -0.861917019 0.337325394 -0.521634400 -0.020151697 -0.020664163 -0.085298926 0.995937228
1305031456.527641 -0.873270512 0.336618662 -0.511103928 -0.026379088 -0.021972356 -0.079586968 0.996236563
1305031456.591651 -0.892079771 0.337196946 -0.496033728 -0.028836498 -0.017681463 -0.068361670 0.997087061
1305031456.627612 -0.904532790 0.351804703 -0.485170186 -0.038448736 -0.010494097 -0.060940135 0.997345448
1305031456.691612 -0.937848926 0.333724827 -0.460798711 -0.053522076 0.002092570 -0.045836791 0.997511983
1305031456.727693 -0.957011461 0.351004899 -0.452693194 -0.053455811 0.006565695 -0.035957694 0.997901022
1305031456.791649 -0.986121416 0.336407721 -0.428978294 -0.060454592 -0.002705299 -0.020136822 0.997964144
1305031456.827603 -0.991459131 0.355824977 -0.421514094 -0.056865163 -0.006709695 -0.012411386 0.998282194
1305031456.891672 -1.009180665 0.348662943 -0.394971400 -0.068412349 -0.003642056 -0.001098898 0.997649848
1305031456.927690 -1.019430995 0.354833782 -0.386867255 -0.062466018 0.002154204 0.005227158 0.998031080
1305031456.959667 -1.032941699 0.372466385 -0.382085860 -0.059655678 0.009192554 0.011101505 0.998114944
1305031456.991709 -1.046372056 0.367731959 -0.371247411 -0.069832288 0.014984369 0.013280752 0.997357786
1305031457.027648 -1.059129834 0.368174493 -0.366447538 -0.071327046 0.020037834 0.016521733 0.997114837
1305031457.091655 -1.082731843 0.375948817 -0.362501383 -0.081766963 0.031420063 0.026737561 0.995797217
1305031457.127632 -1.094604373 0.366818666 -0.359479696 -0.087115355 0.038339455 0.031191148 0.994971454
1305031457.191735 -1.120287299 0.371421814 -0.367450327 -0.082402728 0.053840924 0.044480059 0.994149148
1305031457.227543 -1.134751678 0.364434183 -0.370154887 -0.088274010 0.061303403 0.050114926 0.992944181
1305031457.291656 -1.165746570 0.356866449 -0.379296482 -0.078419089 0.080113500 0.061267506 0.991805732
1305031457.327548 -1.181093931 0.360324502 -0.389305890 -0.074053884 0.090395845 0.065626428 0.990978241
1305031457.391684 -1.211305261 0.342907786 -0.401679248 -0.072324179 0.114103757 0.079799622 0.987614095
1305031457.427641 -1.234687448 0.343455225 -0.410502434 -0.067641430 0.124612540 0.086932465 0.986072659
1305031457.491705 -1.269000649 0.328780890 -0.423721552 -0.067105852 0.132462382 0.094634637 0.984375358
1305031457.527638 -1.282737374 0.320291877 -0.432761818 -0.064157322 0.136249602 0.097615071 0.983763874
1305031457.559685 -1.297265768 0.317038208 -0.441628277 -0.059465155 0.141472816 0.101252086 0.982953370
1305031457.591678 -1.317009807 0.314522684 -0.449263245 -0.055915847 0.147421136 0.104992114 0.981894672
1305031457.627526 -1.331305027 0.303120673 -0.453777432 -0.057001434 0.149720490 0.107541509 0.981208205
1305031457.659632 -1.350542665 0.308264107 -0.462021410 -0.050350521 0.152965844 0.111480430 0.980631649
1305031457.691570 -1.367565393 0.302132934 -0.465758920 -0.055226076 0.154690713 0.114307873 0.979772747
1305031457.727669 -1.375141621 0.280966371 -0.470266342 -0.060824770 0.154289514 0.114215493 0.979515195
1305031457.759556 -1.388540506 0.266992718 -0.473891973 -0.059915740 0.157017991 0.112804458 0.979301095
1305031457.791567 -1.398466587 0.252170146 -0.476410329 -0.053775270 0.161804080 0.110596165 0.979130328
1305031457.827699 -1.414792538 0.255778313 -0.486413300 -0.041217808 0.169984564 0.110286474 0.978388071
1305031457.859623 -1.428251624 0.241369128 -0.487805009 -0.041422576 0.178983226 0.111704908 0.976612151
1305031457.891593 -1.444121957 0.222661018 -0.486426741 -0.035699982 0.187681809 0.111408487 0.975238085
1305031457.927633 -1.469685674 0.218435943 -0.485802412 -0.021881487 0.195622623 0.113306627 0.973865807
1305031457.991644 -1.496580362 0.202463239 -0.483526498 -0.010759195 0.199119359 0.117500439 0.972846031
1305031458.027845 -1.505681157 0.192131355 -0.479705036 -0.002073776 0.202500209 0.118520059 0.972081482
1305031458.059689 -1.524169922 0.196014062 -0.476237178 0.007393604 0.208867908 0.119823366 0.970547259
1305031458.091690 -1.541254163 0.196918339 -0.467200696 0.008567682 0.214589328 0.121242724 0.969112158
1305031458.127605 -1.556420445 0.184239700 -0.454344928 0.005446188 0.220116362 0.122065552 0.967790902
1305031458.159638 -1.572883844 0.174116015 -0.440836251 0.006550143 0.224282190 0.124350123 0.966535926
1305031458.191646 -1.594485283 0.177296907 -0.426389843 0.008658444 0.226623863 0.127716139 0.965533674
1305031458.227611 -1.611663580 0.171272799 -0.411397934 0.001341888 0.225972816 0.128748223 0.965587080
1305031458.259934 -1.623350620 0.135928005 -0.392471194 -0.007646054 0.225256681 0.127066061 0.965947866
1305031458.291664 -1.641621590 0.135282665 -0.374444246 0.002768800 0.223458588 0.126601592 0.966452599
1305031458.327628 -1.657023787 0.132523254 -0.354448229 0.005309950 0.220400572 0.128311232 0.966918647
1305031458.359590 -1.663069129 0.106545642 -0.336067140 0.007910972 0.216976523 0.129028335 0.967579663
1305031458.391626 -1.671252728 0.115127452 -0.321322322 0.023493778 0.214156002 0.131721616 0.967592239
1305031458.427598 -1.673443794 0.117095143 -0.305979937 0.033129506 0.213314146 0.139756128 0.966368318
1305031458.459637 -1.667427540 0.104758501 -0.291913688 0.042548385 0.216692269 0.146100536 0.964307368
1305031458.491696 -1.668882370 0.098623961 -0.276363462 0.061417244 0.227017015 0.143279240 0.961333632
1305031458.527737 -1.683243632 0.123207688 -0.253132164 0.085837990 0.239365071 0.139248237 0.957050800
1305031458.559628 -1.683771014 0.127535924 -0.233592093 0.093760222 0.247737408 0.136946216 0.954505563
1305031458.591641 -1.699923515 0.130335420 -0.203885928 0.103750095 0.258726060 0.129059970 0.951651335
1305031458.627659 -1.713187695 0.161371067 -0.176284522 0.112755261 0.261492431 0.122257963 0.950768650
1305031458.659623 -1.725874424 0.155340672 -0.151726797 0.104820445 0.259950936 0.124518521 0.951805294
1305031458.691674 -1.723446846 0.155944079 -0.138037592 0.097595699 0.242690116 0.118283421 0.957906902
1305031458.727650 -1.714920163 0.156528026 -0.111445427 0.097380534 0.229719996 0.110806517 0.962012291
1305031458.759945 -1.720403671 0.162122637 -0.094359510 0.103201672 0.217051640 0.098084457 0.965721250
1305031458.791632 -1.712986469 0.178524345 -0.080184370 0.104924545 0.199434713 0.088617250 0.970238984
1305031458.827564 -1.698741674 0.177246243 -0.070691884 0.098137841 0.186906874 0.088474303 0.973451138
1305031458.891665 -1.686624765 0.173770890 -0.053102467 0.104334891 0.180768400 0.077515721 0.974899113
1305031458.927621 -1.698144674 0.180989489 -0.043284111 0.105088003 0.189356431 0.080900505 0.972911000
1305031458.959617 -1.700768232 0.170484170 -0.031935908 0.096637487 0.194851398 0.096927039 0.971235931
1305031458.991647 -1.710169911 0.142874599 -0.019230798 0.093485616 0.201463953 0.101183161 0.969760120
1305031459.027665 -1.738578439 0.135540500 -0.000344619 0.104334481 0.205907047 0.097902626 0.968055665
1305031459.059631 -1.759733438 0.123814866 0.011059359 0.112283327 0.201221675 0.105963178 0.967302561
1305031459.127618 -1.821111202 0.109732732 -0.159921676 0.118943289 0.162525177 0.138523564 0.969664514
1305031459.127618 -1.821111202 0.109732732 -0.159921676 0.118943289 0.162525177 0.138523564 0.969664514
1305031459.127618 -1.821111202 0.109732732 -0.159921676 0.118943289 0.162525177 0.138523564 0.969664514
1305031459.127618 -1.821111202 0.109732732 -0.159921676 0.118943289 0.162525177 0.138523564 0.969664514
1305031459.127618 -1.821111202 0.109732732 -0.159921676 0.118943289 0.162525177 0.138523564 0.969664514
1305031459.127618 -1.821111202 0.109732732 -0.159921676 0.118943289 0.162525177 0.138523564 0.969664514
1305031459.127618 -1.821111202 0.109732732 -0.159921676 0.118943289 0.162525177 0.138523564 0.969664514
1305031459.127618 -1.821111202 0.109732732 -0.159921676 0.118943289 0.162525177 0.138523564 0.969664514
1305031459.127618 -1.821111202 0.109732732 -0.159921676 0.118943289 0.162525177 0.138523564 0.969664514
1305031459.127618 -1.821111202 0.109732732 -0.159921676 0.118943289 0.162525177 0.138523564 0.969664514
1305031459.127618 -1.821111202 0.109732732 -0.159921676 0.118943289 0.162525177 0.138523564 0.969664514
1305031459.127618 -1.821111202 0.109732732 -0.159921676 0.118943289 0.162525177 0.138523564 0.969664514
1305031459.127618 -1.821111202 0.109732732 -0.159921676 0.118943289 0.162525177 0.138523564 0.969664514
1305031459.127618 -1.821111202 0.109732732 -0.159921676 0.118943289 0.162525177 0.138523564 0.969664514
1305031459.127618 -1.821111202 0.109732732 -0.159921676 0.118943289 0.162525177 0.138523564 0.969664514
1305031459.127618 -1.821111202 0.109732732 -0.159921676 0.118943289 0.162525177 0.138523564 0.969664514
1305031459.127618 -1.821111202 0.109732732 -0.159921676 0.118943289 0.162525177 0.138523564 0.969664514
1305031459.127618 -1.821111202 0.109732732 -0.159921676 0.118943289 0.162525177 0.138523564 0.969664514
1305031459.127618 -1.821111202 0.109732732 -0.159921676 0.118943289 0.162525177 0.138523564 0.969664514
1305031459.127618 -1.821111202 0.109732732 -0.159921676 0.118943289 0.162525177 0.138523564 0.969664514
1305031459.127618 -1.821111202 0.109732732 -0.159921676 0.118943289 0.162525177 0.138523564 0.969664514
1305031459.127618 -1.821111202 0.109732732 -0.159921676 0.118943289 0.162525177 0.138523564 0.969664514
1305031459.127618 -1.821111202 0.109732732 -0.159921676 0.118943289 0.162525177 0.138523564 0.969664514
1305031459.127618 -1.821111202 0.109732732 -0.159921676 0.118943289 0.162525177 0.138523564 0.969664514
1305031459.127618 -1.821111202 0.109732732 -0.159921676 0.118943289 0.162525177 0.138523564 0.969664514
1305031459.127618 -1.821111202 0.109732732 -0.159921676 0.118943289 0.162525177 0.138523564 0.969664514
1305031459.127618 -1.821111202 0.109732732 -0.159921676 0.118943289 0.162525177 0.138523564 0.969664514
1305031459.127618 -1.821111202 0.109732732 -0.159921676 0.118943289 0.162525177 0.138523564 0.969664514
1305031459.127618 -1.821111202 0.109732732 -0.159921676 0.118943289 0.162525177 0.138523564 0.969664514
1305031459.127618 -1.821111202 0.109732732 -0.159921676 0.118943289 0.162525177 0.138523564 0.969664514
1305031459.127618 -1.821111202 0.109732732 -0.159921676 0.118943289 0.162525177 0.138523564 0.969664514
1305031459.127618 -1.821111202 0.109732732 -0.159921676 0.118943289 0.162525177 0.138523564 0.969664514
1305031459.127618 -1.821111202 0.109732732 -0.159921676 0.118943289 0.162525177 0.138523564 0.969664514
1305031459.127618 -1.821111202 0.109732732 -0.159921676 0.118943289 0.162525177 0.138523564 0.969664514
1305031459.127618 -1.821111202 0.109732732 -0.159921676 0.118943289 0.162525177 0.138523564 0.969664514
1305031459.127618 -1.821111202 0.109732732 -0.159921676 0.118943289 0.162525177 0.138523564 0.969664514
1305031459.127618 -1.821111202 0.109732732 -0.159921676 0.118943289 0.162525177 0.138523564 0.969664514
1305031459.127618 -1.821111202 0.109732732 -0.159921676 0.118943289 0.162525177 0.138523564 0.969664514
1305031459.127618 -1.821111202 0.109732732 -0.159921676 0.118943289 0.162525177 0.138523564 0.969664514
1305031459.127618 -1.821111202 0.109732732 -0.159921676 0.118943289 0.162525177 0.138523564 0.969664514
1305031459.127618 -1.821111202 0.109732732 -0.159921676 0.118943289 0.162525177 0.138523564 0.969664514
1305031459.127618 -1.821111202 0.109732732 -0.159921676 0.118943289 0.162525177 0.138523564 0.969664514
1305031459.127618 -1.821111202 0.109732732 -0.159921676 0.118943289 0.162525177 0.138523564 0.969664514
1305031459.127618 -1.821111202 0.109732732 -0.159921676 0.118943289 0.162525177 0.138523564 0.969664514
1305031459.127618 -1.821111202 0.109732732 -0.159921676 0.118943289 0.162525177 0.138523564 0.969664514
1305031459.127618 -1.821111202 0.109732732 -0.159921676 0.118943289 0.162525177 0.138523564 0.969664514
1305031459.127618 -1.821111202 0.109732732 -0.159921676 0.118943289 0.162525177 0.138523564 0.969664514
1305031459.127618 -1.821111202 0.109732732 -0.159921676 0.118943289 0.162525177 0.138523564 0.969664514
1305031459.127618 -1.821111202 0.109732732 -0.159921676 0.118943289 0.162525177 0.138523564 0.969664514
1305031459.127618 -1.821111202 0.109732732 -0.159921676 0.118943289 0.162525177 0.138523564 0.969664514
1305031459.127618 -1.821111202 0.109732732 -0.159921676 0.118943289 0.162525177 0.138523564 0.969664514
1305031459.127618 -1.821111202 0.109732732 -0.159921676 0.118943289 0.162525177 0.138523564 0.969664514
1305031459.127618 -1.821111202 0.109732732 -0.159921676 0.118943289 0.162525177 0.138523564 0.969664514
1305031459.127618 -1.821111202 0.109732732 -0.159921676 0.118943289 0.162525177 0.138523564 0.969664514
1305031459.127618 -1.821111202 0.109732732 -0.159921676 0.118943289 0.162525177 0.138523564 0.969664514
1305031459.127618 -1.821111202 0.109732732 -0.159921676 0.118943289 0.162525177 0.138523564 0.969664514
1305031459.127618 -1.821111202 0.109732732 -0.159921676 0.118943289 0.162525177 0.138523564 0.969664514
1305031459.127618 -1.821111202 0.109732732 -0.159921676 0.118943289 0.162525177 0.138523564 0.969664514
1305031459.127618 -1.821111202 0.109732732 -0.159921676 0.118943289 0.162525177 0.138523564 0.969664514
1305031459.127618 -1.821111202 0.109732732 -0.159921676 0.118943289 0.162525177 0.138523564 0.969664514
1305031459.127618 -1.821111202 0.109732732 -0.159921676 0.118943289 0.162525177 0.138523564 0.969664514
1305031459.127618 -1.821111202 0.109732732 -0.159921676 0.118943289 0.162525177 0.138523564 0.969664514
1305031459.127618 -1.821111202 0.109732732 -0.159921676 0.118943289 0.162525177 0.138523564 0.969664514
1305031459.127618 -1.821111202 0.109732732 -0.159921676 0.118943289 0.162525177 0.138523564 0.969664514
1305031459.127618 -1.821111202 0.109732732 -0.159921676 0.118943289 0.162525177 0.138523564 0.969664514
1305031459.127618 -1.821111202 0.109732732 -0.159921676 0.118943289 0.162525177 0.138523564 0.969664514
1305031459.127618 -1.821111202 0.109732732 -0.159921676 0.118943289 0.162525177 0.138523564 0.969664514
1305031459.127618 -1.821111202 0.109732732 -0.159921676 0.118943289 0.162525177 0.138523564 0.969664514
1305031459.127618 -1.821111202 0.109732732 -0.159921676 0.118943289 0.162525177 0.138523564 0.969664514
1305031459.127618 -1.821111202 0.109732732 -0.159921676 0.118943289 0.162525177 0.138523564 0.969664514
1305031459.127618 -1.821111202 0.109732732 -0.159921676 0.118943289 0.162525177 0.138523564 0.969664514
1305031459.127618 -1.821111202 0.109732732 -0.159921676 0.118943289 0.162525177 0.138523564 0.969664514
1305031459.127618 -1.821111202 0.109732732 -0.159921676 0.118943289 0.162525177 0.138523564 0.969664514
1305031459.127618 -1.821111202 0.109732732 -0.159921676 0.118943289 0.162525177 0.138523564 0.969664514
1305031459.127618 -1.821111202 0.109732732 -0.159921676 0.118943289 0.162525177 0.138523564 0.969664514
1305031459.127618 -1.821111202 0.109732732 -0.159921676 0.118943289 0.162525177 0.138523564 0.969664514
1305031459.127618 -1.821111202 0.109732732 -0.159921676 0.118943289 0.162525177 0.138523564 0.969664514
1305031459.127618 -1.821111202 0.109732732 -0.159921676 0.118943289 0.162525177 0.138523564 0.969664514
1305031459.127618 -1.821111202 0.109732732 -0.159921676 0.118943289 0.162525177 0.138523564 0.969664514
1305031459.127618 -1.821111202 0.109732732 -0.159921676 0.118943289 0.162525177 0.138523564 0.969664514
1305031459.127618 -1.821111202 0.109732732 -0.159921676 0.118943289 0.162525177 0.138523564 0.969664514
1305031459.127618 -1.821111202 0.109732732 -0.159921676 0.118943289 0.162525177 0.138523564 0.969664514
1305031462.159646 -1.970453978 -0.247899532 0.496168494 -0.007779167 0.498719960 0.573194563 0.650127590
1305031462.191641 -1.978279710 -0.238173366 0.494814515 -0.009656634 0.497039288 0.573226154 0.651360452
1305031462.227633 -1.986804008 -0.230886340 0.499904752 -0.014861788 0.498377442 0.573574424 0.649931908
1305031462.259765 -1.990190506 -0.230840206 0.502776980 -0.024181146 0.497098058 0.574590683 0.649734080
1305031462.291629 -1.997185588 -0.223164320 0.505105972 -0.029994244 0.493858159 0.572001517 0.654231429
1305031462.327540 -2.003574371 -0.216751814 0.505480170 -0.037733953 0.490461767 0.569495559 0.658557653
1305031462.359732 -2.012250185 -0.213114977 0.511835098 -0.046649277 0.490504861 0.565208256 0.661640704
1305031462.391695 -2.022662878 -0.205255508 0.519965231 -0.054848429 0.487211943 0.561105072 0.666916251
1305031462.427635 -2.029860258 -0.199982405 0.525201559 -0.064143017 0.481711686 0.558779001 0.672016084
1305031462.459897 -2.040245533 -0.195995212 0.528850555 -0.071806088 0.474185169 0.556127489 0.678759634
1305031462.492008 -2.047235489 -0.188807726 0.527602792 -0.080941059 0.463663548 0.555226505 0.685702682
1305031462.527670 -2.057536125 -0.185853481 0.534106195 -0.086922534 0.459465683 0.551485837 0.690796018
1305031462.559862 -2.065660715 -0.178987145 0.528377056 -0.090993933 0.448785752 0.546886146 0.700875878
1305031462.591862 -2.073323727 -0.170762300 0.521556735 -0.093581051 0.442579776 0.539847612 0.709880531
1305031462.627851 -2.084097147 -0.160328031 0.517341018 -0.094580278 0.439248413 0.529438853 0.719590127
1305031462.659660 -2.091271400 -0.154472351 0.512528777 -0.096406788 0.437823832 0.520098805 0.726989269
1305031462.692548 -2.100612640 -0.153438568 0.508796215 -0.097028390 0.436647922 0.511728108 0.733524680
1305031462.727652 -2.112404346 -0.147563934 0.504939616 -0.097705580 0.432083100 0.501312971 0.743265212
1305031462.759782 -2.122830391 -0.135455370 0.494741201 -0.096831039 0.423368424 0.490940899 0.755221784
1305031462.791943 -2.132619381 -0.127493620 0.485063791 -0.097437106 0.417721570 0.483632505 0.762964129
1305031462.827816 -2.143957615 -0.120960355 0.476236582 -0.099193506 0.412734032 0.479157865 0.768257141
1305031462.859782 -2.152640343 -0.102754712 0.464777768 -0.099513553 0.407106519 0.472107232 0.775548935
1305031462.891847 -2.158267021 -0.086369395 0.447839379 -0.097869001 0.403239667 0.467914641 0.780304611
1305031462.927607 -2.161566019 -0.077465534 0.433704317 -0.097868524 0.400981098 0.467102051 0.781953752
1305031462.959676 -2.165206671 -0.071820855 0.420502186 -0.097132362 0.397893846 0.466278493 0.784111083
1305031462.995550 -2.166473150 -0.062428355 0.405819416 -0.093810417 0.393689096 0.461312234 0.789556623
1305031463.027667 -2.167596817 -0.055847287 0.390955567 -0.088135794 0.390454829 0.456030458 0.794866920
1305031463.059810 -2.178560495 -0.044088423 0.376718044 -0.080932118 0.386932343 0.446525425 0.802713156
1305031463.095809 -2.180091381 -0.032548010 0.361655533 -0.080635533 0.381105334 0.437663347 0.810374916
1305031463.127550 -2.180478096 -0.021592736 0.345375359 -0.076269940 0.378749818 0.428319365 0.816868424
1305031463.159787 -2.186289787 -0.012220263 0.330853045 -0.071987323 0.377879232 0.417565703 0.823203504
1305031463.195657 -2.190562725 -0.005406559 0.315991461 -0.073973164 0.375987113 0.410519391 0.827427030
1305031463.227784 -2.185762882 0.005708814 0.303487778 -0.073537394 0.372588098 0.406659335 0.830902278
1305031463.260034 -2.183588982 0.015328407 0.288352370 -0.067675330 0.372044772 0.401596099 0.834100306
1305031463.295737 -2.185205936 0.022308648 0.273720562 -0.066415399 0.370814443 0.396481633 0.837190568
1305031463.327739 -2.178961754 0.030749679 0.261735678 -0.066322446 0.365714759 0.394736558 0.840260208
1305031463.359750 -2.173955917 0.037792444 0.248038530 -0.060503498 0.361562788 0.392167509 0.843692064
1305031463.395630 -2.172868013 0.049580157 0.235740364 -0.056033298 0.357521445 0.386995316 0.848099887
1305031463.427716 -2.167171478 0.064238787 0.222774446 -0.054621127 0.353395760 0.382350385 0.852018893
1305031463.459756 -2.160585880 0.076983154 0.209257185 -0.053059354 0.351472348 0.379734099 0.854080796
1305031463.495629 -2.153456450 0.090687215 0.193798184 -0.052539993 0.350914985 0.378293246 0.854980946
1305031463.527670 -2.141139030 0.097950876 0.177964330 -0.053244583 0.352571040 0.377449006 0.854629159
1305031463.559751 -2.137750149 0.103096306 0.166693985 -0.051014770 0.356935173 0.377202809 0.853060901
1305031463.595600 -2.131083012 0.109757543 0.151282132 -0.051247850 0.353540510 0.378219068 0.854010046
1305031463.627588 -2.113650799 0.118579984 0.130248845 -0.049522698 0.346338123 0.377604812 0.857328475
1305031463.659766 -2.104450703 0.124999762 0.113277018 -0.041942559 0.348233163 0.373867989 0.858601928
1305031463.695640 -2.102735281 0.134523571 0.097182214 -0.036849927 0.348865390 0.369587541 0.860430181
1305031463.727588 -2.084110737 0.136484683 0.074724972 -0.040173370 0.343594939 0.368620068 0.862813950
1305031463.759674 -2.067000866 0.132082760 0.051950753 -0.039302912 0.345229924 0.363910258 0.864199579
1305031463.795647 -2.061567307 0.142524183 0.034099400 -0.032053605 0.348360598 0.352574408 0.867933691
1305031463.827761 -2.054804802 0.139573097 0.018307745 -0.035791982 0.351448178 0.340038031 0.871537328
1305031463.859910 -2.034132004 0.134146512 -0.011297762 -0.037404619 0.347682118 0.334835857 0.874987483
1305031463.895648 -2.028325081 0.136635244 -0.029961646 -0.033760503 0.349702597 0.325296819 0.877923846
1305031463.927664 -2.021174908 0.130962968 -0.047896028 -0.034787711 0.348985761 0.320662081 0.879871905
1305031463.959680 -2.010999441 0.126323819 -0.067832708 -0.034014095 0.344554603 0.315151393 0.883631647
1305031463.995821 -2.002782106 0.123231173 -0.087352395 -0.031011177 0.342008859 0.307349473 0.887470901
1305031464.027703 -1.997145534 0.122191429 -0.106908381 -0.029982809 0.338926852 0.299324960 0.891422570
1305031464.059652 -1.986255646 0.115365773 -0.129089773 -0.031331163 0.337120593 0.290768892 0.894886315
1305031464.095634 -1.981981039 0.108473718 -0.145720780 -0.029630551 0.339763969 0.281102210 0.897030652
1305031464.127681 -1.983872652 0.102408320 -0.158277810 -0.027321909 0.341495425 0.275258183 0.898257911
1305031464.159817 -1.976112843 0.092624456 -0.174760401 -0.022985455 0.336533755 0.273817897 0.900688887
1305031464.195585 -1.973651171 0.083100021 -0.189949840 -0.013906073 0.330954492 0.269268453 0.904306591
1305031464.227624 -1.978738546 0.087149858 -0.200499058 -0.000644853 0.323810399 0.261981279 0.909127176
1305031464.259644 -1.982653737 0.085382134 -0.214627385 0.006873068 0.311625570 0.259125382 0.914164245
1305031464.295667 -1.977602959 0.081325054 -0.231514245 0.009526016 0.295316041 0.255409658 0.920577884
1305031464.327866 -1.961343527 0.083772779 -0.253685147 0.012360385 0.277613610 0.249327078 0.927692831
1305031464.359684 -1.948901653 0.079048336 -0.271540552 0.015327571 0.267186284 0.243135020 0.932342172
1305031464.395611 -1.933624625 0.085687369 -0.294377625 0.020994868 0.258560061 0.235315546 0.936660349
1305031464.427634 -1.925501347 0.087035105 -0.312487543 0.021770343 0.257962734 0.226644441 0.938942790
1305031464.459689 -1.915823579 0.082334816 -0.328144044 0.022344787 0.255298555 0.218730852 0.941530824
1305031464.495633 -1.906306028 0.085200399 -0.346918494 0.024540320 0.252457678 0.211216301 0.943954825
1305031464.527574 -1.904773593 0.085979611 -0.364444613 0.025170470 0.253891349 0.201727837 0.945627570
1305031464.559703 -1.884851813 0.083888188 -0.386221319 0.021144498 0.248093843 0.192202672 0.949242055
1305031464.595698 -1.856555939 0.066741362 -0.417490751 0.018348336 0.247096941 0.184330717 0.951119661
1305031464.627672 -1.842110991 0.061147347 -0.439321548 0.024730278 0.257171094 0.174831584 0.950097561
1305031464.659749 -1.841162682 0.059018195 -0.454444498 0.031957399 0.270939410 0.160297900 0.948617518
1305031464.695663 -1.826115608 0.032220274 -0.477241576 0.035605554 0.280474484 0.143951908 0.948337674
1305031464.727652 -1.826537490 0.034982696 -0.484153301 0.051739462 0.289266467 0.122967601 0.947906673
1305031464.759740 -1.838307142 0.041227311 -0.496965945 0.062878147 0.292449743 0.100070395 0.948949635
1305031464.796021 -1.835464478 0.029553145 -0.498189211 0.065688431 0.289037883 0.082457855 0.951495111
1305031464.827759 -1.841292143 0.019793123 -0.493276298 0.074837245 0.280071408 0.065139577 0.954838336
1305031464.859654 -1.827681184 0.034365177 -0.504293144 0.082898177 0.260972857 0.049035724 0.960529327
1305031464.895817 -1.814129114 0.030944332 -0.511466026 0.077617496 0.243601054 0.029417129 0.966317117
1305031464.927799 -1.784179568 0.023546625 -0.511328161 0.073395036 0.228195876 0.009419780 0.970799267
1305031464.959763 -1.763418794 0.006862752 -0.518571854 0.071850643 0.220667779 -0.007480280 0.972670257
1305031464.995687 -1.743378282 0.011085141 -0.515890837 0.076764069 0.217482477 -0.027548108 0.972650945
1305031465.027823 -1.734327197 0.006578758 -0.503191590 0.075953394 0.218394518 -0.050244942 0.971601963
1305031465.059749 -1.719269753 0.035671998 -0.486686409 0.085754737 0.211603865 -0.068209738 0.971193790
1305031465.095700 -1.704048038 0.065100528 -0.473910987 0.083546758 0.198781937 -0.082908854 0.972950101
1305031465.127664 -1.675172329 0.086047649 -0.471081734 0.066776454 0.180937529 -0.097148918 0.976403952
1305031465.159842 -1.660772324 0.087273754 -0.458604455 0.047985893 0.169181630 -0.105376147 0.978759825
1305031465.195564 -1.637989879 0.084458522 -0.455202579 0.032954685 0.155519903 -0.112511002 0.980851114
1305031465.227907 -1.614016175 0.105042823 -0.445756286 0.024760328 0.143997833 -0.116241962 0.982415080
1305031465.259807 -1.595924377 0.105692700 -0.432878435 0.012174765 0.133926719 -0.115633070 0.984146535
1305031465.295623 -1.573599935 0.120323174 -0.425980657 0.011080395 0.122280881 -0.105059162 0.986857235
1305031465.327674 -1.558615565 0.131339818 -0.415494829 0.005608842 0.109971359 -0.091463052 0.989701688
1305031465.359948 -1.554728985 0.131777376 -0.402275234 0.001046434 0.098440707 -0.080369808 0.991891682
1305031465.395586 -1.515537500 0.145672917 -0.402654380 0.006034180 0.074808970 -0.066781037 0.994940996
1305031465.427697 -1.480350375 0.156702295 -0.406569868 0.010578146 0.056290545 -0.056273747 0.996771157
1305031465.460125 -1.456284285 0.177109748 -0.405506849 0.017293554 0.044163484 -0.042032462 0.997989893
1305031465.495703 -1.424031854 0.202413440 -0.408147216 0.020250393 0.029229544 -0.030846572 0.998891473
1305031465.527622 -1.401974797 0.197893664 -0.410647988 0.015296459 0.018292807 -0.028502472 0.999309301
1305031465.559812 -1.379045486 0.206970811 -0.416269213 0.021519462 0.008707337 -0.022761006 0.999471366
1305031465.595599 -1.347227216 0.226961821 -0.426304340 0.030091181 -0.000491052 -0.013393656 0.999457300
1305031465.627688 -1.333712220 0.243263260 -0.433586270 0.035820380 -0.003600629 -0.004206441 0.999342918
1305031465.660060 -1.313851833 0.257797867 -0.439324290 0.041062914 -0.014188228 0.004054195 0.999047637
1305031465.695668 -1.280957818 0.275628537 -0.442915559 0.048351880 -0.025526036 0.010547556 0.998448491
1305031465.727682 -1.257025838 0.293099612 -0.447779030 0.056094550 -0.030693488 0.019898932 0.997755170
1305031465.759766 -1.236052990 0.313397467 -0.455539376 0.064184792 -0.035970666 0.027773643 0.996902764
1305031465.795937 -1.206183434 0.336522579 -0.459535152 0.071602777 -0.042482473 0.036024392 0.995876789
1305031465.827996 -1.181746006 0.349553108 -0.462515712 0.079445630 -0.047361817 0.041225150 0.994859695
1305031465.859861 -1.159071565 0.382680297 -0.462195396 0.094380908 -0.050389677 0.045151282 0.993234396
1305031465.895494 -1.128786087 0.408076078 -0.463879585 0.098312818 -0.049914267 0.049479358 0.992670655
1305031465.927495 -1.100702167 0.419223249 -0.472916871 0.101865649 -0.044752706 0.051174987 0.992472529
1305031465.959710 -1.081791401 0.442590296 -0.479022086 0.113406755 -0.037011553 0.050321929 0.991582990
1305031465.995753 -1.063557982 0.468355775 -0.482231557 0.121526077 -0.032033224 0.048159383 0.990901589
1305031466.027644 -1.045109034 0.494193971 -0.484470010 0.128388450 -0.031563323 0.046763621 0.990117908
1305031466.059757 -1.031085491 0.522509873 -0.490317523 0.128622323 -0.030864283 0.048968319 0.990002990
1305031466.095840 -1.017833591 0.543901622 -0.494615465 0.125433639 -0.033444941 0.049178604 0.990317822
1305031466.127640 -1.013083458 0.567164183 -0.498028040 0.122529231 -0.035323929 0.047992680 0.990674317
1305031466.160428 -0.999214172 0.584134221 -0.504296243 0.117735088 -0.042090196 0.050409190 0.990871251
1305031466.195833 -0.990367889 0.606065094 -0.514437139 0.111869730 -0.050336596 0.051782645 0.991095364
1305031466.227951 -0.969816327 0.614364982 -0.525865197 0.099265873 -0.061988212 0.046274573 0.992049694
1305031466.259815 -0.944913030 0.617741287 -0.536528170 0.095086358 -0.067603566 0.038636126 0.992419064
1305031466.295737 -0.923556328 0.627944052 -0.551766336 0.096662529 -0.063915320 0.028777679 0.992845953
1305031466.327702 -0.907191634 0.644534290 -0.564281464 0.098250322 -0.055370275 0.019357456 0.993431568
1305031466.359829 -0.892957449 0.656674802 -0.577979922 0.093271099 -0.047017012 0.012841639 0.994447112
1305031466.395784 -0.883837759 0.650512636 -0.593564928 0.089281887 -0.041734815 0.008748346 0.995093226
1305031466.427819 -0.871826649 0.664545894 -0.604438961 0.096893005 -0.043661430 0.004606194 0.994326055
1305031466.459790 -0.860463560 0.677974761 -0.614622533 0.097480424 -0.048175301 0.000100806 0.994070768
1305031466.495809 -0.839660883 0.686062455 -0.622722089 0.093387589 -0.053645231 -0.001412118 0.994182527
1305031466.527538 -0.811382055 0.690730155 -0.623801708 0.091145240 -0.055479880 -0.001020804 0.994290471
1305031466.560353 -0.794947028 0.704356253 -0.632093191 0.090253547 -0.051763795 -0.001934740 0.994570792
1305031466.595936 -0.774689615 0.717762470 -0.638045251 0.083258741 -0.051986873 -0.005437957 0.995156169
1305031466.627549 -0.747489929 0.714071035 -0.639500201 0.075502977 -0.052460305 -0.009348413 0.995720804
1305031466.659688 -0.725865901 0.719024479 -0.646704793 0.081075259 -0.049817510 -0.014647475 0.995354533
1305031466.695822 -0.712045252 0.737712264 -0.649229527 0.084795341 -0.049668446 -0.021803794 0.994920850
1305031466.728074 -0.690019429 0.735794485 -0.657859564 0.075332984 -0.053042106 -0.030929936 0.995266199
1305031466.759637 -0.665288329 0.733086765 -0.656243742 0.076856323 -0.055108152 -0.039325241 0.994741023
1305031466.795604 -0.653149962 0.744991958 -0.660999358 0.084722042 -0.054940168 -0.044509731 0.993892729
1305031466.827879 -0.635934412 0.757938981 -0.666661382 0.084654212 -0.059312683 -0.048943862 0.993438601
1305031466.859665 -0.622190118 0.752477050 -0.668851554 0.080108888 -0.065209165 -0.048445471 0.993470371
1305031466.895694 -0.611742735 0.755536735 -0.672556758 0.083529070 -0.074779667 -0.050468136 0.992413163
1305031466.927756 -0.582806528 0.761005819 -0.675601840 0.085132986 -0.094318986 -0.052124389 0.990524828
1305031466.959728 -0.564429581 0.760511637 -0.681172490 0.085316204 -0.104420133 -0.054590229 0.989362180
1305031466.995712 -0.543829203 0.764206350 -0.685132444 0.086819120 -0.110775091 -0.058270022 0.988329947
1305031467.027843 -0.527783513 0.766377807 -0.690693915 0.087211460 -0.114630006 -0.062909916 0.987571061
1305031467.059700 -0.507395029 0.771332026 -0.694917679 0.088473074 -0.118392415 -0.066666797 0.986768126
1305031467.095687 -0.491765440 0.772739768 -0.696827650 0.086079367 -0.120043486 -0.071220249 0.986462176
1305031467.128974 -0.477683395 0.773081124 -0.699720144 0.086570092 -0.122155212 -0.082500607 0.985280395
1305031467.159660 -0.463695765 0.774897158 -0.701143801 0.088695958 -0.125185654 -0.090608098 0.983997881
1305031467.195663 -0.450946033 0.778517544 -0.702385426 0.090680666 -0.129796550 -0.095360406 0.982769728
1305031467.227704 -0.436477840 0.780584037 -0.705744267 0.091631956 -0.136844814 -0.101214811 0.981138408
1305031467.259694 -0.421657711 0.781008542 -0.705622673 0.093206242 -0.142598003 -0.105131507 0.979758024
1305031467.295846 -0.406047344 0.784885228 -0.708208680 0.096202724 -0.148280576 -0.111960076 0.977866471
1305031467.328008 -0.391969919 0.787565351 -0.711649358 0.097607806 -0.154023722 -0.116757214 0.976277232
1305031467.359654 -0.375816464 0.793265402 -0.715851665 0.095438100 -0.160980567 -0.117699191 0.975255787
1305031467.395756 -0.358373642 0.797139585 -0.717502713 0.090855844 -0.169482663 -0.124041468 0.973465264
1305031467.427783 -0.346806437 0.796740711 -0.720267713 0.089135334 -0.174548164 -0.128887564 0.972098708
1305031467.459692 -0.330654681 0.799898326 -0.722221494 0.089816414 -0.182070851 -0.130044639 0.970500708
1305031467.496058 -0.312678248 0.802984715 -0.729336560 0.085921988 -0.189477354 -0.135413066 0.968699694
1305031467.527663 -0.298447907 0.804561973 -0.731370926 0.081905082 -0.192378014 -0.143840238 0.967260182
1305031467.559763 -0.284488559 0.802505136 -0.729175568 0.082075134 -0.193837583 -0.146643117 0.966533244
1305031467.595989 -0.270643115 0.802181244 -0.729464054 0.081682056 -0.196009696 -0.145117328 0.966358781
1305031467.627532 -0.257444769 0.793496847 -0.728450596 0.081525773 -0.201168492 -0.144562662 0.965394497
1305031467.659626 -0.244408965 0.788759768 -0.728250921 0.087716416 -0.207187444 -0.140551493 0.964170396
1305031467.695886 -0.229797751 0.784855187 -0.724224150 0.090878054 -0.212161675 -0.143066004 0.962424457
1305031467.727535 -0.218966186 0.778868616 -0.717828870 0.095646471 -0.214294985 -0.148965791 0.960592866
1305031467.759907 -0.204656824 0.767603338 -0.712674260 0.099570416 -0.217919573 -0.148958325 0.959379077
1305031467.796075 -0.193704277 0.763047338 -0.704790711 0.103946052 -0.221349895 -0.151978895 0.957654417
1305031467.827800 -0.184435725 0.747770071 -0.694476068 0.107139707 -0.224980012 -0.153382018 0.956231773
1305031467.859729 -0.178290367 0.734054744 -0.684455156 0.112493061 -0.229778960 -0.150707960 0.954900086
1305031467.895947 -0.173643798 0.725136518 -0.674143612 0.116462722 -0.237396941 -0.149489030 0.952749789
1305031467.927754 -0.166694373 0.717169940 -0.655744016 0.121025123 -0.245805576 -0.152802184 0.949517787
1305031467.959826 -0.158659533 0.706868112 -0.638719320 0.128367081 -0.252022445 -0.153489292 0.946809232
1305031467.995754 -0.148706481 0.701527536 -0.626571119 0.131760955 -0.255328327 -0.155832976 0.945072830
1305031468.028107 -0.146877736 0.687061906 -0.607993543 0.129662409 -0.256069332 -0.159357592 0.944574714
1305031468.059850 -0.143541813 0.664502919 -0.590888619 0.131962165 -0.259235024 -0.162324324 0.942886055
1305031468.095867 -0.133908391 0.658406615 -0.578814805 0.135252610 -0.263425350 -0.164502963 0.940878630
1305031468.127816 -0.129610866 0.641775489 -0.563569307 0.133123428 -0.266079962 -0.165956333 0.940179884
1305031468.159864 -0.122300029 0.625362992 -0.549316406 0.134247378 -0.268849790 -0.169521496 0.938594699
1305031468.195985 -0.115284413 0.611286700 -0.531813145 0.133883923 -0.270884901 -0.172891304 0.937446058
1305031468.228158 -0.105201811 0.588000596 -0.517852128 0.130014822 -0.272480577 -0.173363909 0.937440932
1305031468.259754 -0.095885128 0.567972898 -0.507155895 0.128368795 -0.272139996 -0.172078475 0.938003361
1305031468.295830 -0.092593066 0.551181555 -0.493249059 0.127334535 -0.270026356 -0.172292843 0.938715637
1305031468.327847 -0.085143134 0.517558932 -0.479670733 0.123597704 -0.270767063 -0.170232818 0.939377248
1305031468.359787 -0.077730656 0.502908528 -0.473692060 0.126989916 -0.268185735 -0.166628912 0.940311074
1305031468.395860 -0.072330222 0.491556525 -0.468522757 0.124970444 -0.266831964 -0.166595772 0.940972388
1305031468.428025 -0.067711145 0.459948272 -0.463171154 0.116586991 -0.267807186 -0.167198181 0.941664219
1305031468.459759 -0.064529628 0.442585945 -0.456134945 0.115578130 -0.268500298 -0.165359199 0.941915929
1305031468.495809 -0.059216075 0.423741966 -0.449854940 0.111917295 -0.268004149 -0.166001588 0.942386270
1305031468.527756 -0.061632492 0.396650851 -0.450910866 0.108966447 -0.264928371 -0.171662495 0.942587614
1305031468.559739 -0.067615770 0.372388572 -0.450250030 0.113329776 -0.263677418 -0.180595875 0.940752745
1305031468.595768 -0.066452526 0.363169968 -0.450828969 0.117105201 -0.264190793 -0.186309904 0.939030468
1305031468.627626 -0.070966095 0.345935106 -0.448346078 0.110743396 -0.264973789 -0.188463598 0.939151883
1305031468.659579 -0.080619246 0.318577647 -0.448898256 0.105858095 -0.267669439 -0.190092027 0.938622475
1305031468.695835 -0.087437540 0.299070001 -0.451115608 0.109492183 -0.272685170 -0.193834215 0.935992837
1305031468.727785 -0.093639448 0.286913931 -0.449990928 0.114275910 -0.278011560 -0.196205929 0.933356225
1305031468.759628 -0.097309314 0.271693945 -0.447744668 0.114869751 -0.282476932 -0.196839929 0.931807876
1305031468.795796 -0.100497991 0.242975175 -0.446033418 0.114911638 -0.285584956 -0.200854808 0.929996729
1305031468.829247 -0.107637823 0.230155960 -0.446816891 0.123221427 -0.286465079 -0.206878051 0.927338004
1305031468.859659 -0.103440523 0.225745708 -0.438992381 0.127548307 -0.287612408 -0.210538879 0.925572276
1305031468.895873 -0.107421704 0.212251365 -0.435706973 0.124477617 -0.282787323 -0.212553650 0.927015483
1305031468.928141 -0.111703672 0.202118501 -0.431665957 0.119976349 -0.277567774 -0.209459156 0.929886460
1305031468.959594 -0.116598494 0.204324946 -0.429466575 0.115837537 -0.271157682 -0.206433266 0.932974041
1305031468.995711 -0.113735646 0.215715125 -0.425305873 0.105860524 -0.268643379 -0.209069416 0.934298873
1305031469.027699 -0.125370950 0.204461455 -0.420349032 0.086432517 -0.263839453 -0.218145415 0.935591161
1305031469.059832 -0.132640466 0.189701229 -0.416357964 0.071255147 -0.262322575 -0.225572094 0.935535610
1305031469.095723 -0.131665051 0.187889799 -0.405025452 0.061979350 -0.262503237 -0.234769046 0.933881223
1305031469.127679 -0.133206010 0.176407814 -0.390884072 0.048942953 -0.256762832 -0.246529296 0.933220685
1305031469.159703 -0.135445714 0.161829159 -0.383570880 0.037444659 -0.248393208 -0.254932731 0.933760166
1305031469.195540 -0.143232316 0.158932850 -0.372577697 0.030923221 -0.237629995 -0.260129333 0.935365498
1305031469.227754 -0.159474850 0.152906448 -0.367782116 0.024795307 -0.228153750 -0.265502661 0.936397076
1305031469.259586 -0.159792215 0.142047733 -0.355934083 0.017272202 -0.227624282 -0.269209296 0.935636282
1305031469.296754 -0.164286226 0.140642673 -0.343178213 0.012686646 -0.223030552 -0.271737009 0.936085165
1305031469.327618 -0.170141637 0.142592698 -0.333728462 0.007825385 -0.218999177 -0.273736924 0.936507523
1305031469.359592 -0.162349001 0.138827264 -0.316138536 0.001335958 -0.217760086 -0.277780682 0.935637057
1305031469.395695 -0.165520251 0.137245134 -0.302055299 0.000268059 -0.206611648 -0.283317357 0.936505675
1305031469.427651 -0.176850379 0.134140283 -0.296413839 -0.001783585 -0.192052886 -0.291220456 0.937178314
1305031469.459668 -0.179837063 0.141936690 -0.283943236 -0.000001156 -0.182597890 -0.298009902 0.936935484
1305031469.495744 -0.194180906 0.152296111 -0.271707624 0.000259779 -0.174055010 -0.301055431 0.937587619
1305031469.527622 -0.198934108 0.163196802 -0.260443062 -0.002048766 -0.173468903 -0.301450968 0.937566876
1305031469.559645 -0.198407099 0.170942903 -0.246445283 -0.007961417 -0.175124615 -0.301322758 0.937268734
1305031469.595755 -0.200133577 0.188013405 -0.229264796 -0.012346694 -0.175472692 -0.299061984 0.937880039
1305031469.627752 -0.200154334 0.180244491 -0.218221366 -0.028181460 -0.175472558 -0.301204741 0.936851561
1305031469.659590 -0.205158636 0.187446192 -0.204527169 -0.033788607 -0.171363264 -0.301334321 0.937385023
1305031469.695613 -0.207677752 0.199075788 -0.192711145 -0.037299417 -0.167589024 -0.299792945 0.938427866
1305031469.727679 -0.212366849 0.209896490 -0.180068925 -0.042422891 -0.162700325 -0.298068047 0.939619303
1305031469.759599 -0.216793150 0.222515911 -0.168060258 -0.048637483 -0.158909738 -0.294084102 0.941220820
1305031469.795621 -0.227196455 0.243476421 -0.158028230 -0.052080285 -0.154528543 -0.290683478 0.942821145
1305031469.827526 -0.234021574 0.254876524 -0.148469031 -0.058447115 -0.155771002 -0.288180649 0.943011820
1305031469.859574 -0.241292477 0.270178258 -0.139267445 -0.064788386 -0.157136217 -0.285785109 0.943100035
1305031469.895755 -0.250491351 0.285441101 -0.130909368 -0.069373295 -0.157341406 -0.283061951 0.943560779
1305031469.927854 -0.256788969 0.304325908 -0.123920791 -0.070740804 -0.159501731 -0.278171152 0.944550574
1305031469.959805 -0.266915441 0.321329623 -0.118931219 -0.071518213 -0.161461592 -0.275443345 0.944958389
1305031469.995551 -0.278396845 0.336414784 -0.115235128 -0.073140234 -0.162095055 -0.273728967 0.945223927
1305031470.027694 -0.289720476 0.348911643 -0.111274049 -0.077035308 -0.164114237 -0.273504943 0.944630742
1305031470.059638 -0.301693767 0.366174847 -0.109459661 -0.077695198 -0.163404807 -0.273519576 0.944695413
1305031470.095944 -0.313183099 0.381354064 -0.108960494 -0.078809589 -0.162340000 -0.270650476 0.945612550
1305031470.127633 -0.326830149 0.395742834 -0.108731657 -0.083643645 -0.160937637 -0.269391328 0.945796549
1305031470.159626 -0.338993698 0.411105365 -0.108222954 -0.086257644 -0.161261424 -0.266150504 0.946423948
1305031470.196092 -0.351868004 0.424141794 -0.110192761 -0.088671982 -0.161795259 -0.263137460 0.946952105
1305031470.227618 -0.364790678 0.437768042 -0.113675743 -0.092774875 -0.160604462 -0.260839552 0.947397411
1305031470.259965 -0.377293587 0.449865341 -0.116259240 -0.097925551 -0.159389779 -0.257799685 0.947916090
1305031470.295718 -0.391086817 0.464196563 -0.119586319 -0.102874875 -0.156822741 -0.254961401 0.948587477
1305031470.327644 -0.402575612 0.475546330 -0.121147528 -0.109739371 -0.156701297 -0.251961827 0.948639691
1305031470.359624 -0.416937172 0.488469839 -0.123002812 -0.115184575 -0.156654507 -0.247669041 0.949132204
1305031470.395823 -0.429864049 0.501886129 -0.127238601 -0.117676668 -0.156675130 -0.244356036 0.949681640
1305031470.427641 -0.442345440 0.513582170 -0.130036041 -0.117496692 -0.157794848 -0.245070204 0.949334502
1305031470.459721 -0.454785109 0.521024287 -0.133597404 -0.118033290 -0.159172207 -0.245617732 0.948896408
1305031470.495686 -0.467217624 0.528762817 -0.137397289 -0.117623158 -0.160607159 -0.244387731 0.949023068
1305031470.527689 -0.480244666 0.536227584 -0.141022459 -0.117806725 -0.160399407 -0.244999900 0.948877633
1305031470.559677 -0.491511822 0.543088019 -0.144920066 -0.119190812 -0.159264565 -0.244826585 0.948940635
1305031470.595760 -0.504094124 0.549326599 -0.146964386 -0.121174887 -0.158164576 -0.241365045 0.949759781
1305031470.627729 -0.514671445 0.555772662 -0.148703024 -0.123914897 -0.157304049 -0.237278134 0.950578570
1305031470.659690 -0.524514139 0.561298132 -0.150868550 -0.125844866 -0.157250792 -0.233066082 0.951375604
1305031470.695630 -0.537273824 0.568863571 -0.151522309 -0.128116965 -0.156222895 -0.228608191 0.952322841
1305031470.727654 -0.549006104 0.572358906 -0.151723221 -0.129165918 -0.155966148 -0.227517381 0.952484488
1305031470.759682 -0.559652746 0.571852028 -0.155859187 -0.133264840 -0.150842190 -0.225352451 0.953259349
1305031470.795615 -0.567060828 0.578128219 -0.156168088 -0.133812204 -0.146853819 -0.220952019 0.954834282
1305031470.827831 -0.577196062 0.584779203 -0.155389234 -0.128603220 -0.145738587 -0.215159759 0.957041144
1305031470.859645 -0.587642550 0.585146070 -0.157591656 -0.125613570 -0.145750985 -0.211225480 0.958311915
1305031470.895722 -0.597481370 0.587164342 -0.160228774 -0.122304842 -0.146159425 -0.205204114 0.959984481
1305031470.927684 -0.605102122 0.589406073 -0.162052289 -0.117720209 -0.149810091 -0.201597095 0.960758865
1305031470.959647 -0.618552983 0.588637471 -0.165253386 -0.108910799 -0.150487527 -0.198248222 0.962387443
1305031470.995996 -0.629516065 0.588029921 -0.169035763 -0.102271140 -0.148963735 -0.196423993 0.963726163
1305031471.027644 -0.639517307 0.583360851 -0.172614977 -0.096783608 -0.146473095 -0.194739640 0.965015531
1305031471.059636 -0.646343291 0.581512451 -0.175761610 -0.088051550 -0.145411536 -0.189675853 0.967018902
1305031471.095777 -0.653677106 0.579557300 -0.179408863 -0.081954591 -0.145487189 -0.181879103 0.969039202
1305031471.127663 -0.661647379 0.576423228 -0.183029294 -0.078535035 -0.145551994 -0.175082758 0.970563173
1305031471.159649 -0.668979108 0.570142746 -0.187835127 -0.077666976 -0.144392923 -0.169526890 0.971791744
1305031471.195703 -0.675636530 0.572832525 -0.192364603 -0.073455766 -0.140544996 -0.163314745 0.973745167
1305031471.227569 -0.683125198 0.573027909 -0.194455177 -0.073341683 -0.136585653 -0.158664495 0.975085139
1305031471.259722 -0.690154076 0.571278453 -0.195034742 -0.074707948 -0.134488598 -0.155488849 0.975784242
1305031471.296068 -0.696639359 0.566448569 -0.196232170 -0.076577157 -0.132192925 -0.151094392 0.976642966
1305031471.327642 -0.699732959 0.565924585 -0.198030949 -0.072696418 -0.128974885 -0.147534564 0.977913260
1305031471.359615 -0.702861428 0.567135990 -0.201294824 -0.070858121 -0.121418573 -0.145395160 0.979334950
1305031471.395730 -0.711105585 0.563902199 -0.202095747 -0.071463726 -0.112683110 -0.140414372 0.981060326
1305031471.427704 -0.718153179 0.562557042 -0.205507681 -0.068698049 -0.108957820 -0.132548913 0.982771397
1305031471.459647 -0.721793950 0.566316962 -0.209188148 -0.065558553 -0.109446026 -0.127413794 0.983610392
1305031471.496491 -0.725853205 0.563404143 -0.211265355 -0.068654031 -0.108927488 -0.123315141 0.983979106
1305031471.527624 -0.729878008 0.563476562 -0.213765427 -0.068667307 -0.108099371 -0.118912034 0.984611213
1305031471.559671 -0.733213186 0.563195705 -0.217310667 -0.069328897 -0.105758667 -0.117061272 0.985040784
1305031471.595702 -0.735503674 0.560410976 -0.220266104 -0.071222387 -0.101736799 -0.115099825 0.985560298
1305031471.627621 -0.739666462 0.559086442 -0.223220497 -0.071546353 -0.095939904 -0.113639176 0.986287415
1305031471.659642 -0.741824925 0.559111357 -0.226060092 -0.069741905 -0.090930156 -0.109796382 0.987326026
1305031471.695609 -0.742933512 0.562057853 -0.229645520 -0.066112496 -0.087389819 -0.104212932 0.988499820
1305031471.727501 -0.745450258 0.566424012 -0.233748376 -0.064938158 -0.082482971 -0.100411184 0.989392400
1305031471.759702 -0.745599270 0.562691450 -0.234735146 -0.068854116 -0.078767955 -0.094691746 0.989994049
1305031471.795801 -0.748469532 0.567438543 -0.239344969 -0.065382645 -0.070364110 -0.085418753 0.991704404
1305031471.827639 -0.752225459 0.573382497 -0.241290256 -0.066680059 -0.063841380 -0.078443840 0.992635250
1305031471.859665 -0.754964948 0.571896374 -0.241904825 -0.072465807 -0.059986945 -0.072424032 0.992927492
1305031471.895604 -0.756080568 0.578070521 -0.242612436 -0.073438689 -0.055952545 -0.065506451 0.993571877
1305031471.927651 -0.757401347 0.579040051 -0.242306903 -0.080124341 -0.051392768 -0.062270511 0.993509591
1305031471.959643 -0.759877861 0.576654971 -0.240173057 -0.083637804 -0.044589330 -0.060901500 0.993633509
1305031471.995573 -0.764413357 0.585016727 -0.243954256 -0.080174245 -0.035270024 -0.056701023 0.994541705
1305031472.027638 -0.769091368 0.588756084 -0.243451670 -0.087255023 -0.028692499 -0.053415403 0.994339049
1305031472.059668 -0.773592412 0.587893963 -0.241268158 -0.091001287 -0.023535831 -0.051007204 0.994265139
1305031472.095601 -0.777906060 0.593736470 -0.241806790 -0.088493600 -0.017784331 -0.045085508 0.994896948
1305031472.127594 -0.783665240 0.600190938 -0.241144910 -0.091646545 -0.014025807 -0.041216824 0.994839430
1305031472.159645 -0.788784087 0.594247997 -0.239082634 -0.099073023 -0.012176189 -0.040007278 0.994201064
1305031472.195682 -0.792368472 0.593539655 -0.238743395 -0.096368335 -0.010850038 -0.035671350 0.994647205
1305031472.227626 -0.794563472 0.598299325 -0.239968926 -0.091247469 -0.010220050 -0.032740034 0.995237470
1305031472.263840 -0.797564387 0.589341819 -0.239631921 -0.094754845 -0.008224935 -0.032652721 0.994930983
1305031472.295671 -0.799818873 0.590154469 -0.240491226 -0.086791530 -0.005954147 -0.030311435 0.995747447
1305031472.327678 -0.801613808 0.593162537 -0.242674068 -0.079933889 -0.004450365 -0.027551025 0.996409476
1305031472.363577 -0.803150296 0.596073210 -0.243453756 -0.077502541 -0.004189688 -0.026560631 0.996629536
1305031472.395599 -0.805356801 0.591679335 -0.242362455 -0.079649948 -0.005491215 -0.024821309 0.996498704
1305031472.427686 -0.806227267 0.585360467 -0.243335024 -0.081031337 -0.008585910 -0.024257239 0.996379375
1305031472.463603 -0.804552913 0.584839344 -0.243896440 -0.078231558 -0.010704283 -0.025011141 0.996563971
1305031472.495626 -0.802507102 0.585319757 -0.244729921 -0.076731555 -0.010046151 -0.025760911 0.996668339
1305031472.527625 -0.804157853 0.575771689 -0.243377104 -0.080843553 -0.006930651 -0.025417445 0.996378601
1305031472.563587 -0.804450989 0.570154190 -0.243972287 -0.077512555 -0.007077839 -0.023861567 0.996680677
1305031472.595675 -0.802181542 0.575236201 -0.244997531 -0.068662249 -0.009274017 -0.021281594 0.997369826
1305031472.627701 -0.799357414 0.570800245 -0.244723886 -0.070291422 -0.011213589 -0.018662417 0.997288883
1305031472.663575 -0.797142088 0.564594030 -0.244165525 -0.071928449 -0.012562818 -0.017463421 0.997177839
1305031472.695755 -0.796348512 0.562119961 -0.243092418 -0.069832675 -0.013124128 -0.015929824 0.997345209
1305031472.727628 -0.794370353 0.555936694 -0.242386281 -0.069685750 -0.014362997 -0.016274486 0.997332871
1305031472.763578 -0.792761564 0.554962873 -0.241765454 -0.066746853 -0.014415404 -0.018107841 0.997501493
1305031472.795640 -0.791161001 0.549951971 -0.239986122 -0.066650651 -0.013902689 -0.019680645 0.997485399
1305031472.827627 -0.790211022 0.549554348 -0.239296094 -0.062707879 -0.013171591 -0.019554865 0.997753382
1305031472.863598 -0.791410267 0.547871232 -0.238484100 -0.061006978 -0.012253548 -0.018242579 0.997895420
1305031472.895713 -0.790386915 0.549377441 -0.236990675 -0.059174649 -0.014259777 -0.015556841 0.998024583
1305031472.927685 -0.789030254 0.546243846 -0.235903293 -0.060670413 -0.015857389 -0.014628430 0.997924745
1305031472.963756 -0.788882673 0.543901682 -0.234565318 -0.061610367 -0.015432696 -0.012841172 0.997898340
1305031472.995704 -0.789973617 0.546377301 -0.233892217 -0.060274493 -0.015566933 -0.011998081 0.997988343
1305031473.027638 -0.789242148 0.544090867 -0.232543036 -0.062301692 -0.017529033 -0.011643315 0.997835517
1305031473.063684 -0.786630750 0.541824162 -0.231792524 -0.064118966 -0.019514399 -0.013085877 0.997665644
1305031473.095695 -0.785994351 0.541434109 -0.231045753 -0.063336551 -0.019060813 -0.014967199 0.997697949
1305031473.127744 -0.788394153 0.539042175 -0.230513841 -0.064661749 -0.016353944 -0.016673613 0.997633934
1305031473.167060 -0.790267766 0.537727356 -0.230909213 -0.064175710 -0.015941476 -0.017468574 0.997658372
1305031473.196069 -0.789315462 0.537045240 -0.231142521 -0.063207924 -0.017148282 -0.017338939 0.997702360
