#timestamp x y z qx qy qz qw
1305031910.771502 -0.868271 0.603139 1.562796 0.822052 -0.390615 0.161670 -0.381461
1305031910.865025 -0.881591 0.634522 1.557880 0.829608 -0.365485 0.162217 -0.389688
1305031910.965249 -0.872167 0.656988 1.561040 0.836621 -0.342061 0.152964 -0.399578
1305031911.165177 -0.889460 0.711945 1.557334 0.861683 -0.260065 0.107073 -0.422379
1305031911.265104 -0.893583 0.724845 1.557756 0.867770 -0.222778 0.083821 -0.436256
1305031911.365235 -0.882350 0.745380 1.550068 0.871068 -0.192883 0.066418 -0.446794
1305031911.465250 -0.894046 0.768476 1.546440 0.868446 -0.176207 0.056814 -0.459918
1305031911.565335 -0.895474 0.790501 1.543714 0.864962 -0.160011 0.030885 -0.474640
1305031911.665124 -0.904262 0.804462 1.533463 0.861081 -0.129327 0.012418 -0.491589
1305031911.765284 -0.904867 0.813014 1.508022 0.861602 -0.093934 -0.000977 -0.498816
1305031911.865269 -0.917292 0.829179 1.495137 0.867560 -0.067800 -0.012277 -0.492537
1305031911.965140 -0.926557 0.844851 1.484780 0.874194 -0.036809 -0.043478 -0.482224
1305031912.065365 -0.901307 0.858594 1.470856 0.878474 -0.002394 -0.095116 -0.468221
1305031912.165138 -0.903878 0.847621 1.468176 0.877902 0.031319 -0.104867 -0.466166
1305031912.265090 -0.898087 0.854054 1.473839 0.875862 0.069857 -0.098120 -0.467289
1305031912.365250 -0.894135 0.847026 1.479667 0.862339 0.089225 -0.096982 -0.488881
1305031912.465142 -0.889860 0.834640 1.478250 0.853289 0.116171 -0.108408 -0.496639
1305031912.565146 -0.877250 0.831399 1.466892 0.851000 0.138785 -0.123978 -0.491088
1305031912.665220 -0.864467 0.831794 1.465316 0.850353 0.154514 -0.140252 -0.483067
1305031912.765193 -0.841498 0.839735 1.448381 0.842463 0.191389 -0.160868 -0.477229
1305031912.865153 -0.837155 0.845089 1.456734 0.844740 0.200326 -0.156129 -0.471070
1305031912.965034 -0.833277 0.844173 1.463269 0.845893 0.195248 -0.143459 -0.475144
1305031913.065209 -0.824180 0.839342 1.462602 0.841998 0.188901 -0.136659 -0.486498
1305031913.165211 -0.820799 0.833643 1.464563 0.846422 0.151046 -0.125791 -0.494905
1305031913.265022 -0.806735 0.831593 1.459733 -0.851843 -0.093938 0.115266 0.502247
1305031913.365070 -0.788146 0.829748 1.456187 -0.856273 -0.036907 0.097552 0.505883
1305031913.465231 -0.745943 0.813758 1.417967 -0.851285 0.006668 0.074165 0.519392
1305031913.565261 -0.746116 0.794343 1.407585 -0.851190 0.084636 0.024803 0.517394
1305031913.697243 -0.745525 0.756553 1.426927 -0.848218 0.170959 -0.027158 0.500561
1305031913.765028 -0.752492 0.741106 1.435474 0.847494 -0.215391 0.052920 -0.482244
1305031913.865063 -0.748197 0.714253 1.446265 0.843160 -0.278965 0.076714 -0.453184
1305031913.997116 -0.746848 0.671978 1.458544 0.826667 -0.347427 0.101170 -0.430908
1305031914.065072 -0.743195 0.643455 1.455602 0.813393 -0.379051 0.111925 -0.426831
1305031914.197110 -0.723806 0.577964 1.461448 0.793544 -0.424365 0.133005 -0.415346
1305031914.265074 -0.699609 0.534703 1.468548 0.782859 -0.438948 0.147878 -0.415438
1305031914.365058 -0.702394 0.479953 1.468518 0.780226 -0.439705 0.172821 -0.409926
1305031914.465054 -0.680589 0.413016 1.462087 0.787993 -0.435095 0.168101 -0.401873
1305031914.565001 -0.657934 0.345601 1.460396 0.796619 -0.427563 0.170405 -0.391855
1305031914.665019 -0.634029 0.272432 1.458094 0.806573 -0.420727 0.174353 -0.376869
1305031914.764901 -0.614733 0.217413 1.455531 0.809403 -0.421523 0.185131 -0.364569
1305031914.865128 -0.590299 0.177292 1.463308 0.816164 -0.418700 0.181963 -0.354198
1305031914.964978 -0.562647 0.125085 1.467690 0.820479 -0.406390 0.170469 -0.364146
1305031915.065009 -0.534591 0.069442 1.463890 0.820897 -0.400526 0.164317 -0.372433
1305031915.197108 -0.492179 0.002967 1.471079 0.829035 -0.367166 0.170119 -0.385939
1305031915.264979 -0.472356 -0.031576 1.469266 0.833815 -0.347665 0.171229 -0.393145
1305031915.397167 -0.427628 -0.089415 1.474192 0.848215 -0.306056 0.149056 -0.405762
1305031915.464920 -0.394267 -0.117533 1.479137 0.857890 -0.276007 0.136417 -0.411382
1305031915.601161 -0.319865 -0.177685 1.493539 0.878460 -0.210017 0.114381 -0.413664
1305031915.665003 -0.292369 -0.195463 1.502320 0.881743 -0.196771 0.119710 -0.411680
1305031915.765010 -0.267088 -0.223922 1.495664 0.883898 -0.177979 0.110817 -0.418051
1305031915.865069 -0.215154 -0.250977 1.497115 0.892613 -0.138735 0.074850 -0.422365
1305031915.965061 -0.151176 -0.270690 1.488567 0.900670 -0.100027 0.045903 -0.420335
1305031916.065060 -0.094163 -0.275548 1.512994 0.907102 -0.068079 0.036291 -0.413780
1305031916.165155 -0.063052 -0.309662 1.522847 0.882415 -0.039309 0.023022 -0.468261
1305031916.265060 -0.007634 -0.341723 1.515717 -0.861598 0.005805 0.008678 0.507483
1305031916.365121 0.047763 -0.372172 1.508192 -0.834905 -0.025590 0.011520 0.549678
1305031916.465124 0.081108 -0.392928 1.513221 -0.807747 -0.030844 0.001910 0.588719
1305031916.565142 0.075198 -0.410429 1.518409 -0.781414 -0.038730 0.013454 0.622665
1305031916.665139 0.124442 -0.413964 1.521122 -0.760923 -0.058670 0.044953 0.644619
1305031916.765076 0.182803 -0.401530 1.527802 -0.740752 -0.074010 0.068427 0.664173
1305031916.865085 0.237529 -0.391439 1.528153 -0.718558 -0.082470 0.094414 0.684075
1305031916.965054 0.280924 -0.373900 1.525024 -0.694031 -0.090367 0.119865 0.704121
1305031917.065136 0.353606 -0.337087 1.534940 -0.662442 -0.099363 0.143542 0.728487
1305031917.165045 0.390492 -0.331162 1.496520 -0.614291 -0.107872 0.147720 0.767587
1305031917.265163 0.452875 -0.312066 1.454400 -0.570833 -0.108049 0.157302 0.798581
1305031917.401065 0.481242 -0.316103 1.477808 -0.557605 -0.110721 0.175370 0.803780
1305031917.465076 0.500448 -0.325646 1.544941 -0.576985 -0.116796 0.176823 0.788784
1305031917.565195 0.552928 -0.285102 1.554766 -0.619589 -0.136475 0.180841 0.751519
1305031917.601069 0.571267 -0.263682 1.552580 -0.628208 -0.143426 0.184577 0.742101
1305031917.665060 0.603434 -0.234291 1.548280 -0.645475 -0.156130 0.191112 0.722815
1305031917.765114 0.630470 -0.221013 1.500226 -0.671773 -0.168190 0.207919 0.690799
1305031917.865107 0.672157 -0.193927 1.460452 -0.704558 -0.184546 0.223822 0.647645
1305031917.965346 0.715900 -0.174780 1.439183 -0.740022 -0.203012 0.226677 0.599810
1305031918.065137 0.750027 -0.162465 1.428921 -0.767501 -0.227797 0.222803 0.556247
1305031918.165017 0.793651 -0.137104 1.410059 -0.780850 -0.259263 0.224146 0.522317
1305031918.265256 0.842603 -0.112672 1.383588 0.793360 0.280235 -0.216500 -0.495152
1305031918.365072 0.892504 -0.076940 1.363790 0.808718 0.303819 -0.198548 -0.462869
1305031918.465089 0.940588 -0.034905 1.344610 0.826196 0.319069 -0.175418 -0.429912
1305031918.565018 0.987086 0.007544 1.326904 0.838074 0.324900 -0.152297 -0.410948
1305031918.665112 1.032383 0.054251 1.324912 0.845232 0.333998 -0.138580 -0.393478
1305031918.801097 1.096299 0.121636 1.340933 0.840585 0.365514 -0.125836 -0.379449
1305031918.865115 1.119146 0.145629 1.342966 0.830627 0.386700 -0.115036 -0.383783
1305031919.001053 1.168990 0.190530 1.345971 0.795610 0.445725 -0.116358 -0.393440
1305031919.065147 1.193753 0.214013 1.341148 0.779122 0.471947 -0.127256 -0.392480
1305031919.165110 1.226111 0.255976 1.334194 0.756594 0.508261 -0.142895 -0.385768
1305031919.265125 1.256909 0.293609 1.327866 0.727417 0.550321 -0.160842 -0.377015
1305031919.364948 1.300747 0.336039 1.320300 0.693568 0.589081 -0.190589 -0.368270
1305031919.465070 1.344260 0.372209 1.323093 0.669411 0.617502 -0.212034 -0.354431
1305031919.601094 1.398400 0.430753 1.346529 0.649032 0.637782 -0.226567 -0.347359
1305031919.665042 1.422134 0.458306 1.358298 0.637779 0.641586 -0.241866 -0.350865
1305031919.765060 1.449156 0.503774 1.379413 0.626766 0.637913 -0.262905 -0.362096
1305031919.901067 1.457606 0.565112 1.395481 0.612080 0.640466 -0.313952 -0.341461
1305031919.965129 1.456196 0.595643 1.399988 0.606035 0.638544 -0.337019 -0.333769
1305031920.101055 1.439031 0.656210 1.403551 0.589145 0.636510 -0.386929 -0.313128
1305031920.165140 1.429983 0.684575 1.393979 0.576883 0.639916 -0.403181 -0.308478
1305031920.301096 1.394207 0.762208 1.390141 0.584997 0.627997 -0.401888 -0.319193
1305031920.365130 1.377736 0.782990 1.385698 0.599667 0.609039 -0.394820 -0.337029
1305031920.501107 1.340315 0.812451 1.384181 0.628923 0.564823 -0.378273 -0.377280
1305031920.565153 1.325140 0.820940 1.390509 0.635817 0.549338 -0.373567 -0.392954
1305031920.665129 1.311669 0.847451 1.400945 0.647326 0.521355 -0.371245 -0.413927
1305031920.765152 1.300508 0.881348 1.412409 0.669983 0.478532 -0.353814 -0.443786
1305031920.865163 1.289061 0.891256 1.423731 0.687324 0.437334 -0.331732 -0.475687
1305031920.965217 1.282188 0.915328 1.429363 0.705009 0.397193 -0.315390 -0.495710
1305031921.065147 1.277868 0.940406 1.447352 -0.722212 -0.366492 0.291021 0.509313
1305031921.165116 1.272304 0.965825 1.459916 -0.740927 -0.346391 0.262845 0.511813
1305031921.265164 1.257335 0.993116 1.482118 -0.753091 -0.329963 0.232419 0.519577
1305031921.365112 1.253071 1.014693 1.494926 -0.760809 -0.311376 0.218761 0.525697
1305031921.465014 1.254626 1.040608 1.504336 -0.769872 -0.288430 0.209374 0.529402
1305031921.601114 1.263482 1.080904 1.520056 -0.783697 -0.239898 0.179185 0.544206
1305031921.701068 1.285323 1.108498 1.527838 -0.798683 -0.206899 0.156565 0.542941
1305031921.801034 1.284924 1.129582 1.525780 -0.813637 -0.162526 0.112649 0.546708
1305031921.865148 1.265072 1.140109 1.528355 -0.821834 -0.142188 0.092840 0.543832
1305031922.001101 1.257536 1.171455 1.524472 -0.835583 -0.101078 0.060485 0.536588
1305031922.101032 1.234316 1.188774 1.521894 -0.843534 -0.072124 0.034514 0.531091
1305031922.201057 1.216679 1.206252 1.524179 -0.851279 -0.040309 0.011309 0.523041
1305031922.301137 1.201579 1.213301 1.520171 -0.856097 -0.022540 -0.008964 0.516245
1305031922.401139 1.185289 1.219900 1.519039 -0.864371 -0.003751 -0.035609 0.501578
1305031922.465219 1.174519 1.226511 1.516868 0.869939 -0.008974 0.050403 -0.490495
1305031922.601111 1.155950 1.239855 1.509648 0.879897 -0.032354 0.079750 -0.467306
1305031922.701355 1.153834 1.245568 1.504262 0.881480 -0.043585 0.095353 -0.460436
1305031922.801220 1.158133 1.250417 1.499576 0.877974 -0.068452 0.115398 -0.459520
1305031922.865045 1.154573 1.253912 1.494747 0.874243 -0.081358 0.126566 -0.461585
1305031922.965220 1.152835 1.253554 1.480605 0.866990 -0.102795 0.142518 -0.466315
1305031923.065085 1.160995 1.248762 1.476600 0.864387 -0.119735 0.149241 -0.465001
1305031923.165168 1.170926 1.247782 1.476899 0.861788 -0.133917 0.159637 -0.462497
1305031923.265159 1.173703 1.234557 1.473004 0.852008 -0.151393 0.178501 -0.468295
1305031923.401139 1.186919 1.216263 1.460562 0.845733 -0.193551 0.190287 -0.459417
1305031923.465290 1.196854 1.207994 1.460003 0.843329 -0.209173 0.193811 -0.455500
1305031923.601069 1.210936 1.173407 1.471884 0.826256 -0.236070 0.203924 -0.469028
1305031923.665141 1.214381 1.152404 1.476785 0.822125 -0.245161 0.201930 -0.472473
1305031923.801150 1.221194 1.085252 1.484714 0.814810 -0.256325 0.206955 -0.477023
1305031923.865161 1.226214 1.066942 1.491203 0.812813 -0.257125 0.208413 -0.479359
1305031924.001096 1.228764 0.996679 1.487512 0.811704 -0.244300 0.226527 -0.479730
1305031924.101175 1.226740 0.950904 1.483375 0.808356 -0.248765 0.236100 -0.478471
1305031924.201130 1.229030 0.912542 1.481042 0.811523 -0.242173 0.234754 -0.477151
1305031924.301099 1.232737 0.866425 1.477239 0.814982 -0.232095 0.227337 -0.479849
1305031924.401095 1.229120 0.824587 1.475525 0.819956 -0.222672 0.216242 -0.480967
1305031924.465394 1.227615 0.806135 1.474640 0.822380 -0.215510 0.210272 -0.482734
1305031924.601161 1.223777 0.752285 1.477006 -0.823054 0.190078 -0.180880 0.503722
1305031924.701168 1.222426 0.717320 1.474359 -0.815013 0.180985 -0.168612 0.523993
1305031924.765170 1.223910 0.697433 1.469319 -0.811804 0.175769 -0.165297 0.531748
1305031924.901110 1.219405 0.650784 1.454862 -0.812006 0.177325 -0.163114 0.531598
1305031925.001103 1.214927 0.627703 1.445816 -0.812974 0.167690 -0.157596 0.534899
1305031925.101107 1.207488 0.591166 1.435863 -0.808483 0.156783 -0.155876 0.545414
1305031925.201117 1.198596 0.567109 1.431983 -0.813340 0.154626 -0.146452 0.541406
1305031925.301283 1.188076 0.532770 1.420187 -0.818654 0.140067 -0.141742 0.538605
1305031925.401456 1.179526 0.503787 1.406497 -0.826883 0.127610 -0.143864 0.528473
1305031925.501267 1.181123 0.467558 1.400419 -0.822963 0.121988 -0.149715 0.534263
1305031925.601218 1.187098 0.420718 1.389410 -0.811813 0.140584 -0.159147 0.543937
1305031925.701322 1.194777 0.385498 1.377218 -0.811666 0.155881 -0.160024 0.539714
1305031925.801208 1.212558 0.354013 1.357088 -0.816751 0.163241 -0.156272 0.530895
1305031925.901176 1.227774 0.324816 1.346134 -0.826934 0.181880 -0.160199 0.507382
1305031926.001186 1.235728 0.297271 1.337403 0.834748 -0.203210 0.156030 -0.487398
1305031926.101106 1.237332 0.261301 1.334009 0.837764 -0.216238 0.157150 -0.476126
1305031926.201141 1.245839 0.219292 1.333023 0.837563 -0.230096 0.166933 -0.466559
1305031926.301054 1.243044 0.174857 1.335305 0.835409 -0.243391 0.183322 -0.457434
1305031926.401166 1.246584 0.128995 1.342862 0.828371 -0.264873 0.201958 -0.450397
1305031926.501075 1.249882 0.097401 1.350851 0.819310 -0.290428 0.217038 -0.444158
1305031926.601166 1.239125 0.065358 1.367299 0.805245 -0.322891 0.230901 -0.440462
1305031926.701042 1.223738 0.040917 1.374962 0.790619 -0.357639 0.243316 -0.433375
1305031926.801342 1.207849 0.016990 1.377795 0.771547 -0.398061 0.266967 -0.418320
1305031926.869333 1.211200 0.015710 1.378393 0.758153 -0.428340 0.278172 -0.405400
1305031927.001575 1.147632 -0.015473 1.308917 0.704606 -0.493374 0.335752 -0.383906
1305031927.101272 1.170912 -0.035684 1.318923 0.686767 -0.534421 0.341107 -0.355516
1305031927.201210 1.163949 -0.051222 1.305859 0.658768 -0.586608 0.348350 -0.317124
1305031927.301135 1.148296 -0.101393 1.274232 0.651416 -0.613654 0.334897 -0.294840
1305031927.401161 1.145490 -0.129290 1.254871 -0.635955 0.644071 -0.327902 0.270580
1305031927.501136 1.137641 -0.161541 1.226176 -0.629192 0.660827 -0.321956 0.252527
1305031927.601132 1.128222 -0.198531 1.214522 -0.636132 0.663520 -0.313063 0.238891
1305031927.701131 1.136164 -0.224698 1.204377 0.659513 -0.650898 0.302993 -0.222643
1305031927.801109 1.141193 -0.251081 1.190805 0.679621 -0.636033 0.298630 -0.210707
1305031927.901130 1.151348 -0.299989 1.191853 0.687230 -0.633442 0.290714 -0.204823
1305031928.001134 1.143660 -0.343797 1.181966 0.688353 -0.632050 0.290530 -0.205612
1305031928.101114 1.141846 -0.391084 1.176277 0.688238 -0.635077 0.287676 -0.200619
1305031928.201096 1.148267 -0.433292 1.183319 0.686826 -0.638332 0.291495 -0.189295
1305031928.301255 1.143588 -0.461962 1.181244 0.670914 -0.652852 0.303410 -0.177767
1305031928.401116 1.141171 -0.485809 1.191716 -0.646628 0.674031 -0.313335 0.171394
1305031928.501428 1.148081 -0.529221 1.222859 -0.604500 0.708167 -0.323823 0.167982
1305031928.601271 1.139542 -0.550797 1.238145 -0.558342 0.732400 -0.349424 0.172475
1305031928.701110 1.128208 -0.576173 1.266819 -0.521658 0.740285 -0.385578 0.176577
1305031928.801117 1.127808 -0.567222 1.302684 -0.485691 0.744496 -0.422959 0.175887
1305031928.901197 1.117227 -0.562596 1.330795 -0.451951 0.740278 -0.463388 0.181660
1305031929.001155 1.108995 -0.555830 1.348905 -0.425322 0.729790 -0.501580 0.186883
1305031929.101213 1.096714 -0.544603 1.388435 -0.379578 0.713089 -0.559763 0.184636
1305031929.201163 1.081977 -0.518258 1.401783 -0.335976 0.696447 -0.606911 0.183685
1305031929.301292 1.075404 -0.499706 1.429374 -0.288912 0.680217 -0.646786 0.188422
1305031929.401369 1.075202 -0.480271 1.458370 0.249179 -0.666301 0.674900 -0.196118
1305031929.501198 1.069751 -0.449243 1.485937 0.222513 -0.650667 0.696795 -0.203956
1305031929.601101 1.063220 -0.415662 1.508991 0.202430 -0.631766 0.718966 -0.207321
1305031929.701269 1.063035 -0.374298 1.529928 0.185938 -0.609472 0.742304 -0.207257
1305031929.801229 1.044582 -0.347720 1.547615 0.186014 -0.588010 0.756014 -0.219283
1305031929.901292 1.030236 -0.318171 1.559439 0.188668 -0.568685 0.766402 -0.231583
1305031930.001350 1.019245 -0.285352 1.593510 0.185686 -0.563903 0.771132 -0.229979
1305031930.101133 0.989103 -0.277848 1.598515 0.177138 -0.570045 0.768938 -0.228923
1305031930.201148 0.964055 -0.274485 1.597507 0.171102 -0.579437 0.766934 -0.216309
1305031930.301105 0.912125 -0.278501 1.588667 0.153010 -0.599299 0.762539 -0.189639
1305031930.401077 0.892519 -0.286641 1.585881 0.134097 -0.622903 0.753879 -0.160240
1305031930.501044 0.859114 -0.288198 1.581003 0.120730 -0.652820 0.734741 -0.139308
1305031930.601041 0.847209 -0.290235 1.566508 0.112571 -0.680679 0.714416 -0.116678
1305031930.701009 0.830332 -0.306020 1.537639 -0.115623 0.710067 -0.686289 0.106977
1305031930.801055 0.809957 -0.318338 1.553084 -0.127465 0.741549 -0.650638 0.102607
1305031930.933330 0.778764 -0.334242 1.513355 -0.131726 0.766454 -0.622012 0.091097
1305031931.000795 0.768859 -0.336814 1.503125 -0.129794 0.782306 -0.603296 0.084764
1305031931.100819 0.760463 -0.347880 1.487017 -0.127789 0.801545 -0.579597 0.072540
1305031931.200696 0.739880 -0.375878 1.469333 -0.116671 0.830294 -0.542658 0.050216
1305031931.300955 0.736714 -0.390167 1.455095 -0.089774 0.854205 -0.511914 0.014806
1305031931.401337 0.733248 -0.408664 1.438916 -0.050923 0.869030 -0.491935 -0.013957
1305031931.500852 0.743889 -0.426149 1.430238 -0.011827 0.877869 -0.477634 -0.032755
1305031931.601199 0.758701 -0.448904 1.427748 0.028496 0.882657 -0.467325 -0.041387
1305031931.701060 0.777064 -0.468221 1.416063 0.047754 0.882402 -0.465022 -0.053303
1305031931.800959 0.799136 -0.488003 1.406535 0.062440 0.885848 -0.455878 -0.059578
1305031931.900957 0.812494 -0.508817 1.382352 0.086635 0.890620 -0.443486 -0.051093
1305031932.000829 0.826684 -0.529222 1.365788 0.104996 0.889382 -0.442753 -0.044117
1305031932.101294 0.843651 -0.549695 1.361580 0.125229 0.888456 -0.439807 -0.039165
1305031932.200948 0.852078 -0.565329 1.356369 0.124805 0.889638 -0.438719 -0.022214
1305031932.300945 0.858501 -0.601091 1.345581 0.096491 0.891661 -0.442295 0.002098
1305031932.401680 0.870387 -0.635265 1.350464 0.077232 0.889362 -0.450387 0.014900
1305031932.500893 0.882564 -0.659889 1.355467 0.054346 0.887087 -0.457090 0.034515
1305031932.600957 0.889321 -0.680860 1.360331 0.032012 0.884237 -0.463354 0.049031
1305031932.700806 0.892236 -0.704048 1.367829 -0.017858 0.875000 -0.477790 0.075984
1305031932.800821 0.908526 -0.729098 1.376698 -0.053929 0.862304 -0.494896 0.092740
1305031932.901214 0.922750 -0.746928 1.385382 -0.083080 0.844042 -0.519580 0.103575
1305031933.001958 0.931205 -0.764401 1.391327 -0.105415 0.829965 -0.536518 0.110423
1305031933.100908 0.932349 -0.782771 1.395308 -0.105341 0.822498 -0.549076 0.104478
1305031933.200949 0.936435 -0.795960 1.396945 -0.076463 0.818397 -0.563427 0.083241
1305031933.300869 0.939992 -0.802326 1.389670 -0.053733 0.813787 -0.574720 0.067532
1305031933.400926 0.941240 -0.805081 1.377041 -0.029986 0.813022 -0.578641 0.057199
1305031933.500809 0.935628 -0.806347 1.375438 -0.005476 0.816320 -0.575515 0.048736
1305031933.600899 0.912233 -0.802148 1.366971 0.024363 0.815992 -0.576347 0.037258
1305031933.700931 0.903628 -0.789660 1.362400 0.071362 0.815266 -0.574503 0.013962
1305031933.800879 0.897424 -0.778357 1.362675 0.119008 0.814736 -0.567436 -0.007717
1305031933.900942 0.892605 -0.757220 1.359122 0.153447 0.816648 -0.555584 -0.029423
1305031934.000841 0.884397 -0.738409 1.348839 0.174684 0.820023 -0.543277 -0.043562
1305031934.100917 0.871870 -0.709925 1.333762 0.186808 0.823673 -0.532269 -0.057933
1305031934.200808 0.855956 -0.683288 1.323998 0.204493 0.826652 -0.518990 -0.074017
1305031934.300934 0.842358 -0.660905 1.325771 0.217858 0.828457 -0.509755 -0.079667
1305031934.400928 0.819598 -0.620919 1.328778 0.218510 0.836382 -0.495975 -0.082026
1305031934.501241 0.799202 -0.586106 1.329459 0.192548 0.840503 -0.497654 -0.093918
1305031934.600850 0.764616 -0.557342 1.337664 0.181318 0.841678 -0.498257 -0.102188
1305031934.700945 0.730137 -0.527647 1.347383 0.163305 0.843057 -0.501786 -0.103908
1305031934.801627 0.695859 -0.497763 1.356516 0.139657 0.844023 -0.506719 -0.106573
1305031934.901010 0.654280 -0.470325 1.369584 0.112177 0.844123 -0.513485 -0.105856
1305031935.001270 0.608511 -0.441826 1.381745 0.076846 0.836536 -0.531319 -0.109556
1305031935.100912 0.564923 -0.411752 1.401411 0.058076 0.828320 -0.547339 -0.104566
1305031935.200951 0.522912 -0.397878 1.413446 0.051007 0.823381 -0.556257 -0.100102
1305031935.300805 0.481168 -0.381756 1.435789 0.051803 0.823614 -0.558375 -0.084811
1305031935.400848 0.450313 -0.374802 1.450385 0.064483 0.822128 -0.559572 -0.082631
1305031935.500863 0.401060 -0.376894 1.475166 0.101887 0.816259 -0.563428 -0.076746
1305031935.600963 0.360323 -0.375354 1.505604 0.127816 0.799735 -0.580940 -0.081210
1305031935.700948 0.328061 -0.362481 1.513256 0.158454 0.764950 -0.614601 -0.109589
1305031935.801178 0.297298 -0.328467 1.563980 0.189277 0.730327 -0.635692 -0.163380
1305031935.901144 0.294941 -0.313584 1.606567 0.218071 0.703389 -0.647760 -0.195182
1305031936.000820 0.263065 -0.304529 1.634387 0.220011 0.680845 -0.662392 -0.221997
1305031936.100718 0.255135 -0.298286 1.636683 -0.225223 -0.656708 0.675090 0.249524
1305031936.200867 0.238293 -0.296971 1.659390 -0.244174 -0.637970 0.681699 0.262031
1305031936.300816 0.218196 -0.291259 1.666888 -0.262527 -0.613685 0.693773 0.270462
1305031936.400840 0.212814 -0.293707 1.657394 -0.287256 -0.584800 0.708254 0.271789
1305031936.500753 0.185375 -0.284208 1.665845 -0.301963 -0.566019 0.717495 0.271371
1305031936.600821 0.159005 -0.286082 1.657198 -0.307177 -0.551233 0.728093 0.267704
1305031936.700881 0.123644 -0.280301 1.645253 -0.310040 -0.542756 0.732227 0.270434
1305031936.800856 0.091599 -0.284573 1.629125 -0.317064 -0.544748 0.730076 0.264025
1305031936.900833 0.036895 -0.290002 1.604633 -0.317359 -0.566878 0.720235 0.243298
1305031937.001118 -0.020861 -0.292947 1.586652 -0.313052 -0.603148 0.699071 0.222512
1305031937.100716 -0.057335 -0.295526 1.580323 -0.308259 -0.629538 0.684894 0.198944
1305031937.200813 -0.130487 -0.304419 1.542390 0.297976 0.667842 -0.661610 -0.165741
1305031937.300783 -0.150111 -0.308607 1.518992 0.298181 0.687108 -0.646209 -0.146233
1305031937.400796 -0.174854 -0.325462 1.473460 0.308323 0.715852 -0.613971 -0.124633
1305031937.500797 -0.199418 -0.335650 1.445496 0.309317 0.741351 -0.585136 -0.111072
1305031937.600746 -0.221286 -0.351745 1.412812 0.315675 0.768927 -0.547717 -0.095429
1305031937.700837 -0.244377 -0.362687 1.378556 0.327176 0.787919 -0.513727 -0.090694
1305031937.800834 -0.270493 -0.363613 1.334666 0.335061 0.798005 -0.492387 -0.092071
1305031937.900823 -0.299609 -0.369667 1.316487 0.355682 0.803270 -0.468059 -0.095754
1305031938.000822 -0.337261 -0.380320 1.299241 0.389552 0.803295 -0.438540 -0.103196
1305031938.100744 -0.361177 -0.375778 1.277227 0.419953 0.797691 -0.417076 -0.115655
1305031938.200883 -0.364492 -0.411445 1.277652 0.465024 0.789355 -0.380502 -0.126058
1305031938.300837 -0.392826 -0.414229 1.276420 0.503916 0.776340 -0.353606 -0.135379
1305031938.400842 -0.400503 -0.424411 1.270789 0.531590 0.760621 -0.336465 -0.160184
1305031938.501288 -0.419379 -0.415246 1.266384 0.553367 0.742751 -0.329199 -0.183666
1305031938.601007 -0.427719 -0.408117 1.285819 0.562560 0.726600 -0.328002 -0.219074
1305031938.700851 -0.459277 -0.404979 1.320580 0.567113 0.710752 -0.331096 -0.252171
1305031938.800781 -0.428190 -0.389949 1.324601 0.557878 0.684947 -0.352214 -0.309137
1305031938.900976 -0.394683 -0.408593 1.326621 0.551866 0.648850 -0.367397 -0.373438
1305031939.001030 -0.412360 -0.347695 1.412666 0.545913 0.636434 -0.381323 -0.389261
1305031939.101368 -0.406368 -0.334110 1.441286 0.543445 0.620829 -0.394834 -0.404160
1305031939.200865 -0.397481 -0.320013 1.492958 0.536720 0.590423 -0.420315 -0.432050
1305031939.300842 -0.386037 -0.310269 1.539059 0.525659 0.565515 -0.441914 -0.456714
1305031939.400848 -0.361727 -0.303833 1.542440 0.499331 0.524176 -0.475916 -0.499411
1305031939.500839 -0.343281 -0.297942 1.549997 -0.481347 -0.497918 0.501455 0.518580
1305031939.600838 -0.327208 -0.279139 1.571776 -0.474391 -0.480932 0.514983 0.527684
1305031939.700830 -0.309705 -0.266744 1.590908 -0.479900 -0.468032 0.519517 0.529852
1305031939.803671 -0.299283 -0.250362 1.607235 -0.496849 -0.456294 0.512413 0.531385
1305031939.903633 -0.295511 -0.224676 1.603885 -0.522166 -0.435656 0.498887 0.537268
1305031940.005582 -0.295737 -0.207064 1.609508 -0.562311 -0.426573 0.466585 0.533049
1305031940.104265 -0.318999 -0.197663 1.608258 -0.595925 -0.411371 0.425696 0.542614
1305031940.200829 -0.346299 -0.194740 1.593866 -0.616454 -0.384512 0.400936 0.558020
1305031940.301146 -0.373509 -0.185199 1.591156 -0.644603 -0.359125 0.381717 0.556605
1305031940.403665 -0.373674 -0.184092 1.590099 -0.686861 -0.322397 0.345242 0.552349
1305031940.503804 -0.441915 -0.181500 1.549132 -0.726835 -0.274045 0.312743 0.546628
1305031940.603364 -0.494706 -0.178851 1.522806 -0.749414 -0.246650 0.285256 0.544217
1305031940.703222 -0.512758 -0.169012 1.512744 -0.764648 -0.224691 0.256380 0.546897
1305031940.803047 -0.514544 -0.154405 1.480676 -0.776083 -0.208231 0.235342 0.546763
1305031940.903305 -0.531668 -0.134664 1.459140 -0.790704 -0.203658 0.209944 0.537805
1305031941.003160 -0.576583 -0.109376 1.432839 -0.806415 -0.199439 0.179148 0.527091
1305031941.103422 -0.612990 -0.071438 1.419684 -0.817084 -0.200449 0.157554 0.517079
1305031941.203508 -0.646317 -0.028927 1.405564 -0.828264 -0.187178 0.141331 0.508889
1305031941.303362 -0.688527 0.012112 1.383099 -0.837289 -0.161415 0.120007 0.508420
1305031941.403845 -0.761115 0.026136 1.375579 -0.850785 -0.117488 0.101761 0.502001
1305031941.537220 -0.790020 0.080947 1.349152 0.865075 0.061484 -0.111048 -0.485317
1305031941.603047 -0.801860 0.100235 1.335219 0.869613 0.038947 -0.093691 -0.483195
1305031941.703763 -0.828895 0.138102 1.330643 0.879340 0.003610 -0.068519 -0.471225
1305031941.800820 -0.865764 0.162352 1.319686 0.881567 -0.010774 -0.042981 -0.469974
1305031941.836848 -0.877295 0.171401 1.315795 0.880966 -0.013329 -0.035792 -0.471635
1305031941.902976 -0.891358 0.192815 1.306250 0.877239 -0.017730 -0.027641 -0.478930
1305031942.003141 -0.940927 0.209252 1.298759 0.867740 -0.031315 -0.012801 -0.495866
1305031942.100691 -1.012378 0.198426 1.293820 -0.864811 0.031934 0.001367 0.501079
1305031942.136758 -1.013174 0.216415 1.280409 0.868431 -0.029326 -0.000760 -0.494942
1305031942.203108 -1.040781 0.223176 1.268960 0.871532 -0.027233 0.009346 -0.489492
1305031942.303257 -1.075394 0.245650 1.245415 0.880393 -0.032776 0.020919 -0.472649
1305031942.439262 -1.093073 0.275155 1.206689 0.889969 -0.032993 0.013225 -0.454634
1305031942.503553 -1.105943 0.286136 1.197268 0.888665 -0.032516 0.014301 -0.457178
1305031942.601448 -1.116564 0.313450 1.188577 0.887585 -0.025569 0.005583 -0.459899
1305031942.639942 -1.118687 0.318034 1.184766 0.887208 -0.022095 0.003234 -0.460828
1305031942.704015 -1.124786 0.331986 1.169957 0.890104 -0.008534 -0.001647 -0.455675
1305031942.801557 -1.131885 0.367626 1.164479 0.894969 0.001093 0.000624 -0.446127
1305031942.841042 -1.134189 0.378253 1.162939 0.896257 0.002123 0.001277 -0.443528
1305031942.903960 -1.131880 0.399188 1.159907 0.898580 0.008379 -0.005671 -0.438693
1305031943.001103 -1.144693 0.437908 1.159934 0.900942 0.016782 -0.002841 -0.433605
1305031943.039961 -1.137829 0.440198 1.154110 0.898411 0.022546 -0.007138 -0.438518
1305031943.104177 -1.127264 0.457162 1.153181 0.898929 0.031064 -0.013487 -0.436784
1305031943.201564 -1.119469 0.496627 1.165525 0.900257 0.030179 -0.017630 -0.433953
1305031943.240004 -1.109911 0.503732 1.166158 0.899290 0.029354 -0.019471 -0.435932
1305031943.339941 -1.098387 0.534310 1.178958 0.892888 0.029276 -0.021847 -0.448795
1305031943.404245 -1.076603 0.559493 1.204663 0.888020 0.028857 -0.028467 -0.458015
1305031943.501108 -1.050415 0.584949 1.239272 0.880748 0.030351 -0.031242 -0.471579
1305031943.607467 -1.017773 0.608090 1.282540 0.875524 0.028119 -0.033830 -0.481169
1305031943.707251 -1.001227 0.625580 1.311164 0.870033 0.026204 -0.027769 -0.491513
1305031943.806822 -0.986565 0.631649 1.340434 -0.857659 -0.034296 0.023465 0.512538
1305031943.907218 -0.980596 0.644486 1.373791 -0.846481 -0.045647 0.023882 0.529921
1305031944.007760 -0.971882 0.648969 1.397663 -0.828580 -0.046924 0.028007 0.557197
1305031944.107390 -0.967630 0.652549 1.425485 -0.812758 -0.023945 0.012385 0.581977
1305031944.206998 -0.975810 0.638146 1.427880 -0.797435 0.000025 0.002914 0.603397
1305031944.306934 -0.958940 0.625854 1.438031 -0.792596 0.017654 -0.000173 0.609491
1305031944.406233 -0.955568 0.605096 1.430740 -0.787788 0.049618 -0.013813 0.613789
1305031944.506947 -0.914356 0.590325 1.418620 -0.788616 0.094275 -0.027020 0.607015
1305031944.607229 -0.909868 0.565820 1.406667 -0.792507 0.128131 -0.049776 0.594169
1305031944.707774 -0.890690 0.545520 1.399116 -0.805578 0.151318 -0.074160 0.568021
1305031944.807919 -0.899320 0.541093 1.420343 -0.813415 0.176769 -0.108110 0.543527
1305031944.939702 -0.884577 0.532512 1.425750 -0.821805 0.199466 -0.127548 0.518248
1305031945.007437 -0.889047 0.552278 1.471245 -0.818700 0.212386 -0.134148 0.516359
1305031945.107523 -0.886301 0.553412 1.492458 -0.786063 0.219326 -0.141556 0.560323
1305031945.207107 -0.875030 0.529395 1.490642 -0.751453 0.203041 -0.145105 0.610767
1305031945.306358 -0.873840 0.534552 1.501282 -0.734529 0.198093 -0.160486 0.628865
1305031945.338940 -0.872793 0.526843 1.510762 -0.728126 0.194932 -0.158324 0.637783
1305031945.406657 -0.862375 0.524175 1.517148 -0.717465 0.189159 -0.147194 0.654062
1305031945.538422 -0.811100 0.478660 1.559765 -0.700009 0.161867 -0.145068 0.680251
1305031945.638298 -0.714049 0.427112 1.446869 -0.676808 0.162436 -0.136685 0.704884
1305031945.738673 -0.679314 0.420451 1.433754 -0.687845 0.166074 -0.142704 0.692043
1305031945.838266 -0.650976 0.394524 1.386930 -0.704852 0.179637 -0.147794 0.670128
1305031945.909177 -0.621884 0.370580 1.371407 -0.727421 0.194440 -0.143152 0.642307
1305031946.037278 -0.589139 0.344078 1.373373 -0.765949 0.237229 -0.153805 0.577398
1305031946.137054 -0.574755 0.334312 1.372692 -0.778969 0.264852 -0.165768 0.543674
1305031946.237369 -0.575472 0.314861 1.364508 -0.785674 0.280982 -0.175568 0.522438
1305031946.337036 -0.584568 0.292454 1.355361 -0.800599 0.277022 -0.169024 0.503717
1305031946.437150 -0.601321 0.252162 1.356079 0.815243 -0.267291 0.160412 -0.488060
1305031946.537148 -0.620275 0.200613 1.360272 0.822525 -0.263575 0.149331 -0.481332
1305031946.637163 -0.639753 0.148567 1.361189 0.821995 -0.269583 0.152366 -0.477948
1305031946.737134 -0.668046 0.097577 1.367190 0.820835 -0.275190 0.165297 -0.472416
1305031946.837100 -0.688344 0.053480 1.374441 0.825348 -0.279093 0.171494 -0.459888
1305031946.937151 -0.710162 0.013497 1.384160 0.826962 -0.277118 0.167351 -0.459709
1305031947.037000 -0.716092 -0.026853 1.392194 0.834651 -0.271523 0.156415 -0.452955
1305031947.137044 -0.707791 -0.069148 1.394240 0.836225 -0.264695 0.159235 -0.453109
1305031947.204982 -0.700346 -0.087806 1.397154 0.836722 -0.267700 0.160765 -0.449876
1305031947.304951 -0.677748 -0.120493 1.384589 0.843864 -0.254168 0.158366 -0.445211
1305031947.437038 -0.623226 -0.140528 1.388841 0.859234 -0.227597 0.145771 -0.434358
1305031947.504994 -0.596674 -0.152934 1.387942 0.859817 -0.207937 0.138937 -0.445166
1305031947.605177 -0.550247 -0.181065 1.384063 0.865135 -0.168536 0.118270 -0.457328
1305031947.705153 -0.494719 -0.209649 1.385559 0.866379 -0.120609 0.099793 -0.474217
1305031947.804941 -0.440422 -0.251242 1.375193 0.859843 -0.070976 0.090009 -0.497525
1305031947.904995 -0.393235 -0.276420 1.373529 -0.857586 0.032315 -0.082749 0.506611
1305031948.004911 -0.349606 -0.296646 1.366690 -0.858790 0.001218 -0.072642 0.507150
1305031948.104993 -0.305283 -0.307439 1.369005 -0.857247 -0.013144 -0.065048 0.510611
1305031948.204992 -0.258953 -0.308641 1.366502 -0.854936 -0.032592 -0.051545 0.515136
1305031948.304939 -0.207907 -0.303856 1.359265 -0.854047 -0.053058 -0.034185 0.516353
1305031948.436942 -0.121568 -0.283623 1.348697 -0.859945 -0.053722 -0.032408 0.506515
1305031948.605001 -0.020686 -0.243003 1.354197 0.872068 0.051578 0.041329 -0.484902
1305031948.705075 0.037454 -0.223900 1.358834 0.876440 0.060998 0.055571 -0.474387
1305031948.804975 0.091316 -0.205628 1.353352 0.882102 0.055953 0.066809 -0.462928
1305031948.905077 0.141463 -0.188765 1.343353 0.894662 0.040862 0.070409 -0.439265
1305031949.005006 0.185098 -0.169895 1.325540 0.912429 0.033090 0.065522 -0.402598
1305031949.105077 0.224752 -0.146461 1.308271 0.932008 0.030265 0.062449 -0.355731
1305031949.204940 0.259662 -0.130756 1.288188 0.945748 0.048245 0.046034 -0.317985
1305031949.305254 0.297063 -0.114193 1.277084 0.953495 0.083429 0.024110 -0.288627
1305031949.437094 0.360244 -0.099864 1.263952 0.951069 0.135156 0.006739 -0.277769
1305031949.537017 0.390062 -0.087368 1.279412 0.946835 0.165186 -0.001451 -0.276071
1305031949.604798 0.407988 -0.079692 1.295658 0.939713 0.184754 -0.012530 -0.287487
1305031949.705003 0.432803 -0.066401 1.328544 0.923751 0.209871 -0.027396 -0.319198
1305031949.836964 0.452844 -0.057674 1.371867 0.897940 0.220129 -0.037327 -0.379280
1305031949.904851 0.463474 -0.049867 1.396471 0.882104 0.224028 -0.045305 -0.411887
1305031950.036989 0.485844 -0.043594 1.441450 0.850050 0.211606 -0.039676 -0.480690
1305031950.136997 0.497065 -0.021798 1.488496 -0.825958 -0.181829 0.039135 0.532166
1305031950.237027 0.515604 -0.017107 1.507048 -0.778984 -0.148058 0.044686 0.607673
1305031950.337197 0.530990 -0.006332 1.520833 -0.737722 -0.128048 0.041089 0.661576
1305031950.436983 0.533828 0.000148 1.522665 -0.697398 -0.123714 0.041704 0.704693
1305031950.536894 0.488915 -0.033570 1.454076 -0.660092 -0.121882 0.038023 0.740256
1305031950.637006 0.468656 -0.047852 1.525330 -0.660290 -0.108022 0.037417 0.742259
1305031950.736893 0.479848 -0.036116 1.412844 -0.680441 -0.113142 0.033934 0.723220
1305031950.837135 0.547199 0.025337 1.376830 -0.716122 -0.129171 0.046991 0.684307
1305031950.936970 0.571401 0.042425 1.368361 -0.752034 -0.136866 0.053014 0.642575
1305031951.036930 0.585714 0.058712 1.357897 -0.773953 -0.152052 0.053370 0.612396
1305031951.136893 0.613368 0.059950 1.342791 -0.789063 -0.169787 0.054598 0.587853
1305031951.236957 0.648487 0.057227 1.326551 -0.806240 -0.201416 0.060814 0.552911
1305031951.304862 0.675323 0.057616 1.320075 -0.813502 -0.229550 0.058843 0.531092
1305031951.404865 0.726904 0.055632 1.305086 -0.819370 -0.270618 0.049808 0.502909
1305031951.536888 0.799433 0.064231 1.287108 0.835267 0.284513 -0.038333 -0.468949
1305031951.604927 0.829452 0.072324 1.281051 0.846778 0.278250 -0.032888 -0.452175
1305031951.736828 0.891407 0.101021 1.258016 0.865789 0.268941 -0.016888 -0.421658
1305031951.836932 0.938189 0.135834 1.240487 0.881432 0.259312 -0.007392 -0.394690
1305031951.904907 0.968647 0.161025 1.232214 0.892154 0.250638 -0.001853 -0.375818
1305031952.037104 1.020002 0.210070 1.202630 0.903581 0.239410 -0.011019 -0.355109
1305031952.136943 1.050264 0.241671 1.193694 0.895977 0.257456 -0.030411 -0.360579
1305031952.236877 1.065868 0.270621 1.199371 0.882325 0.302902 -0.053984 -0.356144
1305031952.304888 1.078748 0.293036 1.200874 0.869461 0.337491 -0.070455 -0.353799
1305031952.437054 1.102580 0.343440 1.219832 0.857848 0.360052 -0.075662 -0.358796
1305031952.536948 1.115859 0.377602 1.228817 0.856816 0.355798 -0.079814 -0.364559
1305031952.636992 1.124262 0.403321 1.233534 0.851125 0.350761 -0.088400 -0.380444
1305031952.736938 1.127637 0.421287 1.232055 0.839210 0.345848 -0.113610 -0.403990
1305031952.836931 1.127115 0.430852 1.235238 0.817632 0.356466 -0.154347 -0.424955
1305031952.936984 1.138955 0.443464 1.234074 0.780977 0.380133 -0.206541 -0.450461
1305031953.036943 1.152159 0.462912 1.235842 0.754216 0.402346 -0.242243 -0.458905
1305031953.137098 1.163302 0.479670 1.245355 0.736107 0.419678 -0.259442 -0.463365
1305031953.237103 1.169525 0.488965 1.261129 0.718363 0.437871 -0.265598 -0.470830
1305031953.337012 1.173700 0.494594 1.276786 0.698862 0.455206 -0.274989 -0.478289
1305031953.436876 1.174397 0.486277 1.288192 0.683842 0.463944 -0.290734 -0.482276
1305031953.536948 1.175421 0.472760 1.296399 0.680919 0.465976 -0.306780 -0.474448
1305031953.636962 1.176318 0.455890 1.304610 0.692209 0.467109 -0.307309 -0.456308
1305031953.736982 1.175353 0.439835 1.305285 0.709512 0.454709 -0.303330 -0.444773
1305031953.836840 1.178363 0.423281 1.302471 0.734762 0.432026 -0.298308 -0.429524
1305031953.936924 1.179848 0.411914 1.293398 0.765156 0.401043 -0.278410 -0.419748
1305031954.036921 1.176252 0.392824 1.291894 0.790624 0.374944 -0.233714 -0.423921
1305031954.136939 1.163986 0.367961 1.304686 0.808863 0.356632 -0.184949 -0.429359
1305031954.237023 1.141274 0.337606 1.328874 0.820557 0.337301 -0.143111 -0.438673
1305031954.336921 1.122973 0.294607 1.343284 0.822686 0.317568 -0.122066 -0.455454
1305031954.436896 1.106014 0.256237 1.358576 0.823801 0.310949 -0.107513 -0.461631
1305031954.536934 1.086261 0.216054 1.372000 0.832977 0.294074 -0.094651 -0.459033
1305031954.636862 1.053551 0.184571 1.392766 0.844712 0.266506 -0.084359 -0.456421
1305031954.736939 1.015528 0.136873 1.401165 0.841427 0.258194 -0.076011 -0.468572
1305031954.836924 0.985787 0.099437 1.403786 0.837353 0.255209 -0.074592 -0.477645
1305031954.904866 0.974650 0.083392 1.403604 0.837646 0.248030 -0.069693 -0.481636
1305031955.004936 0.950858 0.062203 1.403885 0.841961 0.235661 -0.057445 -0.481940
1305031955.104929 0.933381 0.042781 1.394565 0.847075 0.227827 -0.045802 -0.477976
1305031955.236857 0.911305 0.027219 1.382092 0.856549 0.228823 -0.035827 -0.461174
1305031955.337035 0.899026 0.024011 1.373666 0.863809 0.227665 -0.028740 -0.448527
1305031955.436909 0.892341 0.025561 1.371950 0.870549 0.216282 -0.024242 -0.441339
1305031955.536891 0.886975 0.025886 1.369954 0.875556 0.208319 -0.021515 -0.435364
1305031955.604944 0.887007 0.025396 1.372009 0.875493 0.207278 -0.021320 -0.435997
1305031955.736903 0.888116 0.024171 1.374089 0.876553 0.201732 -0.024129 -0.436323
1305031955.837019 0.888961 0.023585 1.372114 0.876667 0.195308 -0.026831 -0.438852
1305031955.904911 0.892494 0.023720 1.374520 0.876721 0.194292 -0.029056 -0.439051
1305031956.036937 0.893677 0.019954 1.378106 0.876415 0.190218 -0.030285 -0.441358
