#timestamp x y z qx qy qz qw
1305031453.374112 1.314809 0.847662 1.519455 0.886385 0.231053 -0.089359 -0.391090
1305031453.391690 1.319477 0.843985 1.520516 0.887402 0.225183 -0.089440 -0.392187
1305031453.491698 1.346019 0.818275 1.530071 0.889971 0.192725 -0.087768 -0.403863
1305031453.627706 1.375899 0.768711 1.548526 0.881503 0.168955 -0.095964 -0.430347
1305031453.691678 1.383135 0.737892 1.556467 0.874615 0.176847 -0.104114 -0.439244
1305031453.827773 1.384205 0.669909 1.569260 0.857607 0.213137 -0.125618 -0.450892
1305031453.891710 1.377858 0.640601 1.573864 0.851494 0.236492 -0.145718 -0.444742
1305031454.027662 1.351906 0.587486 1.582177 0.837069 0.287967 -0.180771 -0.428616
1305031454.091651 1.334759 0.566911 1.583737 0.824193 0.317375 -0.190245 -0.428703
1305031454.227671 1.295984 0.526204 1.585046 0.789727 0.391263 -0.221397 -0.417406
1305031454.291639 1.280910 0.509727 1.584057 0.777406 0.417104 -0.224635 -0.413768
1305031454.391677 1.261501 0.486106 1.581271 0.748624 0.460500 -0.234584 -0.415299
1305031454.491617 1.249693 0.462719 1.574132 0.716454 0.506312 -0.240697 -0.415220
1305031454.591635 1.248674 0.441296 1.561688 0.689200 0.552726 -0.240186 -0.402253
1305031454.691884 1.258123 0.426948 1.546083 0.665887 0.588064 -0.262440 -0.376696
1305031454.791641 1.276930 0.419673 1.530155 0.669589 0.587272 -0.280227 -0.358098
1305031454.927567 1.302938 0.402547 1.506101 0.698079 0.561181 -0.274731 -0.349692
1305031455.027799 1.315249 0.375797 1.490336 0.711444 0.547486 -0.269917 -0.348211
1305031455.091700 1.317058 0.353003 1.481111 0.713031 0.541621 -0.267229 -0.356120
1305031455.191655 1.312012 0.313616 1.468491 0.725787 0.528177 -0.257256 -0.357884
1305031455.291831 1.299316 0.274885 1.458657 0.745705 0.506273 -0.249813 -0.353845
1305031455.391665 1.281882 0.236001 1.453652 0.772365 0.483743 -0.239394 -0.334867
1305031455.527610 1.251511 0.177096 1.463074 0.802867 0.442789 -0.233620 -0.323673
1305031455.591645 1.232175 0.145142 1.473803 0.815686 0.420241 -0.240687 -0.316423
1305031455.727628 1.185460 0.078172 1.509111 0.821606 0.406411 -0.230559 -0.326551
1305031455.791666 1.164713 0.050813 1.530599 0.822636 0.403174 -0.220825 -0.334599
1305031455.927955 1.126780 0.000101 1.577526 0.825752 0.400339 -0.205497 -0.340049
1305031455.991694 1.108992 -0.020164 1.595662 0.828293 0.401006 -0.192852 -0.340490
1305031456.127645 1.067223 -0.055683 1.625716 0.834647 0.410552 -0.158595 -0.331148
1305031456.191658 1.046434 -0.067287 1.637588 0.836909 0.401582 -0.147176 -0.341547
1305031456.327718 0.997092 -0.082126 1.649904 0.848617 0.368424 -0.115230 -0.361712
1305031456.391619 0.971764 -0.086389 1.648741 0.853912 0.352002 -0.096964 -0.370846
1305031456.491677 0.927208 -0.092825 1.635490 0.862802 0.332653 -0.088731 -0.370190
1305031456.591651 0.880373 -0.097997 1.614036 0.872279 0.314231 -0.086047 -0.364671
1305031456.691612 0.836919 -0.101594 1.588376 0.887878 0.290016 -0.074740 -0.349252
1305031456.791649 0.795470 -0.106134 1.561198 0.894912 0.273173 -0.091163 -0.340880
1305031456.891672 0.755442 -0.111518 1.532519 0.904106 0.253146 -0.090410 -0.332167
1305031456.991709 0.717160 -0.122039 1.507698 0.911710 0.235949 -0.077067 -0.327373
1305031457.091655 0.682096 -0.138383 1.495533 0.920763 0.216491 -0.062427 -0.318481
1305031457.191735 0.648750 -0.161325 1.500602 0.925340 0.191237 -0.048542 -0.323755
1305031457.327548 0.599629 -0.203353 1.522724 0.927684 0.154572 -0.025104 -0.338939
1305031457.391684 0.576015 -0.223883 1.538401 0.927464 0.133629 -0.011187 -0.349039
1305031457.527638 0.523605 -0.264804 1.579412 0.927810 0.109122 -0.002688 -0.356726
1305031457.591678 0.498930 -0.282465 1.597548 0.927104 0.098317 0.002633 -0.361671
1305031457.759556 0.427979 -0.316557 1.641493 0.927743 0.087330 0.011347 -0.362680
1305031457.791567 0.413989 -0.321720 1.650939 0.924055 0.084685 0.015147 -0.372454
1305031457.891593 0.370074 -0.333118 1.676812 0.915319 0.072121 0.033813 -0.394773
1305031457.991644 0.322642 -0.337939 1.694463 0.908176 0.060130 0.033232 -0.412912
1305031458.091690 0.270018 -0.333066 1.696984 0.902967 0.047271 0.043824 -0.424849
1305031458.191646 0.210761 -0.317674 1.686968 0.903433 0.038511 0.049625 -0.424103
1305031458.291664 0.146867 -0.296143 1.672610 0.903811 0.042418 0.045422 -0.423395
1305031458.391626 0.088562 -0.272479 1.651052 0.896061 0.036661 0.032303 -0.441235
1305031458.491696 0.046640 -0.247846 1.613779 0.874237 0.012131 0.038113 -0.483849
1305031458.591641 0.019070 -0.221761 1.560611 -0.854349 -0.009376 -0.057320 0.516444
1305031458.691674 0.001906 -0.191355 1.502261 -0.861829 -0.030629 -0.042506 0.504486
1305031458.827564 -0.010492 -0.153330 1.445113 0.862297 0.080492 0.006216 -0.499926
1305031458.927621 -0.032396 -0.133802 1.427361 -0.859116 -0.076541 -0.013521 0.505845
1305031459.027665 -0.077914 -0.116081 1.423608 -0.857171 -0.061686 -0.014846 0.511109
1305031459.127618 -0.141560 -0.098557 1.419814 -0.846421 -0.059975 0.042226 0.527438
1305031459.191674 -0.181890 -0.088489 1.411285 -0.842646 -0.064236 0.079155 0.528730
1305031459.327632 -0.243720 -0.077137 1.376829 -0.847389 0.001545 0.072776 0.525959
1305031461.027620 -0.705311 0.353423 1.440988 0.791081 -0.457405 0.166627 -0.370414
1305031461.127586 -0.701928 0.392996 1.447041 0.793487 -0.455641 0.166972 -0.367274
1305031461.227607 -0.696977 0.425220 1.450635 0.793622 -0.449239 0.173117 -0.371992
1305031461.327751 -0.689582 0.453280 1.448421 0.794794 -0.438453 0.183568 -0.377312
1305031461.427624 -0.674866 0.478100 1.444797 0.800092 -0.436353 0.189543 -0.365407
1305031461.527705 -0.660764 0.487419 1.446007 0.800013 -0.436833 0.190885 -0.364306
1305031461.659622 -0.639117 0.477432 1.446710 0.797982 -0.438185 0.209729 -0.356696
1305031461.727602 -0.627413 0.463674 1.442725 0.795033 -0.449262 0.206187 -0.351530
1305031461.827615 -0.614202 0.433654 1.430190 0.788397 -0.463558 0.209597 -0.345852
1305031461.927758 -0.604236 0.395499 1.408354 0.780868 -0.489698 0.199475 -0.332642
1305031462.027675 -0.599943 0.357762 1.384835 0.775137 -0.513499 0.197285 -0.310740
1305031462.127739 -0.603213 0.328094 1.364183 0.767474 -0.537772 0.172224 -0.303520
1305031462.227633 -0.614411 0.306795 1.345872 0.770300 -0.540741 0.170308 -0.291946
1305031462.327540 -0.629665 0.287993 1.325291 0.785852 -0.525553 0.170374 -0.277856
1305031462.427635 -0.648677 0.267905 1.301737 0.807498 -0.503519 0.163337 -0.260263
1305031462.527670 -0.670348 0.243421 1.283201 0.829858 -0.478216 0.147132 -0.246977
1305031462.627851 -0.688921 0.214184 1.275817 0.847075 -0.446039 0.146812 -0.248916
1305031462.727652 -0.701814 0.177361 1.274472 0.862840 -0.408571 0.145156 -0.259822
1305031462.827816 -0.705480 0.129462 1.273732 0.876765 -0.379546 0.134071 -0.263159
1305031462.927607 -0.697665 0.073684 1.277245 0.881847 -0.366078 0.130577 -0.266988
1305031463.027667 -0.684326 0.020679 1.286871 0.885524 -0.343815 0.122598 -0.287416
1305031463.127550 -0.667336 -0.028684 1.300096 0.892745 -0.313091 0.118356 -0.301616
1305031463.227784 -0.643319 -0.073552 1.311003 0.897557 -0.291371 0.117178 -0.309458
1305031463.327739 -0.611727 -0.112769 1.318862 0.899800 -0.274836 0.111972 -0.319824
1305031463.427716 -0.573433 -0.147492 1.324806 0.901650 -0.260869 0.100681 -0.329905
1305031463.527670 -0.528723 -0.182042 1.333117 0.901299 -0.257514 0.105270 -0.332062
1305031463.627588 -0.482153 -0.215197 1.349181 0.900708 -0.252671 0.099441 -0.339109
1305031463.727588 -0.430810 -0.245560 1.377935 0.900043 -0.242556 0.098854 -0.348306
1305031463.827761 -0.377681 -0.270228 1.420047 0.901298 -0.217774 0.109281 -0.358180
1305031463.927664 -0.328539 -0.290775 1.468233 0.903161 -0.193883 0.113950 -0.365683
1305031464.027703 -0.288886 -0.309794 1.517837 0.905516 -0.169526 0.110794 -0.372863
1305031464.127681 -0.257430 -0.327388 1.567996 0.904780 -0.147639 0.115726 -0.382341
1305031464.227624 -0.231340 -0.345552 1.613480 0.900075 -0.127803 0.091604 -0.406375
1305031464.327866 -0.200883 -0.362490 1.647184 0.903338 -0.097622 0.052750 -0.414328
1305031464.427634 -0.159866 -0.379119 1.682688 0.901607 -0.070301 0.046231 -0.424294
1305031464.527574 -0.114957 -0.396956 1.725541 0.899789 -0.045980 0.047282 -0.431312
1305031464.627672 -0.074118 -0.417670 1.775867 0.892966 -0.024344 0.071512 -0.443739
1305031464.727652 -0.036533 -0.425308 1.822791 0.870635 0.010377 0.105436 -0.480385
1305031464.827759 -0.003302 -0.415648 1.852605 -0.856883 -0.067232 -0.098648 0.501498
1305031464.927799 0.029266 -0.388884 1.866722 0.853517 0.138080 0.078399 -0.496283
1305031465.027823 0.067140 -0.352335 1.860693 -0.836435 -0.192494 -0.089888 0.505216
1305031465.127664 0.108197 -0.316119 1.820956 0.835147 0.256411 0.081828 -0.479675
1305031465.227907 0.160954 -0.283244 1.766151 0.846648 0.289083 0.063836 -0.442203
1305031465.327674 0.226428 -0.256412 1.718086 0.862090 0.283056 0.021272 -0.419794
1305031465.427697 0.299755 -0.237599 1.683228 0.866807 0.270600 -0.040871 -0.416834
1305031465.527622 0.376579 -0.230737 1.657705 0.869671 0.259869 -0.083555 -0.411290
1305031465.627688 0.458499 -0.233154 1.636083 0.865687 0.244587 -0.116772 -0.420866
1305031465.727682 0.543927 -0.241099 1.608842 0.858793 0.228805 -0.152436 -0.432304
1305031465.827996 0.631485 -0.249478 1.573348 0.849333 0.213573 -0.179541 -0.448090
1305031465.927495 0.716974 -0.258378 1.531848 0.842879 0.198544 -0.181474 -0.466050
1305031466.027644 0.795379 -0.270302 1.489356 0.831516 0.195834 -0.176127 -0.489091
1305031466.127640 0.864778 -0.291220 1.453508 0.837062 0.199612 -0.182244 -0.475678
1305031466.227951 0.929130 -0.319135 1.437825 0.842595 0.215293 -0.199872 -0.451370
1305031466.327702 0.994621 -0.341947 1.443045 0.838963 0.233560 -0.175496 -0.459121
1305031466.427819 1.059412 -0.355427 1.451381 0.834513 0.245240 -0.167803 -0.463990
1305031466.527538 1.125875 -0.357351 1.449810 0.836080 0.252584 -0.170923 -0.456023
1305031466.627549 1.194602 -0.346750 1.441562 0.840911 0.261613 -0.162601 -0.444959
1305031466.728074 1.260821 -0.332412 1.434970 0.834351 0.284815 -0.156850 -0.445125
1305031466.827879 1.321442 -0.318220 1.432083 0.825684 0.302030 -0.159047 -0.449140
1305031466.927756 1.374894 -0.304478 1.433372 0.816221 0.318128 -0.189629 -0.443416
1305031467.027843 1.426054 -0.288171 1.437029 0.809111 0.331706 -0.202869 -0.440630
1305031467.128974 1.473849 -0.270996 1.437392 0.800953 0.352330 -0.201145 -0.440317
1305031467.227704 1.516045 -0.256161 1.437420 0.789699 0.373281 -0.209352 -0.439555
1305031467.328008 1.559974 -0.242933 1.438178 0.776996 0.393247 -0.218166 -0.440497
1305031467.427783 1.605680 -0.230181 1.438988 0.771407 0.410675 -0.229889 -0.428287
1305031467.527663 1.651143 -0.216016 1.439601 0.763901 0.429919 -0.239361 -0.417530
1305031467.627532 1.689265 -0.191754 1.444674 0.761375 0.431693 -0.246674 -0.416055
1305031467.727535 1.709661 -0.156342 1.449033 0.748675 0.436194 -0.261763 -0.425090
1305031467.827800 1.715638 -0.109829 1.449942 0.737291 0.441580 -0.271013 -0.433544
1305031467.927754 1.708500 -0.056017 1.446769 0.722647 0.446292 -0.293374 -0.438790
1305031468.028107 1.693321 0.003523 1.441558 0.715714 0.455193 -0.298057 -0.437853
1305031468.127816 1.674107 0.065742 1.441238 0.708270 0.462977 -0.305236 -0.436849
1305031468.228158 1.656041 0.132385 1.450513 0.706119 0.470099 -0.305164 -0.432756
1305031468.327847 1.640381 0.199834 1.472472 0.709791 0.467024 -0.303165 -0.431482
1305031468.428025 1.624127 0.260175 1.502690 0.715974 0.466172 -0.301180 -0.423504
1305031468.527756 1.602272 0.307741 1.540100 0.717850 0.471985 -0.294604 -0.418485
1305031468.627626 1.573618 0.342040 1.579174 0.712053 0.486236 -0.288998 -0.415976
1305031468.727785 1.541580 0.367682 1.616014 0.700254 0.494632 -0.301370 -0.417326
1305031468.859659 1.498218 0.392699 1.657989 0.685807 0.506447 -0.302511 -0.426224
1305031468.928141 1.477398 0.404150 1.673917 0.694945 0.502811 -0.290623 -0.423994
1305031469.027699 1.447233 0.420876 1.684449 0.714690 0.515687 -0.264961 -0.391255
1305031469.127679 1.417608 0.439025 1.682951 0.720016 0.541022 -0.234589 -0.365841
1305031469.227754 1.389069 0.459484 1.671588 0.726861 0.548691 -0.206215 -0.357893
1305031469.327618 1.363201 0.476750 1.651347 0.732398 0.555128 -0.187528 -0.346786
1305031469.427651 1.340917 0.490173 1.620965 0.735138 0.559668 -0.151214 -0.351395
1305031469.527622 1.322776 0.501464 1.582951 0.734694 0.565046 -0.135350 -0.350184
1305031469.627752 1.308772 0.509072 1.536016 0.744057 0.566069 -0.129187 -0.330538
1305031469.727679 1.294920 0.508964 1.486295 0.754055 0.560493 -0.115461 -0.322363
1305031469.827526 1.280418 0.496456 1.435438 0.764874 0.555512 -0.110655 -0.306806
1305031469.927854 1.266161 0.470982 1.386420 0.773218 0.551352 -0.112511 -0.292380
1305031470.027694 1.250968 0.434624 1.343470 0.776591 0.548931 -0.117364 -0.286018
1305031470.127633 1.236773 0.391342 1.309184 0.782083 0.544813 -0.115288 -0.279704
1305031470.227618 1.222217 0.344916 1.282389 0.789671 0.537388 -0.117338 -0.271784
1305031470.327644 1.205928 0.298574 1.259313 0.799641 0.531277 -0.112520 -0.256237
1305031470.427641 1.188393 0.253212 1.242998 0.804762 0.527425 -0.115015 -0.246887
1305031470.527689 1.169569 0.212486 1.232366 0.805235 0.526213 -0.117855 -0.246588
1305031470.627729 1.150186 0.178870 1.222801 0.811973 0.518168 -0.116926 -0.241929
1305031470.727654 1.129624 0.150863 1.215011 0.818071 0.509994 -0.118975 -0.237720
1305031470.859645 1.104130 0.120042 1.212297 0.827418 0.492377 -0.117604 -0.243133
1305031470.927684 1.090367 0.104620 1.215230 0.828827 0.484953 -0.126832 -0.248557
1305031471.027644 1.070050 0.084829 1.224850 0.826033 0.474419 -0.136614 -0.271905
1305031471.127663 1.051419 0.068946 1.235904 0.828563 0.456636 -0.145581 -0.289436
1305031471.227569 1.033977 0.055504 1.242188 0.836068 0.439824 -0.144702 -0.294291
1305031471.327642 1.018615 0.043523 1.247396 0.841545 0.425066 -0.140759 -0.302173
1305031471.427704 1.008066 0.033593 1.254698 0.848462 0.407419 -0.133999 -0.310106
1305031471.527624 0.997960 0.022456 1.261344 0.854602 0.395447 -0.135802 -0.307953
1305031471.627621 0.992460 0.010671 1.268448 0.859733 0.384633 -0.125682 -0.311642
1305031471.727501 0.990539 0.001629 1.274124 0.866369 0.368545 -0.119298 -0.315194
1305031471.827639 0.989998 -0.005678 1.274671 0.877392 0.345593 -0.111172 -0.313673
1305031471.927651 0.986628 -0.015435 1.269716 0.888704 0.326855 -0.100857 -0.305286
1305031472.027638 0.980442 -0.026416 1.263230 0.896340 0.313141 -0.082433 -0.302857
1305031472.127594 0.972292 -0.036905 1.256345 0.902514 0.299440 -0.074053 -0.300533
1305031472.227626 0.963906 -0.045303 1.254383 0.904401 0.288551 -0.074865 -0.305274
1305031472.327678 0.959392 -0.049443 1.257792 0.901421 0.281303 -0.076244 -0.320151
1305031472.427686 0.955005 -0.048473 1.262350 0.901504 0.280210 -0.081907 -0.319474
1305031472.527625 0.952815 -0.043581 1.268931 0.901879 0.278881 -0.079057 -0.320296
1305031472.627701 0.952945 -0.035795 1.276413 0.900859 0.274739 -0.086679 -0.324743
1305031472.727628 0.952924 -0.026233 1.282178 0.899716 0.273120 -0.091587 -0.327916
1305031472.827627 0.951412 -0.017295 1.286324 0.897478 0.274253 -0.090305 -0.333413
1305031472.927685 0.949489 -0.010281 1.287619 0.898530 0.271130 -0.094978 -0.331832
1305031473.027638 0.947717 -0.006681 1.287035 0.899418 0.270832 -0.096867 -0.329112
1305031473.127744 0.945914 -0.004750 1.287395 0.898490 0.273882 -0.093342 -0.330138
